6 0.255859375 0.23125 0.01796875 0.04583333333333333
6 0.4375 0.1451388888888889 0.0171875 0.034722222222222224
6 0.2546875 0.9756944444444444 0.021875 0.0375
6 0.421875 0.10416666666666667 0.0140625 0.030555555555555555
6 0.444921875 0.10416666666666667 0.00703125 0.03888888888888889
6 0.646484375 0.7958333333333333 0.03203125 0.06388888888888888
6 0.73203125 0.8826388888888889 0.03125 0.06527777777777778
6 0.631640625 0.6055555555555555 0.02734375 0.05
6 0.548828125 0.2076388888888889 0.01171875 0.029166666666666667
6 0.57578125 0.13194444444444445 0.0140625 0.027777777777777776
6 0.18203125 0.24513888888888888 0.0140625 0.03194444444444444
6 0.212109375 0.21805555555555556 0.01484375 0.027777777777777776
6 0.20078125 0.40625 0.0203125 0.029166666666666667
6 0.982421875 0.9756944444444444 0.03046875 0.043055555555555555
