6 0.687890625 0.7548611111111111 0.01796875 0.05138888888888889
6 0.263671875 0.5888888888888889 0.01484375 0.027777777777777776
6 0.275390625 0.4326388888888889 0.01015625 0.02638888888888889
6 0.27265625 0.3388888888888889 0.009375 0.022222222222222223
6 0.27578125 0.30277777777777776 0.009375 0.022222222222222223
6 0.281640625 0.28125 0.00859375 0.02638888888888889
6 0.307421875 0.2701388888888889 0.01171875 0.02361111111111111
6 0.33046875 0.28194444444444444 0.009375 0.022222222222222223
6 0.32109375 0.25416666666666665 0.0078125 0.022222222222222223
6 0.2859375 0.24166666666666667 0.009375 0.025
6 0.287890625 0.1486111111111111 0.01015625 0.022222222222222223
6 0.421484375 0.5069444444444444 0.01328125 0.03888888888888889
6 0.7609375 0.9215277777777777 0.0171875 0.02638888888888889
6 0.615625 0.8645833333333334 0.0171875 0.04583333333333333
6 0.57109375 0.89375 0.015625 0.05138888888888889
6 0.646875 0.7152777777777778 0.0140625 0.041666666666666664
6 0.54296875 0.6486111111111111 0.0140625 0.044444444444444446
6 0.54609375 0.58125 0.0125 0.043055555555555555
6 0.664453125 0.5326388888888889 0.01484375 0.04027777777777778
6 0.635546875 0.37569444444444444 0.01328125 0.04027777777777778
6 0.50234375 0.36736111111111114 0.0109375 0.034722222222222224
6 0.591015625 0.09444444444444444 0.00859375 0.030555555555555555
6 0.588671875 0.06388888888888888 0.00859375 0.022222222222222223
6 0.059375 0.8208333333333333 0.0140625 0.027777777777777776
6 0.898046875 0.3215277777777778 0.01171875 0.03194444444444444
6 0.916015625 0.32569444444444445 0.02265625 0.034722222222222224
6 0.934765625 0.32222222222222224 0.01953125 0.03333333333333333
6 0.95703125 0.3229166666666667 0.0234375 0.02638888888888889
6 0.9671875 0.3402777777777778 0.009375 0.03611111111111111
6 0.658203125 0.12638888888888888 0.01015625 0.03333333333333333
