6 0.730859375 0.42986111111111114 0.02421875 0.059722222222222225
6 0.562890625 0.5034722222222222 0.02890625 0.04861111111111111
6 0.17109375 0.5854166666666667 0.028125 0.04027777777777778
6 0.87265625 0.8708333333333333 0.028125 0.06388888888888888
6 0.4078125 0.21458333333333332 0.01875 0.03194444444444444
6 0.449609375 0.1597222222222222 0.02109375 0.03611111111111111
6 0.3796875 0.16111111111111112 0.021875 0.03333333333333333
6 0.398046875 0.09444444444444444 0.01796875 0.03611111111111111
6 0.199609375 0.16666666666666666 0.01640625 0.025
6 0.190234375 0.13680555555555557 0.01953125 0.02638888888888889
6 0.183203125 0.08541666666666667 0.01796875 0.02638888888888889
6 0.11640625 0.09652777777777778 0.0171875 0.034722222222222224
