6 0.61015625 0.7340277777777777 0.01875 0.05138888888888889
6 0.601171875 0.6256944444444444 0.01484375 0.043055555555555555
6 0.313671875 0.2375 0.01015625 0.025
6 0.321875 0.20902777777777778 0.009375 0.02638888888888889
6 0.322265625 0.17847222222222223 0.00859375 0.020833333333333332
6 0.369921875 0.47291666666666665 0.01328125 0.03194444444444444
6 0.3140625 0.5458333333333333 0.0125 0.030555555555555555
6 0.343359375 0.4013888888888889 0.01015625 0.025
6 0.346875 0.3680555555555556 0.009375 0.025
6 0.293359375 0.12013888888888889 0.00859375 0.018055555555555554
6 0.2828125 0.059722222222222225 0.0078125 0.016666666666666666
6 0.444921875 0.11944444444444445 0.01015625 0.025
6 0.366796875 0.975 0.02109375 0.041666666666666664
6 0.582421875 0.24375 0.01171875 0.018055555555555554
6 0.209765625 0.4722222222222222 0.01171875 0.027777777777777776
6 0.277734375 0.010416666666666666 0.00546875 0.015277777777777777
6 0.4203125 0.011805555555555555 0.0078125 0.020833333333333332
6 0.4578125 0.019444444444444445 0.009375 0.025
6 0.466796875 0.041666666666666664 0.00859375 0.022222222222222223
