6 0.6140625 0.5826388888888889 0.015625 0.04583333333333333
6 0.571875 0.4888888888888889 0.0171875 0.041666666666666664
6 0.338671875 0.5965277777777778 0.01796875 0.0375
6 0.759375 0.6618055555555555 0.021875 0.05416666666666667
6 0.5515625 0.5097222222222222 0.015625 0.04722222222222222
6 0.55078125 0.5618055555555556 0.0203125 0.043055555555555555
6 0.314453125 0.5930555555555556 0.01953125 0.041666666666666664
6 0.4171875 0.2375 0.0109375 0.030555555555555555
6 0.464453125 0.22708333333333333 0.01015625 0.034722222222222224
6 0.414453125 0.2013888888888889 0.01171875 0.022222222222222223
6 0.391015625 0.11527777777777778 0.01015625 0.025
6 0.437109375 0.11944444444444445 0.01171875 0.027777777777777776
6 0.291796875 0.3597222222222222 0.01328125 0.03333333333333333
6 0.3015625 0.33125 0.0125 0.02638888888888889
6 0.283203125 0.3 0.01171875 0.030555555555555555
6 0.311328125 0.2847222222222222 0.01171875 0.03333333333333333
6 0.366796875 0.41805555555555557 0.01171875 0.030555555555555555
6 0.2296875 0.11041666666666666 0.0109375 0.02361111111111111
6 0.177734375 0.05763888888888889 0.00859375 0.020833333333333332
6 0.30703125 0.029861111111111113 0.009375 0.02361111111111111
6 0.813671875 0.8236111111111111 0.01796875 0.05277777777777778
6 0.83046875 0.8743055555555556 0.015625 0.05138888888888889
6 0.33359375 0.9277777777777778 0.01875 0.04722222222222222
6 0.58203125 0.8166666666666667 0.0203125 0.030555555555555555
6 0.75078125 0.6236111111111111 0.0140625 0.044444444444444446
6 0.719140625 0.5402777777777777 0.01796875 0.044444444444444446
6 0.803125 0.8451388888888889 0.015625 0.02638888888888889
6 0.78828125 0.7361111111111112 0.0203125 0.05277777777777778
6 0.072265625 0.375 0.01171875 0.03333333333333333
6 0.06640625 0.2611111111111111 0.0125 0.025
6 0.042578125 0.2659722222222222 0.01953125 0.04027777777777778
6 0.033203125 0.14791666666666667 0.01171875 0.02361111111111111
6 0.037890625 0.12569444444444444 0.01015625 0.029166666666666667
6 0.012890625 0.1125 0.01171875 0.019444444444444445
6 0.43359375 0.22291666666666668 0.0109375 0.03194444444444444
6 0.432421875 0.07708333333333334 0.01015625 0.029166666666666667
6 0.444921875 0.01597222222222222 0.01328125 0.029166666666666667
