6 0.822265625 0.4755520504731861 0.03671875 0.10883280757097792
6 0.787109375 0.3785488958990536 0.03203125 0.10410094637223975
6 0.50390625 0.19558359621451105 0.01875 0.05362776025236593
6 0.70625 0.07728706624605679 0.015625 0.050473186119873815
6 0.86640625 0.6758675078864353 0.046875 0.14353312302839116
6 0.73984375 0.3501577287066246 0.03125 0.10410094637223975
6 0.295703125 0.527602523659306 0.03671875 0.08990536277602523
6 0.905859375 0.5867507886435331 0.04140625 0.13249211356466878
6 0.84375 0.4022082018927445 0.0328125 0.11356466876971609
6 0.6953125 0.04416403785488959 0.0109375 0.04100946372239748
6 0.728515625 0.033123028391167195 0.01328125 0.03785488958990536
