6 0.519921875 0.09583333333333334 0.01484375 0.03611111111111111
6 0.61953125 0.17291666666666666 0.015625 0.04861111111111111
6 0.46875 0.12708333333333333 0.0140625 0.03194444444444444
6 0.38125 0.15069444444444444 0.015625 0.0375
6 0.485546875 0.33819444444444446 0.02109375 0.06527777777777778
6 0.589453125 0.1361111111111111 0.01484375 0.044444444444444446
6 0.4015625 0.25833333333333336 0.0203125 0.044444444444444446
6 0.625390625 0.14444444444444443 0.01484375 0.044444444444444446
6 0.566796875 0.10972222222222222 0.01640625 0.03611111111111111
6 0.424609375 0.12708333333333333 0.01328125 0.02638888888888889
6 0.471484375 0.034027777777777775 0.01015625 0.03194444444444444
