6 0.924609375 0.6632492113564669 0.05390625 0.14037854889589904
6 0.79296875 0.27287066246056785 0.0234375 0.07570977917981073
6 0.4265625 0.20662460567823343 0.01875 0.05362776025236593
6 0.731640625 0.2870662460567823 0.02734375 0.08832807570977919
6 0.50390625 0.10646687697160884 0.0140625 0.03943217665615142
6 0.742578125 0.23107255520504733 0.02265625 0.06782334384858044
6 0.82890625 0.5717665615141956 0.04375 0.14037854889589904
6 0.633203125 0.030757097791798107 0.01328125 0.04258675078864353
6 0.727734375 0.15851735015772872 0.01953125 0.06782334384858044
6 0.532421875 0.05993690851735016 0.00859375 0.028391167192429023
