6 0.368359375 0.8902777777777777 0.02265625 0.05277777777777778
6 0.602734375 0.6666666666666666 0.01796875 0.06111111111111111
6 0.51640625 0.22777777777777777 0.0140625 0.03611111111111111
6 0.4671875 0.21319444444444444 0.0140625 0.0375
6 0.43359375 0.15347222222222223 0.0140625 0.0375
6 0.489453125 0.13472222222222222 0.01484375 0.03611111111111111
6 0.336328125 0.8083333333333333 0.02109375 0.044444444444444446
6 0.702734375 0.8854166666666666 0.03046875 0.043055555555555555
6 0.3109375 0.6875 0.01875 0.05
6 0.3453125 0.6826388888888889 0.0171875 0.04583333333333333
6 0.32734375 0.4618055555555556 0.01875 0.043055555555555555
6 0.357421875 0.44722222222222224 0.01796875 0.05277777777777778
6 0.301171875 0.4409722222222222 0.01953125 0.04583333333333333
6 0.315625 0.39375 0.0171875 0.03194444444444444
6 0.353515625 0.3215277777777778 0.01796875 0.04027777777777778
6 0.302734375 0.3402777777777778 0.01796875 0.04722222222222222
6 0.28359375 0.3576388888888889 0.015625 0.04027777777777778
6 0.28203125 0.30694444444444446 0.015625 0.03611111111111111
6 0.277734375 0.225 0.01953125 0.03611111111111111
6 0.321875 0.17569444444444443 0.015625 0.0375
6 0.27421875 0.12361111111111112 0.0109375 0.03333333333333333
6 0.60390625 0.16944444444444445 0.0125 0.027777777777777776
6 0.623046875 0.06944444444444445 0.00859375 0.025
6 0.525390625 0.07291666666666667 0.00859375 0.02638888888888889
6 0.550390625 0.04722222222222222 0.00859375 0.025
6 0.519140625 0.05277777777777778 0.00859375 0.025
6 0.5359375 0.050694444444444445 0.0078125 0.018055555555555554
6 0.225 0.23680555555555555 0.021875 0.029166666666666667
6 0.215234375 0.29305555555555557 0.01953125 0.025
6 0.2125 0.2520833333333333 0.0171875 0.02361111111111111
6 0.17421875 0.3625 0.0234375 0.03611111111111111
