6 0.556640625 0.7409722222222223 0.02265625 0.04583333333333333
6 0.49765625 0.7493055555555556 0.0140625 0.029166666666666667
6 0.578125 0.5763888888888888 0.0171875 0.03611111111111111
6 0.50625 0.6118055555555556 0.0109375 0.02638888888888889
6 0.843359375 0.69375 0.02578125 0.059722222222222225
6 0.582421875 0.5444444444444444 0.01015625 0.027777777777777776
6 0.546484375 0.4201388888888889 0.01953125 0.03194444444444444
6 0.570703125 0.275 0.01015625 0.025
6 0.94375 0.4131944444444444 0.0203125 0.029166666666666667
6 0.9796875 0.4076388888888889 0.0203125 0.03194444444444444
6 0.725 0.024305555555555556 0.0171875 0.029166666666666667
6 0.896484375 0.04722222222222222 0.01171875 0.019444444444444445
6 0.932421875 0.08333333333333333 0.01171875 0.019444444444444445
