6 0.06640625 0.26458333333333334 0.0203125 0.03194444444444444
6 0.2703125 0.08819444444444445 0.0203125 0.05416666666666667
6 0.183984375 0.26666666666666666 0.01328125 0.027777777777777776
6 0.172265625 0.6048611111111111 0.02421875 0.03194444444444444
6 0.128515625 0.7916666666666666 0.01953125 0.05277777777777778
6 0.36015625 0.075 0.0140625 0.022222222222222223
6 0.320703125 0.6125 0.01796875 0.03333333333333333
6 0.355859375 0.5833333333333334 0.01796875 0.03333333333333333
6 0.390625 0.5770833333333333 0.015625 0.02361111111111111
6 0.480078125 0.8277777777777777 0.01796875 0.022222222222222223
6 0.52578125 0.7777777777777778 0.021875 0.04722222222222222
6 0.39765625 0.5284722222222222 0.0171875 0.03194444444444444
6 0.420703125 0.5236111111111111 0.01796875 0.03333333333333333
6 0.439453125 0.5409722222222222 0.01640625 0.020833333333333332
6 0.469921875 0.41875 0.01015625 0.02361111111111111
6 0.50546875 0.5069444444444444 0.021875 0.03611111111111111
6 0.52734375 0.4888888888888889 0.0203125 0.03888888888888889
6 0.56328125 0.36875 0.0140625 0.029166666666666667
6 0.59765625 0.25625 0.01875 0.029166666666666667
6 0.6296875 0.8298611111111112 0.0203125 0.034722222222222224
6 0.77421875 0.8076388888888889 0.015625 0.0375
6 0.68203125 0.4486111111111111 0.015625 0.03888888888888889
6 0.679296875 0.5159722222222223 0.01328125 0.03194444444444444
6 0.958984375 0.3951388888888889 0.01796875 0.029166666666666667
6 0.9375 0.34444444444444444 0.01875 0.027777777777777776
6 0.883203125 0.4215277777777778 0.01953125 0.043055555555555555
6 0.9515625 0.23194444444444445 0.015625 0.03333333333333333
6 0.955078125 0.1527777777777778 0.02109375 0.03611111111111111
6 0.839453125 0.21319444444444444 0.01328125 0.02361111111111111
6 0.819140625 0.15069444444444444 0.01171875 0.02361111111111111
6 0.84296875 0.16597222222222222 0.0140625 0.02361111111111111
6 0.4546875 0.5256944444444445 0.0140625 0.0375
6 0.660546875 0.48680555555555555 0.01640625 0.02361111111111111
6 0.776953125 0.46944444444444444 0.01640625 0.03333333333333333
6 0.65546875 0.42291666666666666 0.01875 0.029166666666666667
6 0.22421875 0.225 0.0234375 0.044444444444444446
6 0.6625 0.45625 0.01875 0.029166666666666667
6 0.6875 0.5284722222222222 0.0125 0.03194444444444444
6 0.44296875 0.49930555555555556 0.015625 0.020833333333333332
6 0.95546875 0.10625 0.015625 0.02361111111111111
