6 0.059375 0.1673611111111111 0.01875 0.03194444444444444
6 0.040234375 0.1125 0.01328125 0.03611111111111111
6 0.8703125 0.47430555555555554 0.0171875 0.043055555555555555
6 0.862109375 0.75625 0.01796875 0.0375
6 0.866796875 0.8131944444444444 0.02578125 0.03194444444444444
6 0.7765625 0.17708333333333334 0.0109375 0.029166666666666667
6 0.452734375 0.12916666666666668 0.01953125 0.027777777777777776
6 0.637890625 0.18888888888888888 0.01015625 0.022222222222222223
6 0.625390625 0.15763888888888888 0.01171875 0.02638888888888889
6 0.10390625 0.17708333333333334 0.0203125 0.029166666666666667
6 0.679296875 0.24861111111111112 0.02109375 0.03333333333333333
6 0.751171875 0.30972222222222223 0.01796875 0.03611111111111111
6 0.697265625 0.47847222222222224 0.01328125 0.02361111111111111
6 0.457421875 0.6402777777777777 0.01953125 0.03611111111111111
6 0.74296875 0.8180555555555555 0.028125 0.030555555555555555
6 0.566015625 0.49375 0.01328125 0.02361111111111111
6 0.601953125 0.6659722222222222 0.01640625 0.0375
