6 0.328515625 0.48055555555555557 0.01640625 0.044444444444444446
6 0.625 0.3076388888888889 0.0140625 0.04027777777777778
6 0.262109375 0.42430555555555555 0.03984375 0.04861111111111111
6 0.3953125 0.2 0.009375 0.022222222222222223
6 0.42578125 0.1638888888888889 0.0109375 0.027777777777777776
6 0.54609375 0.02013888888888889 0.00625 0.015277777777777777
6 0.53359375 0.07430555555555556 0.00625 0.02361111111111111
6 0.5359375 0.08680555555555555 0.0078125 0.02361111111111111
6 0.593359375 0.12708333333333333 0.01953125 0.02361111111111111
6 0.625 0.23472222222222222 0.0125 0.03611111111111111
6 0.587109375 0.2513888888888889 0.01171875 0.03611111111111111
