6 0.520703125 0.278391167192429 0.01640625 0.052050473186119876
6 0.7515625 0.4242902208201893 0.0296875 0.08832807570977919
6 0.37265625 0.3028391167192429 0.021875 0.06309148264984227
6 0.459765625 0.10962145110410094 0.01171875 0.033123028391167195
6 0.4375 0.2531545741324921 0.0171875 0.04889589905362776
6 0.50703125 0.24290220820189273 0.0140625 0.050473186119873815
6 0.515625 0.10094637223974763 0.0109375 0.031545741324921134
6 0.53984375 0.08280757097791798 0.0109375 0.026813880126182965
6 0.6578125 0.08201892744479496 0.0125 0.03785488958990536
6 0.628515625 0.01025236593059937 0.00859375 0.02050473186119874
6 0.610546875 0.01025236593059937 0.00859375 0.02050473186119874
