6 0.405078125 0.17083333333333334 0.01484375 0.044444444444444446
6 0.759765625 0.3902777777777778 0.04296875 0.08888888888888889
6 0.447265625 0.08333333333333333 0.01328125 0.03611111111111111
6 0.40390625 0.06180555555555556 0.0109375 0.03194444444444444
6 0.428125 0.06041666666666667 0.0109375 0.02638888888888889
6 0.438671875 0.1701388888888889 0.01796875 0.04583333333333333
6 0.565625 0.0763888888888889 0.015625 0.03888888888888889
6 0.712890625 0.2604166666666667 0.02421875 0.0763888888888889
6 0.6671875 0.22847222222222222 0.0203125 0.0625
6 0.790234375 0.3541666666666667 0.03671875 0.08611111111111111
6 0.578515625 0.06875 0.01484375 0.04027777777777778
6 0.447265625 0.050694444444444445 0.01328125 0.018055555555555554
6 0.464453125 0.022916666666666665 0.01171875 0.020833333333333332
