6 0.0234375 0.8583333333333333 0.0453125 0.13333333333333333
6 0.431640625 0.3645833333333333 0.03984375 0.08194444444444444
6 0.548828125 0.5236111111111111 0.04453125 0.07777777777777778
6 0.873046875 0.3055555555555556 0.01953125 0.06666666666666667
6 0.509375 0.4465277777777778 0.0375 0.07361111111111111
6 0.65625 0.17708333333333334 0.021875 0.0375
6 0.69375 0.44027777777777777 0.0328125 0.06388888888888888
6 0.530859375 0.34652777777777777 0.03671875 0.059722222222222225
6 0.748046875 0.16875 0.01640625 0.03194444444444444
6 0.971875 0.16458333333333333 0.01875 0.05416666666666667
6 0.90546875 0.1763888888888889 0.01875 0.05555555555555555
