6 0.250390625 0.7944444444444444 0.04296875 0.06666666666666667
6 0.270703125 0.6680555555555555 0.03203125 0.06666666666666667
6 0.4421875 0.3909722222222222 0.025 0.043055555555555555
6 0.373046875 0.3368055555555556 0.02109375 0.04027777777777778
6 0.42265625 0.3055555555555556 0.01875 0.03333333333333333
6 0.355078125 0.10486111111111111 0.01484375 0.029166666666666667
6 0.4046875 0.09652777777777778 0.0125 0.02638888888888889
6 0.4515625 0.09027777777777778 0.0109375 0.025
6 0.415234375 0.052083333333333336 0.01015625 0.018055555555555554
6 0.42109375 0.09930555555555555 0.0109375 0.0125
