6 0.404296875 0.6909722222222222 0.01171875 0.020833333333333332
6 0.373046875 0.47638888888888886 0.01015625 0.016666666666666666
6 0.466796875 0.41875 0.00703125 0.018055555555555554
6 0.567578125 0.38055555555555554 0.00703125 0.025
6 0.653515625 0.41875 0.00703125 0.02361111111111111
6 0.2875 0.35625 0.0078125 0.018055555555555554
6 0.278515625 0.33541666666666664 0.00546875 0.015277777777777777
6 0.723828125 0.3194444444444444 0.00859375 0.019444444444444445
6 0.573046875 0.3458333333333333 0.00703125 0.025
6 0.54453125 0.18611111111111112 0.0046875 0.016666666666666666
6 0.55625 0.17708333333333334 0.0046875 0.0125
6 0.458203125 0.4152777777777778 0.00703125 0.019444444444444445
6 0.3328125 0.1798611111111111 0.00625 0.0125
6 0.38359375 0.44930555555555557 0.0078125 0.015277777777777777
6 0.380078125 0.4305555555555556 0.00546875 0.013888888888888888
6 0.2734375 0.8131944444444444 0.0125 0.02361111111111111
6 0.28828125 0.8541666666666666 0.0125 0.022222222222222223
6 0.31171875 0.5291666666666667 0.0078125 0.016666666666666666
6 0.301171875 0.5138888888888888 0.00703125 0.016666666666666666
6 0.273046875 0.4652777777777778 0.00703125 0.016666666666666666
6 0.4375 0.12222222222222222 0.0046875 0.011111111111111112
6 0.4734375 0.1625 0.0046875 0.011111111111111112
6 0.46953125 0.14027777777777778 0.0046875 0.011111111111111112
6 0.465625 0.13194444444444445 0.0046875 0.011111111111111112
6 0.429296875 0.07083333333333333 0.00390625 0.011111111111111112
6 0.23828125 0.7701388888888889 0.0109375 0.02638888888888889
6 0.2875 0.6229166666666667 0.009375 0.020833333333333332
6 0.6734375 0.20347222222222222 0.00625 0.015277777777777777
6 0.715625 0.3416666666666667 0.00625 0.019444444444444445
6 0.711328125 0.40208333333333335 0.00546875 0.018055555555555554
6 0.743359375 0.9597222222222223 0.01015625 0.03333333333333333
6 0.750390625 0.47430555555555554 0.00546875 0.02361111111111111
6 0.63671875 0.26180555555555557 0.0078125 0.018055555555555554
6 0.626953125 0.22916666666666666 0.00546875 0.019444444444444445
