6 0.717578125 0.27602523659305994 0.01796875 0.06309148264984227
6 0.830859375 0.7350157728706624 0.05234375 0.15772870662460567
6 0.53984375 0.5118296529968455 0.0265625 0.0804416403785489
6 0.675390625 0.15141955835962145 0.01328125 0.04100946372239748
6 0.33046875 0.4960567823343849 0.0265625 0.06782334384858044
6 0.42265625 0.3714511041009464 0.0234375 0.06466876971608833
6 0.54453125 0.18533123028391169 0.0125 0.03627760252365931
6 0.651953125 0.11829652996845426 0.01171875 0.03470031545741325
6 0.48046875 0.11750788643533124 0.009375 0.02996845425867508
6 0.47265625 0.14274447949526814 0.0125 0.026813880126182965
6 0.5203125 0.07807570977917981 0.009375 0.026813880126182965
6 0.536328125 0.04810725552050473 0.00703125 0.02050473186119874
6 0.60859375 0.030757097791798107 0.009375 0.02365930599369085
6 0.63984375 0.10646687697160884 0.0125 0.03943217665615142
