6 0.441015625 0.6041666666666666 0.01015625 0.019444444444444445
6 0.29375 0.8965277777777778 0.0171875 0.029166666666666667
6 0.30703125 0.7986111111111112 0.0125 0.027777777777777776
6 0.4515625 0.6166666666666667 0.0140625 0.025
6 0.265625 0.9534722222222223 0.0171875 0.0375
6 0.36171875 0.925 0.0171875 0.030555555555555555
6 0.365234375 0.7458333333333333 0.01171875 0.027777777777777776
6 0.38828125 0.6465277777777778 0.0125 0.02638888888888889
6 0.4859375 0.4652777777777778 0.0109375 0.019444444444444445
6 0.480078125 0.4076388888888889 0.00859375 0.018055555555555554
6 0.5109375 0.3854166666666667 0.0078125 0.015277777777777777
6 0.499609375 0.3680555555555556 0.00703125 0.016666666666666666
6 0.521875 0.3388888888888889 0.0078125 0.016666666666666666
6 0.48828125 0.36875 0.0078125 0.015277777777777777
6 0.5046875 0.23472222222222222 0.00625 0.013888888888888888
6 0.52109375 0.1798611111111111 0.0078125 0.015277777777777777
6 0.561328125 0.7361111111111112 0.01484375 0.025
6 0.615234375 0.7979166666666667 0.01328125 0.034722222222222224
6 0.59453125 0.5395833333333333 0.0171875 0.029166666666666667
6 0.6921875 0.43680555555555556 0.0078125 0.02361111111111111
6 0.37109375 0.13541666666666666 0.00625 0.0125
6 0.35859375 0.15694444444444444 0.00625 0.013888888888888888
6 0.355078125 0.12569444444444444 0.00546875 0.0125
6 0.3703125 0.2569444444444444 0.0078125 0.016666666666666666
6 0.394140625 0.37916666666666665 0.00859375 0.019444444444444445
6 0.4859375 0.4388888888888889 0.0078125 0.016666666666666666
6 0.289453125 0.7479166666666667 0.01015625 0.02361111111111111
6 0.230078125 0.6854166666666667 0.01171875 0.03194444444444444
6 0.31796875 0.2590277777777778 0.00625 0.015277777777777777
6 0.34296875 0.022222222222222223 0.00625 0.011111111111111112
6 0.519140625 0.1423611111111111 0.00546875 0.0125
6 0.473828125 0.11319444444444444 0.00546875 0.009722222222222222
6 0.499609375 0.11597222222222223 0.00546875 0.0125
6 0.570703125 0.11944444444444445 0.00546875 0.013888888888888888
6 0.71015625 0.25625 0.0078125 0.018055555555555554
