6 0.73359375 0.8979166666666667 0.01875 0.05694444444444444
6 0.284375 0.8673611111111111 0.0140625 0.034722222222222224
6 0.270703125 0.45416666666666666 0.01640625 0.03611111111111111
6 0.439453125 0.6270833333333333 0.01796875 0.04861111111111111
6 0.28125 0.3458333333333333 0.0109375 0.022222222222222223
6 0.282421875 0.2763888888888889 0.01015625 0.022222222222222223
6 0.33125 0.21736111111111112 0.0078125 0.020833333333333332
6 0.3109375 0.21458333333333332 0.009375 0.020833333333333332
6 0.320703125 0.19791666666666666 0.00859375 0.02638888888888889
6 0.2859375 0.22708333333333333 0.0109375 0.02361111111111111
6 0.287890625 0.19583333333333333 0.01015625 0.022222222222222223
6 0.68203125 0.8527777777777777 0.015625 0.05
6 0.567578125 0.7083333333333334 0.01328125 0.044444444444444446
6 0.684765625 0.6194444444444445 0.01484375 0.041666666666666664
6 0.659765625 0.4875 0.01484375 0.03611111111111111
6 0.5203125 0.4479166666666667 0.0125 0.0375
6 0.6015625 0.14166666666666666 0.009375 0.027777777777777776
6 0.59375 0.12152777777777778 0.0078125 0.02638888888888889
6 0.587109375 0.03611111111111111 0.01015625 0.025
6 0.5703125 0.025694444444444443 0.0078125 0.02361111111111111
6 0.296875 0.0875 0.0078125 0.022222222222222223
6 0.9171875 0.31319444444444444 0.021875 0.029166666666666667
6 0.899609375 0.3111111111111111 0.01171875 0.03333333333333333
6 0.9359375 0.3090277777777778 0.01875 0.029166666666666667
6 0.95859375 0.31319444444444444 0.0234375 0.02638888888888889
6 0.969921875 0.32708333333333334 0.01015625 0.034722222222222224
6 0.66015625 0.12361111111111112 0.009375 0.027777777777777776
