6 0.853125 0.44513888888888886 0.040625 0.10138888888888889
6 0.733203125 0.3090277777777778 0.02734375 0.07083333333333333
6 0.671484375 0.23402777777777778 0.01953125 0.05694444444444444
6 0.515625 0.10486111111111111 0.015625 0.04027777777777778
6 0.43515625 0.13125 0.0140625 0.04027777777777778
6 0.778515625 0.2951388888888889 0.02265625 0.0763888888888889
6 0.395703125 0.11736111111111111 0.01328125 0.03194444444444444
6 0.625 0.2513888888888889 0.0265625 0.06388888888888888
6 0.391796875 0.07847222222222222 0.01328125 0.02638888888888889
6 0.40078125 0.04236111111111111 0.009375 0.020833333333333332
6 0.436328125 0.03958333333333333 0.00859375 0.02361111111111111
