6 0.576953125 0.7166666666666667 0.01015625 0.03888888888888889
6 0.328125 0.8597222222222223 0.0171875 0.030555555555555555
6 0.226953125 0.8506944444444444 0.01640625 0.034722222222222224
6 0.58203125 0.6361111111111111 0.0109375 0.03888888888888889
6 0.557421875 0.5777777777777777 0.01015625 0.03888888888888889
6 0.569140625 0.49722222222222223 0.01015625 0.030555555555555555
6 0.558984375 0.4166666666666667 0.01015625 0.025
6 0.66796875 0.3680555555555556 0.009375 0.025
6 0.537109375 0.23819444444444443 0.00703125 0.02361111111111111
6 0.559765625 0.12013888888888889 0.00546875 0.018055555555555554
6 0.555078125 0.09930555555555555 0.00546875 0.018055555555555554
6 0.545703125 0.09722222222222222 0.00546875 0.016666666666666666
6 0.541796875 0.11319444444444444 0.00546875 0.018055555555555554
6 0.537109375 0.09097222222222222 0.00546875 0.018055555555555554
6 0.4234375 0.5659722222222222 0.0125 0.029166666666666667
6 0.41015625 0.5020833333333333 0.0125 0.029166666666666667
6 0.465625 0.2520833333333333 0.00625 0.020833333333333332
6 0.4578125 0.21736111111111112 0.00625 0.020833333333333332
6 0.4796875 0.15833333333333333 0.00625 0.013888888888888888
6 0.486328125 0.16944444444444445 0.00546875 0.013888888888888888
6 0.4703125 0.1527777777777778 0.00625 0.013888888888888888
6 0.45859375 0.14027777777777778 0.00625 0.013888888888888888
6 0.466796875 0.12777777777777777 0.00546875 0.013888888888888888
6 0.45859375 0.11527777777777778 0.00625 0.013888888888888888
6 0.459375 0.08194444444444444 0.00625 0.013888888888888888
6 0.4703125 0.059722222222222225 0.00625 0.013888888888888888
6 0.498046875 0.09861111111111111 0.00546875 0.013888888888888888
6 0.464453125 0.018055555555555554 0.00546875 0.013888888888888888
6 0.42734375 0.04583333333333333 0.00625 0.013888888888888888
6 0.33984375 0.4534722222222222 0.0125 0.029166666666666667
6 0.218359375 0.5888888888888889 0.00859375 0.019444444444444445
6 0.237890625 0.33125 0.00859375 0.020833333333333332
6 0.75703125 0.8076388888888889 0.009375 0.029166666666666667
6 0.74375 0.4027777777777778 0.00625 0.019444444444444445
6 0.734765625 0.40694444444444444 0.00703125 0.019444444444444445
6 0.74453125 0.43472222222222223 0.00625 0.019444444444444445
6 0.51484375 0.019444444444444445 0.00625 0.019444444444444445
6 0.647265625 0.23055555555555557 0.00859375 0.019444444444444445
6 0.685546875 0.1673611111111111 0.00703125 0.018055555555555554
6 0.730078125 0.5277777777777778 0.00859375 0.027777777777777776
