6 0.633984375 0.8944444444444445 0.01328125 0.030555555555555555
6 0.751953125 0.7868055555555555 0.01015625 0.0375
6 0.794140625 0.7694444444444445 0.01171875 0.03333333333333333
6 0.789453125 0.6430555555555556 0.01328125 0.030555555555555555
6 0.77421875 0.6125 0.0109375 0.030555555555555555
6 0.78125 0.5923611111111111 0.0109375 0.029166666666666667
6 0.7953125 0.5909722222222222 0.009375 0.02361111111111111
6 0.478515625 0.12569444444444444 0.00546875 0.0125
6 0.68515625 0.3277777777777778 0.00625 0.016666666666666666
6 0.66953125 0.3013888888888889 0.00625 0.011111111111111112
6 0.58125 0.1326388888888889 0.00625 0.018055555555555554
6 0.589453125 0.10694444444444444 0.00546875 0.016666666666666666
6 0.578125 0.08402777777777778 0.0078125 0.020833333333333332
6 0.523046875 0.9465277777777777 0.02421875 0.029166666666666667
6 0.79375 0.8201388888888889 0.0125 0.034722222222222224
6 0.779296875 0.5506944444444445 0.01015625 0.02361111111111111
6 0.771875 0.5131944444444444 0.009375 0.02638888888888889
6 0.73125 0.47430555555555554 0.009375 0.02638888888888889
6 0.624609375 0.05486111111111111 0.00703125 0.02638888888888889
6 0.601953125 0.5486111111111112 0.01015625 0.030555555555555555
6 0.484765625 0.010416666666666666 0.00546875 0.0125
