6 0.682421875 0.22634069400630916 0.01796875 0.061514195583596214
6 0.747265625 0.40930599369085174 0.02890625 0.08990536277602523
6 0.71640625 0.250788643533123 0.021875 0.0694006309148265
6 0.391796875 0.23659305993690852 0.01796875 0.05362776025236593
6 0.347265625 0.3509463722397476 0.02421875 0.06466876971608833
6 0.42734375 0.5512618296529969 0.028125 0.09305993690851735
6 0.7390625 0.25157728706624605 0.0203125 0.07097791798107256
6 0.401171875 0.3501577287066246 0.02265625 0.05993690851735016
6 0.68515625 0.13170347003154576 0.015625 0.04889589905362776
6 0.423828125 0.24053627760252366 0.01953125 0.052050473186119876
6 0.65234375 0.07965299684542587 0.0140625 0.03627760252365931
6 0.533203125 0.06466876971608833 0.01015625 0.028391167192429023
