6 0.4296875 0.17222222222222222 0.015625 0.041666666666666664
6 0.495703125 0.5743055555555555 0.03203125 0.09305555555555556
6 0.49921875 0.19930555555555557 0.01875 0.043055555555555555
6 0.390234375 0.14097222222222222 0.01484375 0.0375
6 0.465625 0.7076388888888889 0.0375 0.10416666666666667
6 0.414453125 0.09375 0.01171875 0.03194444444444444
6 0.595703125 0.13333333333333333 0.01640625 0.044444444444444446
6 0.470703125 0.22777777777777777 0.02109375 0.04722222222222222
6 0.487109375 0.1076388888888889 0.01328125 0.03194444444444444
6 0.626171875 0.1625 0.02265625 0.03888888888888889
6 0.576953125 0.11736111111111111 0.01640625 0.04583333333333333
6 0.398046875 0.07847222222222222 0.01171875 0.03194444444444444
6 0.4109375 0.04722222222222222 0.0109375 0.022222222222222223
