6 0.5515625 0.3680555555555556 0.0125 0.03333333333333333
6 0.696484375 0.6125 0.01484375 0.04722222222222222
6 0.581640625 0.5326388888888889 0.01796875 0.043055555555555555
6 0.644140625 0.7784722222222222 0.01796875 0.04583333333333333
6 0.33515625 0.29791666666666666 0.015625 0.03194444444444444
6 0.32265625 0.2361111111111111 0.0140625 0.027777777777777776
6 0.5265625 0.25555555555555554 0.0125 0.030555555555555555
6 0.5765625 0.27361111111111114 0.0140625 0.030555555555555555
6 0.558203125 0.22777777777777777 0.01171875 0.030555555555555555
6 0.566015625 0.21597222222222223 0.01015625 0.029166666666666667
6 0.34375 0.2590277777777778 0.0140625 0.02638888888888889
6 0.3453125 0.225 0.0125 0.016666666666666666
6 0.3671875 0.12777777777777777 0.0125 0.027777777777777776
6 0.449609375 0.03680555555555556 0.01015625 0.02361111111111111
6 0.322265625 0.16666666666666666 0.01015625 0.022222222222222223
6 0.316015625 0.14444444444444443 0.01015625 0.022222222222222223
6 0.336328125 0.1388888888888889 0.01015625 0.022222222222222223
6 0.317578125 0.11666666666666667 0.01015625 0.022222222222222223
6 0.317578125 0.07361111111111111 0.01015625 0.022222222222222223
6 0.3296875 0.11805555555555555 0.009375 0.022222222222222223
6 0.354296875 0.1 0.01015625 0.022222222222222223
6 0.365234375 0.09027777777777778 0.01015625 0.022222222222222223
6 0.28984375 0.27569444444444446 0.01875 0.03194444444444444
6 0.316015625 0.022222222222222223 0.01015625 0.019444444444444445
6 0.337890625 0.020833333333333332 0.00703125 0.016666666666666666
6 0.34765625 0.029166666666666667 0.009375 0.019444444444444445
6 0.578125 0.19236111111111112 0.009375 0.029166666666666667
6 0.578515625 0.24444444444444444 0.01328125 0.025
