6 0.5828125 0.6715277777777777 0.0140625 0.04583333333333333
6 0.455859375 0.5402777777777777 0.01015625 0.025
6 0.7390625 0.40069444444444446 0.0109375 0.03194444444444444
6 0.45078125 0.7902777777777777 0.015625 0.030555555555555555
6 0.4171875 0.7868055555555555 0.015625 0.029166666666666667
6 0.459765625 0.49236111111111114 0.01171875 0.029166666666666667
6 0.434765625 0.5 0.01015625 0.025
6 0.4203125 0.45694444444444443 0.0109375 0.027777777777777776
6 0.432421875 0.33194444444444443 0.01015625 0.019444444444444445
6 0.520703125 0.2875 0.01171875 0.027777777777777776
6 0.534765625 0.31527777777777777 0.01171875 0.027777777777777776
6 0.816796875 0.5965277777777778 0.01640625 0.0375
6 0.534765625 0.09027777777777778 0.00859375 0.022222222222222223
6 0.487890625 0.059722222222222225 0.00859375 0.019444444444444445
6 0.53984375 0.02013888888888889 0.0078125 0.020833333333333332
6 0.696484375 0.8805555555555555 0.01640625 0.044444444444444446
6 0.534375 0.006944444444444444 0.00625 0.013888888888888888
6 0.525390625 0.00625 0.00703125 0.0125
