6 0.348046875 0.6902777777777778 0.01484375 0.04722222222222222
6 0.358984375 0.5944444444444444 0.01484375 0.041666666666666664
6 0.46796875 0.7763888888888889 0.0140625 0.03333333333333333
6 0.519921875 0.7326388888888888 0.01171875 0.0375
6 0.50390625 0.7006944444444444 0.0140625 0.02361111111111111
6 0.730859375 0.7055555555555556 0.01640625 0.044444444444444446
6 0.641015625 0.5131944444444444 0.01328125 0.04027777777777778
6 0.645703125 0.48194444444444445 0.01171875 0.025
6 0.58671875 0.44166666666666665 0.0140625 0.041666666666666664
6 0.600390625 0.3402777777777778 0.01328125 0.03333333333333333
6 0.612890625 0.3125 0.01015625 0.03333333333333333
6 0.410546875 0.12986111111111112 0.00859375 0.02638888888888889
6 0.43359375 0.12708333333333333 0.009375 0.018055555555555554
6 0.45625 0.11527777777777778 0.0078125 0.019444444444444445
6 0.466015625 0.2611111111111111 0.01171875 0.030555555555555555
6 0.430078125 0.41388888888888886 0.01328125 0.03611111111111111
6 0.453515625 0.6645833333333333 0.01015625 0.034722222222222224
6 0.60703125 0.022222222222222223 0.0109375 0.025
6 0.640625 0.1451388888888889 0.0109375 0.02638888888888889
6 0.655859375 0.09652777777777778 0.01328125 0.02638888888888889
6 0.79296875 0.6083333333333333 0.025 0.05
6 0.78984375 0.35694444444444445 0.0140625 0.03333333333333333
6 0.758203125 0.12708333333333333 0.01015625 0.029166666666666667
6 0.728125 0.075 0.0078125 0.027777777777777776
6 0.38125 0.2638888888888889 0.0109375 0.027777777777777776
6 0.37265625 0.2902777777777778 0.0125 0.022222222222222223
6 0.350390625 0.33055555555555555 0.01015625 0.030555555555555555
6 0.119140625 0.5708333333333333 0.01640625 0.03333333333333333
6 0.1640625 0.3736111111111111 0.015625 0.030555555555555555
6 0.18671875 0.3277777777777778 0.0140625 0.030555555555555555
6 0.2 0.28194444444444444 0.015625 0.025
6 0.183203125 0.26458333333333334 0.01328125 0.02361111111111111
6 0.268359375 0.04375 0.01171875 0.02361111111111111
6 0.01328125 0.38125 0.009375 0.0375
