6 0.760546875 0.6826388888888889 0.01796875 0.059722222222222225
6 0.665625 0.4041666666666667 0.0140625 0.044444444444444446
6 0.575390625 0.43194444444444446 0.01640625 0.041666666666666664
6 0.491796875 0.2423611111111111 0.01171875 0.034722222222222224
6 0.4984375 0.19027777777777777 0.0109375 0.03333333333333333
6 0.469921875 0.1326388888888889 0.01015625 0.03194444444444444
6 0.46484375 0.08958333333333333 0.0125 0.029166666666666667
6 0.450390625 0.052083333333333336 0.01015625 0.02638888888888889
6 0.451953125 0.025694444444444443 0.00859375 0.02361111111111111
6 0.43671875 0.029166666666666667 0.0078125 0.025
6 0.54609375 0.19236111111111112 0.0109375 0.03194444444444444
6 0.53671875 0.15763888888888888 0.00625 0.02361111111111111
6 0.5875 0.2013888888888889 0.0109375 0.027777777777777776
6 0.59609375 0.22847222222222222 0.0078125 0.029166666666666667
6 0.30859375 0.1763888888888889 0.0109375 0.03333333333333333
6 0.298046875 0.05763888888888889 0.00859375 0.020833333333333332
6 0.42265625 0.7090277777777778 0.015625 0.04027777777777778
6 0.226953125 0.5638888888888889 0.02734375 0.03888888888888889
6 0.148828125 0.2375 0.01015625 0.025
6 0.1734375 0.08680555555555555 0.009375 0.0125
6 0.18359375 0.075 0.009375 0.025
