6 0.68359375 0.8861111111111111 0.0125 0.044444444444444446
6 0.717578125 0.6506944444444445 0.01328125 0.03194444444444444
6 0.62421875 0.5451388888888888 0.009375 0.02638888888888889
6 0.70546875 0.8881944444444444 0.0140625 0.043055555555555555
6 0.38203125 0.8236111111111111 0.0125 0.03333333333333333
6 0.7390625 0.9118055555555555 0.0140625 0.043055555555555555
6 0.727734375 0.9513888888888888 0.01328125 0.03333333333333333
6 0.7421875 0.95 0.0125 0.03333333333333333
6 0.754296875 0.9868055555555556 0.01328125 0.02638888888888889
6 0.726171875 0.9888888888888889 0.01328125 0.016666666666666666
6 0.190234375 0.45069444444444445 0.01484375 0.0375
6 0.415234375 0.24305555555555555 0.00859375 0.019444444444444445
6 0.758203125 0.3909722222222222 0.00859375 0.02361111111111111
