6 0.4484375 0.23472222222222222 0.0203125 0.05277777777777778
6 0.4046875 0.24791666666666667 0.0171875 0.05694444444444444
6 0.452734375 0.11388888888888889 0.01484375 0.03611111111111111
6 0.429296875 0.08125 0.01640625 0.029166666666666667
6 0.635546875 0.18333333333333332 0.02421875 0.058333333333333334
6 0.671484375 0.2763888888888889 0.02578125 0.06666666666666667
6 0.717578125 0.2777777777777778 0.02421875 0.06944444444444445
6 0.553515625 0.06458333333333334 0.01328125 0.0375
6 0.6796875 0.20555555555555555 0.025 0.06111111111111111
6 0.40078125 0.08194444444444444 0.0125 0.030555555555555555
6 0.41015625 0.05277777777777778 0.0125 0.030555555555555555
6 0.4703125 0.03958333333333333 0.0125 0.029166666666666667
