6 0.45625 0.3013888888888889 0.0078125 0.027777777777777776
6 0.5609375 0.8722222222222222 0.015625 0.041666666666666664
6 0.656640625 0.3194444444444444 0.01171875 0.025
6 0.661328125 0.36527777777777776 0.00859375 0.025
6 0.670703125 0.41388888888888886 0.01015625 0.030555555555555555
6 0.590234375 0.44722222222222224 0.00859375 0.025
6 0.68515625 0.4875 0.0125 0.03333333333333333
6 0.5765625 0.5881944444444445 0.0140625 0.0375
6 0.663671875 0.19791666666666666 0.00859375 0.020833333333333332
6 0.636328125 0.1638888888888889 0.01015625 0.022222222222222223
6 0.64453125 0.2388888888888889 0.0078125 0.022222222222222223
6 0.528515625 0.15347222222222223 0.00703125 0.018055555555555554
6 0.52734375 0.12986111111111112 0.00625 0.015277777777777777
6 0.560546875 0.125 0.00703125 0.019444444444444445
6 0.5453125 0.04375 0.0078125 0.018055555555555554
6 0.532421875 0.044444444444444446 0.00859375 0.019444444444444445
6 0.466015625 0.0375 0.00546875 0.016666666666666666
6 0.295703125 0.04652777777777778 0.00859375 0.020833333333333332
6 0.2765625 0.04722222222222222 0.009375 0.019444444444444445
6 0.505078125 0.49583333333333335 0.01328125 0.03611111111111111
6 0.47578125 0.4736111111111111 0.0125 0.03333333333333333
6 0.30859375 0.007638888888888889 0.009375 0.015277777777777777
6 0.456640625 0.006944444444444444 0.00703125 0.013888888888888888
6 0.97890625 0.5548611111111111 0.0125 0.029166666666666667
6 0.980859375 0.4986111111111111 0.02734375 0.027777777777777776
6 0.78125 0.9111111111111111 0.015625 0.044444444444444446
