6 0.351953125 0.7631944444444444 0.01640625 0.043055555555555555
6 0.3734375 0.7291666666666666 0.0125 0.03611111111111111
6 0.35234375 0.6979166666666666 0.015625 0.0375
6 0.380859375 0.6888888888888889 0.01328125 0.03888888888888889
6 0.395703125 0.6548611111111111 0.01171875 0.0375
6 0.422265625 0.6534722222222222 0.01328125 0.034722222222222224
6 0.43828125 0.6409722222222223 0.0140625 0.04583333333333333
6 0.400390625 0.5861111111111111 0.01953125 0.044444444444444446
6 0.5140625 0.5798611111111112 0.015625 0.043055555555555555
6 0.50390625 0.7347222222222223 0.0171875 0.05
6 0.567578125 0.6034722222222222 0.01796875 0.04861111111111111
6 0.53515625 0.6868055555555556 0.01875 0.0375
6 0.77890625 0.7048611111111112 0.0171875 0.043055555555555555
6 0.783984375 0.6222222222222222 0.01640625 0.041666666666666664
6 0.774609375 0.54375 0.01328125 0.0375
6 0.766015625 0.4479166666666667 0.01796875 0.0375
6 0.623046875 0.6347222222222222 0.01328125 0.03888888888888889
6 0.612890625 0.6555555555555556 0.01484375 0.030555555555555555
6 0.490234375 0.3541666666666667 0.01328125 0.03611111111111111
6 0.42109375 0.4465277777777778 0.0109375 0.043055555555555555
6 0.46484375 0.46319444444444446 0.009375 0.034722222222222224
6 0.1921875 0.3840277777777778 0.01875 0.03194444444444444
6 0.200390625 0.2798611111111111 0.01640625 0.03194444444444444
6 0.244140625 0.2590277777777778 0.01484375 0.029166666666666667
6 0.266015625 0.2743055555555556 0.01484375 0.03194444444444444
6 0.21015625 0.21180555555555555 0.0125 0.029166666666666667
6 0.287890625 0.17152777777777778 0.01484375 0.02638888888888889
6 0.396875 0.31180555555555556 0.0109375 0.03194444444444444
6 0.383203125 0.29791666666666666 0.01171875 0.020833333333333332
6 0.4328125 0.2548611111111111 0.0109375 0.03194444444444444
6 0.431640625 0.23055555555555557 0.01015625 0.027777777777777776
6 0.6546875 0.32430555555555557 0.0109375 0.034722222222222224
6 0.714453125 0.3423611111111111 0.01328125 0.04027777777777778
6 0.6609375 0.2923611111111111 0.0125 0.02361111111111111
6 0.769140625 0.2125 0.01328125 0.03611111111111111
6 0.809375 0.18541666666666667 0.0125 0.02638888888888889
6 0.6203125 0.16666666666666666 0.0125 0.027777777777777776
6 0.73125 0.05486111111111111 0.009375 0.02361111111111111
6 0.758203125 0.022222222222222223 0.00703125 0.019444444444444445
6 0.8578125 0.5368055555555555 0.0109375 0.04027777777777778
6 0.28984375 0.09583333333333334 0.009375 0.025
6 0.30078125 0.10069444444444445 0.0125 0.02361111111111111
6 0.30546875 0.05625 0.0109375 0.018055555555555554
6 0.068359375 0.38958333333333334 0.01640625 0.02638888888888889
6 0.084375 0.30694444444444446 0.0171875 0.03611111111111111
6 0.684765625 0.5083333333333333 0.01171875 0.03333333333333333
6 0.694140625 0.4826388888888889 0.01015625 0.02638888888888889
6 0.528515625 0.18680555555555556 0.00859375 0.029166666666666667
6 0.45078125 0.16805555555555557 0.0125 0.030555555555555555
6 0.491015625 0.06736111111111111 0.01171875 0.02361111111111111
