6 0.755078125 0.5 0.01171875 0.027777777777777776
6 0.7734375 0.9402777777777778 0.015625 0.044444444444444446
6 0.743359375 0.9611111111111111 0.01484375 0.04722222222222222
6 0.8125 0.8104166666666667 0.015625 0.04861111111111111
6 0.810546875 0.7388888888888889 0.01484375 0.041666666666666664
6 0.74453125 0.6930555555555555 0.0140625 0.03611111111111111
6 0.814453125 0.58125 0.01171875 0.03194444444444444
6 0.716796875 0.5493055555555556 0.01328125 0.034722222222222224
6 0.700390625 0.27847222222222223 0.00703125 0.02361111111111111
6 0.70625 0.2673611111111111 0.0078125 0.020833333333333332
6 0.72734375 0.22013888888888888 0.0109375 0.020833333333333332
6 0.71953125 0.20277777777777778 0.0078125 0.022222222222222223
6 0.5484375 0.15069444444444444 0.0078125 0.02638888888888889
6 0.537109375 0.13402777777777777 0.00703125 0.02361111111111111
6 0.55390625 0.11944444444444445 0.0078125 0.022222222222222223
6 0.5421875 0.08333333333333333 0.009375 0.022222222222222223
6 0.470703125 0.11875 0.00859375 0.015277777777777777
6 0.375 0.035416666666666666 0.0109375 0.018055555555555554
6 0.77734375 0.6215277777777778 0.0109375 0.029166666666666667
6 0.630859375 0.16041666666666668 0.00703125 0.020833333333333332
6 0.55234375 0.02013888888888889 0.0078125 0.018055555555555554
6 0.6 0.006944444444444444 0.0078125 0.013888888888888888
