6 0.805859375 0.7465277777777778 0.01796875 0.05138888888888889
6 0.7296875 0.4847222222222222 0.015625 0.05555555555555555
6 0.7328125 0.24027777777777778 0.0125 0.03888888888888889
6 0.88359375 0.41875 0.0140625 0.043055555555555555
6 0.934375 0.56875 0.015625 0.034722222222222224
6 0.916015625 0.5736111111111111 0.01328125 0.041666666666666664
6 0.94453125 0.8222222222222222 0.01875 0.05555555555555555
6 0.984765625 0.5013888888888889 0.01640625 0.03888888888888889
6 0.94765625 0.30972222222222223 0.0125 0.03333333333333333
6 0.931640625 0.24097222222222223 0.01640625 0.03194444444444444
6 0.56953125 0.11041666666666666 0.009375 0.029166666666666667
6 0.605078125 0.07569444444444444 0.00859375 0.02361111111111111
6 0.5703125 0.06597222222222222 0.009375 0.029166666666666667
6 0.5703125 0.06597222222222222 0.009375 0.029166666666666667
6 0.68359375 0.019444444444444445 0.0109375 0.030555555555555555
6 0.70625 0.02361111111111111 0.0109375 0.030555555555555555
6 0.82578125 0.15902777777777777 0.009375 0.034722222222222224
6 0.382421875 0.05 0.01171875 0.03888888888888889
