6 0.167578125 0.91875 0.02578125 0.043055555555555555
6 0.720703125 0.8736111111111111 0.01640625 0.027777777777777776
6 0.70078125 0.8645833333333334 0.0140625 0.02638888888888889
6 0.709375 0.8354166666666667 0.0109375 0.029166666666666667
6 0.666796875 0.8729166666666667 0.01171875 0.034722222222222224
6 0.681640625 0.8569444444444444 0.01171875 0.030555555555555555
6 0.66484375 0.7090277777777778 0.0125 0.03194444444444444
6 0.66875 0.7486111111111111 0.0109375 0.027777777777777776
6 0.66015625 0.6618055555555555 0.0109375 0.02361111111111111
6 0.660546875 0.6208333333333333 0.00859375 0.016666666666666666
6 0.714453125 0.8013888888888889 0.01015625 0.025
6 0.666796875 0.8270833333333333 0.01171875 0.02361111111111111
6 0.350390625 0.8743055555555556 0.01796875 0.029166666666666667
6 0.2875 0.7194444444444444 0.0171875 0.027777777777777776
6 0.31875 0.6555555555555556 0.015625 0.022222222222222223
6 0.37578125 0.6694444444444444 0.0171875 0.027777777777777776
6 0.32890625 0.50625 0.015625 0.020833333333333332
6 0.344921875 0.50625 0.01171875 0.020833333333333332
6 0.4796875 0.23472222222222222 0.009375 0.013888888888888888
6 0.463671875 0.17083333333333334 0.01015625 0.016666666666666666
6 0.45234375 0.15486111111111112 0.009375 0.015277777777777777
6 0.776171875 0.8354166666666667 0.01640625 0.02638888888888889
6 0.8328125 0.7805555555555556 0.015625 0.027777777777777776
6 0.692578125 0.3840277777777778 0.01328125 0.020833333333333332
6 0.723828125 0.37777777777777777 0.01328125 0.022222222222222223
6 0.718359375 0.5118055555555555 0.01015625 0.029166666666666667
6 0.557421875 0.19930555555555557 0.00546875 0.020833333333333332
6 0.565234375 0.09375 0.00390625 0.0125
6 0.6109375 0.3729166666666667 0.00625 0.018055555555555554
6 0.62890625 0.775 0.0078125 0.030555555555555555
6 0.669921875 0.6854166666666667 0.01015625 0.029166666666666667
6 0.067578125 0.7888888888888889 0.02421875 0.03611111111111111
6 0.66484375 0.7916666666666666 0.0125 0.03333333333333333
6 0.583984375 0.15833333333333333 0.00859375 0.019444444444444445
6 0.918359375 0.9381944444444444 0.01640625 0.0375
6 0.852734375 0.7180555555555556 0.01328125 0.030555555555555555
6 0.7984375 0.5715277777777777 0.0125 0.02638888888888889
6 0.865625 0.7708333333333334 0.015625 0.025
