6 0.9734375 0.7003154574132492 0.0515625 0.17350157728706625
6 0.46796875 0.12933753943217666 0.01875 0.05362776025236593
6 0.658203125 0.04258675078864353 0.01484375 0.04416403785488959
6 0.7921875 0.13012618296529968 0.01875 0.06782334384858044
6 0.561328125 0.37697160883280756 0.02578125 0.07570977917981073
6 0.32890625 0.5023659305993691 0.040625 0.11514195583596215
6 0.466015625 0.5465299684542587 0.03671875 0.15615141955835962
6 0.7578125 0.09305993690851735 0.015625 0.05993690851735016
6 0.7171875 0.022082018927444796 0.0140625 0.04416403785488959
6 0.584765625 0.015772870662460567 0.01328125 0.031545741324921134
6 0.75703125 0.03627760252365931 0.01875 0.03785488958990536
