6 0.535546875 0.2722222222222222 0.02109375 0.05277777777777778
6 0.383984375 0.25972222222222224 0.02109375 0.05
6 0.59140625 0.5451388888888888 0.0390625 0.11527777777777778
6 0.446875 0.3541666666666667 0.025 0.06666666666666667
6 0.891796875 0.47847222222222224 0.04765625 0.10972222222222222
6 0.39609375 0.13402777777777777 0.015625 0.0375
6 0.527734375 0.48819444444444443 0.03046875 0.0875
6 0.41171875 0.08680555555555555 0.0140625 0.029166666666666667
6 0.98359375 0.6701388888888888 0.0328125 0.13194444444444445
6 0.41640625 0.16944444444444445 0.021875 0.041666666666666664
6 0.539453125 0.06805555555555555 0.01484375 0.03333333333333333
6 0.405078125 0.059027777777777776 0.01328125 0.02361111111111111
6 0.580859375 0.08472222222222223 0.01640625 0.03611111111111111
6 0.539453125 0.06805555555555555 0.01484375 0.03333333333333333
