6 0.292578125 0.9472222222222222 0.01796875 0.03888888888888889
6 0.312890625 0.8965277777777778 0.01796875 0.04027777777777778
6 0.344921875 0.7895833333333333 0.01796875 0.04027777777777778
6 0.305078125 0.7951388888888888 0.01796875 0.04027777777777778
6 0.33984375 0.7326388888888888 0.01875 0.02361111111111111
6 0.3265625 0.70625 0.01875 0.02361111111111111
6 0.371484375 0.6951388888888889 0.01953125 0.029166666666666667
6 0.265234375 0.6423611111111112 0.01953125 0.029166666666666667
6 0.387890625 0.4013888888888889 0.01015625 0.022222222222222223
6 0.413671875 0.28958333333333336 0.00703125 0.0125
6 0.426171875 0.32916666666666666 0.00859375 0.016666666666666666
6 0.404296875 0.3111111111111111 0.00703125 0.013888888888888888
6 0.437109375 0.25555555555555554 0.00703125 0.013888888888888888
6 0.433984375 0.22847222222222222 0.01171875 0.015277777777777777
6 0.309765625 0.3416666666666667 0.00703125 0.016666666666666666
6 0.29453125 0.30833333333333335 0.0078125 0.013888888888888888
6 0.28828125 0.26875 0.0078125 0.0125
6 0.21484375 0.4131944444444444 0.0078125 0.018055555555555554
6 0.373046875 0.19375 0.01171875 0.015277777777777777
6 0.5 0.28888888888888886 0.0078125 0.016666666666666666
6 0.512109375 0.29097222222222224 0.00703125 0.015277777777777777
6 0.60546875 0.3784722222222222 0.0109375 0.015277777777777777
6 0.273046875 0.08333333333333333 0.00703125 0.011111111111111112
6 0.1453125 0.6694444444444444 0.0109375 0.030555555555555555
6 0.18984375 0.05138888888888889 0.00625 0.013888888888888888
6 0.24921875 0.020833333333333332 0.0046875 0.011111111111111112
6 0.4109375 0.1451388888888889 0.00625 0.015277777777777777
6 0.430859375 0.12083333333333333 0.00703125 0.011111111111111112
6 0.408203125 0.07708333333333334 0.00546875 0.0125
6 0.40390625 0.06180555555555556 0.00625 0.0125
6 0.4953125 0.225 0.0078125 0.022222222222222223
6 0.618359375 0.19930555555555557 0.00546875 0.015277777777777777
6 0.637890625 0.15833333333333333 0.00546875 0.013888888888888888
6 0.68828125 0.6111111111111112 0.009375 0.025
