6 0.5046875 0.2798611111111111 0.0109375 0.03194444444444444
6 0.958984375 0.8104166666666667 0.03984375 0.10416666666666667
6 0.6859375 0.42083333333333334 0.01875 0.041666666666666664
6 0.51953125 0.24791666666666667 0.0078125 0.02361111111111111
6 0.547265625 0.2298611111111111 0.01015625 0.02638888888888889
6 0.559765625 0.22916666666666666 0.00859375 0.025
6 0.5359375 0.3263888888888889 0.0109375 0.03611111111111111
6 0.52578125 0.18819444444444444 0.0078125 0.018055555555555554
6 0.54296875 0.18125 0.009375 0.0125
6 0.5328125 0.18263888888888888 0.0078125 0.018055555555555554
