6 0.441015625 0.7472222222222222 0.01484375 0.041666666666666664
6 0.398828125 0.7354166666666667 0.01484375 0.0375
6 0.6546875 0.8923611111111112 0.015625 0.043055555555555555
6 0.6671875 0.8479166666666667 0.0125 0.043055555555555555
6 0.408984375 0.4513888888888889 0.01171875 0.030555555555555555
6 0.389453125 0.44513888888888886 0.01171875 0.02638888888888889
6 0.65 0.5083333333333333 0.0109375 0.025
6 0.644921875 0.5604166666666667 0.01015625 0.034722222222222224
6 0.64296875 0.5944444444444444 0.0109375 0.03333333333333333
6 0.36015625 0.35208333333333336 0.0078125 0.02361111111111111
6 0.454296875 0.15833333333333333 0.00546875 0.016666666666666666
6 0.457421875 0.14097222222222222 0.00546875 0.018055555555555554
6 0.338671875 0.11597222222222223 0.00546875 0.015277777777777777
6 0.347265625 0.09583333333333334 0.00546875 0.016666666666666666
6 0.353125 0.08819444444444445 0.00625 0.015277777777777777
6 0.346484375 0.17430555555555555 0.00546875 0.015277777777777777
6 0.43515625 0.08263888888888889 0.00625 0.018055555555555554
6 0.551953125 0.2465277777777778 0.00546875 0.018055555555555554
