6 0.413671875 0.4666666666666667 0.01171875 0.027777777777777776
6 0.3859375 0.44583333333333336 0.0125 0.025
6 0.485546875 0.19444444444444445 0.01171875 0.025
6 0.490234375 0.27152777777777776 0.01171875 0.02638888888888889
6 0.507421875 0.21597222222222223 0.01171875 0.02638888888888889
6 0.5296875 0.22569444444444445 0.0125 0.02638888888888889
6 0.483984375 0.06041666666666667 0.00859375 0.020833333333333332
6 0.515625 0.029166666666666667 0.009375 0.016666666666666666
6 0.359765625 0.018055555555555554 0.00703125 0.019444444444444445
6 0.665625 0.46041666666666664 0.015625 0.03194444444444444
6 0.530078125 0.05763888888888889 0.00859375 0.020833333333333332
6 0.519921875 0.04861111111111111 0.00859375 0.016666666666666666
