6 0.409375 0.8270833333333333 0.0140625 0.029166666666666667
6 0.4203125 0.8993055555555556 0.0140625 0.03194444444444444
6 0.4125 0.9680555555555556 0.01875 0.03611111111111111
6 0.445703125 0.6944444444444444 0.01171875 0.03333333333333333
6 0.339453125 0.1326388888888889 0.00703125 0.015277777777777777
6 0.344921875 0.07569444444444444 0.00546875 0.0125
6 0.47109375 0.24583333333333332 0.0109375 0.025
6 0.459765625 0.18263888888888888 0.01328125 0.02361111111111111
6 0.45 0.14027777777777778 0.0078125 0.019444444444444445
6 0.4421875 0.11458333333333333 0.00625 0.015277777777777777
6 0.731640625 0.7659722222222223 0.01640625 0.04583333333333333
6 0.46875 0.07361111111111111 0.0078125 0.016666666666666666
6 0.514453125 0.36041666666666666 0.01171875 0.02638888888888889
6 0.501171875 0.16875 0.00859375 0.020833333333333332
