6 0.379296875 0.4652777777777778 0.01015625 0.025
6 0.3765625 0.4326388888888889 0.0109375 0.02361111111111111
6 0.371875 0.3888888888888889 0.0109375 0.022222222222222223
6 0.426953125 0.10625 0.00546875 0.020833333333333332
6 0.428125 0.07222222222222222 0.00625 0.016666666666666666
6 0.41953125 0.11597222222222223 0.0078125 0.020833333333333332
6 0.44921875 0.12569444444444444 0.00625 0.018055555555555554
6 0.440625 0.11527777777777778 0.0078125 0.016666666666666666
6 0.41640625 0.059027777777777776 0.00625 0.018055555555555554
6 0.5171875 0.3173611111111111 0.009375 0.02361111111111111
6 0.5390625 0.39652777777777776 0.0109375 0.02361111111111111
6 0.56484375 0.5034722222222222 0.0125 0.02638888888888889
6 0.5921875 0.6347222222222222 0.015625 0.03611111111111111
6 0.671484375 0.8645833333333334 0.01796875 0.04583333333333333
6 0.56640625 0.33819444444444446 0.0125 0.020833333333333332
6 0.56796875 0.3 0.009375 0.022222222222222223
6 0.390625 0.29097222222222224 0.0125 0.02361111111111111
6 0.401171875 0.013888888888888888 0.00703125 0.016666666666666666
6 0.412109375 0.043055555555555555 0.00703125 0.016666666666666666
6 0.509765625 0.18263888888888888 0.01015625 0.015277777777777777
6 0.50390625 0.15625 0.009375 0.02361111111111111
6 0.446875 0.011805555555555555 0.00625 0.018055555555555554
6 0.313671875 0.2375 0.01328125 0.016666666666666666
