6 0.43203125 0.36666666666666664 0.0390625 0.075
6 0.025390625 0.8673611111111111 0.05078125 0.14027777777777778
6 0.49921875 0.39305555555555555 0.040625 0.06944444444444445
6 0.97734375 0.29583333333333334 0.021875 0.06666666666666667
6 0.519140625 0.3194444444444444 0.03671875 0.06388888888888888
6 0.5421875 0.2791666666666667 0.025 0.05
6 0.694140625 0.18472222222222223 0.01796875 0.03333333333333333
6 0.63125 0.27708333333333335 0.0265625 0.04027777777777778
6 0.8515625 0.08611111111111111 0.015625 0.030555555555555555
6 0.841796875 0.027777777777777776 0.00703125 0.022222222222222223
6 0.899609375 0.13541666666666666 0.01953125 0.04861111111111111
