6 0.9328125 0.5506944444444445 0.0578125 0.10138888888888889
6 0.51328125 0.14305555555555555 0.0140625 0.041666666666666664
6 0.753515625 0.3840277777777778 0.03515625 0.08194444444444444
6 0.51484375 0.47638888888888886 0.0265625 0.08333333333333333
6 0.41484375 0.20416666666666666 0.015625 0.03888888888888889
6 0.44765625 0.47638888888888886 0.028125 0.06944444444444445
6 0.44375 0.2263888888888889 0.0171875 0.03888888888888889
6 0.4703125 0.09583333333333334 0.0125 0.030555555555555555
6 0.33515625 0.12083333333333333 0.0125 0.027777777777777776
6 0.481640625 0.08958333333333333 0.01171875 0.03194444444444444
