6 0.9203125 0.9229166666666667 0.071875 0.14027777777777778
6 0.895703125 0.6465277777777778 0.04140625 0.15138888888888888
6 0.956640625 0.3819444444444444 0.03515625 0.1
6 0.88828125 0.18541666666666667 0.0203125 0.0625
6 0.933984375 0.20208333333333334 0.02421875 0.06527777777777778
6 0.290234375 0.6388888888888888 0.04453125 0.10277777777777777
6 0.83984375 0.06388888888888888 0.0125 0.022222222222222223
6 0.85625 0.04652777777777778 0.0140625 0.018055555555555554
6 0.807421875 0.07083333333333333 0.01171875 0.019444444444444445
6 0.832421875 0.04375 0.01015625 0.02361111111111111
