6 0.3171875 0.9131944444444444 0.0171875 0.02638888888888889
6 0.503125 0.7027777777777777 0.0140625 0.030555555555555555
6 0.298828125 0.6381944444444444 0.01171875 0.02361111111111111
6 0.297265625 0.5888888888888889 0.01171875 0.025
6 0.312109375 0.5472222222222223 0.01171875 0.025
6 0.333984375 0.3597222222222222 0.00859375 0.016666666666666666
6 0.31328125 0.3326388888888889 0.0078125 0.018055555555555554
6 0.430078125 0.35833333333333334 0.01171875 0.013888888888888888
6 0.42109375 0.4166666666666667 0.009375 0.019444444444444445
6 0.432421875 0.31180555555555556 0.00859375 0.015277777777777777
6 0.439453125 0.31875 0.00703125 0.015277777777777777
6 0.470703125 0.31875 0.00859375 0.018055555555555554
6 0.52890625 0.24861111111111112 0.0078125 0.019444444444444445
6 0.53671875 0.2375 0.0078125 0.019444444444444445
6 0.5515625 0.22847222222222222 0.0078125 0.020833333333333332
6 0.730859375 0.7618055555555555 0.01328125 0.03194444444444444
6 0.44140625 0.24444444444444444 0.0078125 0.013888888888888888
6 0.441796875 0.2125 0.00703125 0.013888888888888888
6 0.449609375 0.21805555555555556 0.00703125 0.013888888888888888
6 0.654296875 0.39652777777777776 0.00703125 0.02638888888888889
6 0.721875 0.39375 0.00625 0.018055555555555554
6 0.141796875 0.7006944444444444 0.00859375 0.020833333333333332
6 0.221484375 0.4388888888888889 0.00859375 0.019444444444444445
6 0.24453125 0.4534722222222222 0.009375 0.018055555555555554
6 0.255859375 0.38263888888888886 0.00703125 0.018055555555555554
6 0.44296875 0.05486111111111111 0.00625 0.0125
6 0.448046875 0.0125 0.00390625 0.011111111111111112
6 0.431640625 0.013194444444444444 0.00546875 0.0125
6 0.436328125 0.009722222222222222 0.00390625 0.011111111111111112
6 0.44140625 0.009722222222222222 0.0046875 0.011111111111111112
6 0.52421875 0.05555555555555555 0.0046875 0.013888888888888888
6 0.524609375 0.07013888888888889 0.00546875 0.009722222222222222
6 0.530859375 0.12361111111111112 0.00703125 0.013888888888888888
6 0.535546875 0.15069444444444444 0.00703125 0.015277777777777777
6 0.54296875 0.15138888888888888 0.00625 0.016666666666666666
6 0.633203125 0.26319444444444445 0.00703125 0.020833333333333332
6 0.69296875 0.15694444444444444 0.00625 0.016666666666666666
6 0.671875 0.20208333333333334 0.00625 0.018055555555555554
6 0.620703125 0.23055555555555557 0.00703125 0.019444444444444445
