6 0.111328125 0.6583333333333333 0.01953125 0.03333333333333333
6 0.271875 0.6173611111111111 0.0125 0.029166666666666667
6 0.830078125 0.3770833333333333 0.01484375 0.03194444444444444
6 0.24375 0.4361111111111111 0.01875 0.03333333333333333
6 0.21796875 0.32083333333333336 0.0171875 0.030555555555555555
6 0.23359375 0.25555555555555554 0.0171875 0.027777777777777776
6 0.1796875 0.2791666666666667 0.015625 0.030555555555555555
6 0.3390625 0.12013888888888889 0.0125 0.020833333333333332
6 0.487109375 0.5854166666666667 0.01484375 0.043055555555555555
6 0.454296875 0.48541666666666666 0.01484375 0.0375
6 0.480859375 0.4708333333333333 0.01328125 0.03888888888888889
6 0.498046875 0.4951388888888889 0.01171875 0.034722222222222224
6 0.49453125 0.5319444444444444 0.015625 0.027777777777777776
6 0.44375 0.4423611111111111 0.009375 0.0375
6 0.585546875 0.5847222222222223 0.01796875 0.03888888888888889
6 0.614453125 0.2826388888888889 0.00859375 0.02638888888888889
6 0.683984375 0.5784722222222223 0.01015625 0.0375
6 0.769140625 0.5236111111111111 0.01328125 0.044444444444444446
6 0.850390625 0.3729166666666667 0.01171875 0.03194444444444444
6 0.797265625 0.15833333333333333 0.01171875 0.027777777777777776
6 0.8125 0.24097222222222223 0.009375 0.02638888888888889
6 0.836328125 0.24513888888888888 0.01015625 0.02361111111111111
6 0.8296875 0.2791666666666667 0.009375 0.025
6 0.27265625 0.5506944444444445 0.0171875 0.03194444444444444
6 0.417578125 0.5208333333333334 0.01328125 0.027777777777777776
6 0.433203125 0.5319444444444444 0.01015625 0.03611111111111111
6 0.45078125 0.45625 0.0078125 0.029166666666666667
6 0.12734375 0.275 0.0171875 0.041666666666666664
6 0.654296875 0.3729166666666667 0.00703125 0.029166666666666667
6 0.437109375 0.05347222222222222 0.01171875 0.020833333333333332
6 0.50078125 0.09444444444444444 0.009375 0.027777777777777776
6 0.62578125 0.02847222222222222 0.00625 0.02638888888888889
6 0.835546875 0.01875 0.00859375 0.02361111111111111
6 0.167578125 0.9368055555555556 0.01484375 0.034722222222222224
6 0.204296875 0.9375 0.01484375 0.030555555555555555
