6 0.305859375 0.2520833333333333 0.01328125 0.04027777777777778
6 0.64140625 0.925 0.021875 0.041666666666666664
6 0.768359375 0.6027777777777777 0.01953125 0.03333333333333333
6 0.770703125 0.5479166666666667 0.02265625 0.0375
6 0.707421875 0.4736111111111111 0.01796875 0.03333333333333333
6 0.713671875 0.34652777777777777 0.01640625 0.03194444444444444
6 0.68515625 0.34930555555555554 0.0203125 0.034722222222222224
6 0.66015625 0.29583333333333334 0.0171875 0.03611111111111111
6 0.779296875 0.18541666666666667 0.01796875 0.029166666666666667
6 0.680078125 0.2152777777777778 0.02109375 0.030555555555555555
6 0.7078125 0.22708333333333333 0.0171875 0.03194444444444444
6 0.305859375 0.33611111111111114 0.01640625 0.027777777777777776
6 0.26328125 0.39791666666666664 0.0171875 0.02361111111111111
6 0.2453125 0.5833333333333334 0.0203125 0.03611111111111111
6 0.226171875 0.6229166666666667 0.01953125 0.029166666666666667
6 0.258203125 0.7444444444444445 0.01640625 0.03333333333333333
6 0.340234375 0.08680555555555555 0.01171875 0.034722222222222224
6 0.247265625 0.16319444444444445 0.01953125 0.034722222222222224
6 0.248828125 0.12291666666666666 0.01640625 0.03194444444444444
