6 0.906 0.2811320754716981 0.032 0.06415094339622641
6 0.072 0.9481132075471698 0.052 0.1
6 0.158 0.6160377358490566 0.068 0.1339622641509434
6 0.3955 0.2481132075471698 0.031 0.0660377358490566
6 0.459 0.1820754716981132 0.026 0.03962264150943396
6 0.49 0.11415094339622642 0.022 0.04339622641509434
6 0.5045 0.057547169811320756 0.015 0.03207547169811321
6 0.5625 0.062264150943396226 0.013 0.033962264150943396
6 0.6115 0.07641509433962264 0.019 0.035849056603773584
6 0.8245 0.09433962264150944 0.019 0.04905660377358491
