6 0.756640625 0.8909722222222223 0.01484375 0.04027777777777778
6 0.623046875 0.8875 0.02109375 0.041666666666666664
6 0.6109375 0.8347222222222223 0.0140625 0.044444444444444446
6 0.637109375 0.75625 0.01484375 0.043055555555555555
6 0.7 0.9333333333333333 0.01875 0.044444444444444446
6 0.769140625 0.8409722222222222 0.01953125 0.043055555555555555
6 0.755078125 0.8055555555555556 0.01328125 0.03611111111111111
6 0.73359375 0.7638888888888888 0.0140625 0.03888888888888889
6 0.713671875 0.7229166666666667 0.01171875 0.03194444444444444
6 0.711328125 0.6972222222222222 0.01015625 0.022222222222222223
6 0.698046875 0.6652777777777777 0.01171875 0.03333333333333333
6 0.4828125 0.3625 0.009375 0.022222222222222223
6 0.504296875 0.3486111111111111 0.00859375 0.025
6 0.539453125 0.4465277777777778 0.01015625 0.020833333333333332
6 0.544921875 0.4263888888888889 0.01015625 0.025
6 0.517578125 0.48055555555555557 0.00859375 0.025
6 0.525 0.5236111111111111 0.0109375 0.030555555555555555
6 0.3828125 0.13680555555555557 0.00625 0.015277777777777777
6 0.360546875 0.12430555555555556 0.00546875 0.015277777777777777
6 0.384375 0.41458333333333336 0.009375 0.020833333333333332
6 0.394140625 0.39791666666666664 0.00859375 0.015277777777777777
6 0.346875 0.2965277777777778 0.00625 0.015277777777777777
6 0.36015625 0.28402777777777777 0.00625 0.0125
6 0.3375 0.27291666666666664 0.00625 0.02361111111111111
6 0.330078125 0.26319444444444445 0.00703125 0.02638888888888889
6 0.355859375 0.25555555555555554 0.00703125 0.025
6 0.3453125 0.22777777777777777 0.0078125 0.022222222222222223
6 0.278515625 0.09166666666666666 0.00546875 0.011111111111111112
6 0.493359375 0.8819444444444444 0.01484375 0.030555555555555555
6 0.41875 0.9319444444444445 0.015625 0.03611111111111111
6 0.459765625 0.15833333333333333 0.00703125 0.016666666666666666
6 0.397265625 0.5208333333333334 0.00859375 0.022222222222222223
6 0.25625 0.42916666666666664 0.0078125 0.016666666666666666
6 0.241796875 0.3541666666666667 0.00703125 0.016666666666666666
6 0.235546875 0.3402777777777778 0.00703125 0.016666666666666666
6 0.242578125 0.32430555555555557 0.00703125 0.018055555555555554
6 0.23046875 0.3229166666666667 0.0078125 0.015277777777777777
6 0.22890625 0.28402777777777777 0.00625 0.015277777777777777
6 0.165625 0.11458333333333333 0.0046875 0.015277777777777777
6 0.16171875 0.024305555555555556 0.0046875 0.0125
6 0.156640625 0.024305555555555556 0.00546875 0.015277777777777777
6 0.31328125 0.20902777777777778 0.00625 0.0125
6 0.30546875 0.0125 0.00625 0.013888888888888888
6 0.31328125 0.006944444444444444 0.0046875 0.013888888888888888
6 0.315234375 0.021527777777777778 0.00546875 0.0125
6 0.354296875 0.020833333333333332 0.00546875 0.013888888888888888
6 0.498828125 0.29305555555555557 0.00859375 0.019444444444444445
6 0.4921875 0.28194444444444444 0.0078125 0.019444444444444445
6 0.491796875 0.25277777777777777 0.00703125 0.013888888888888888
6 0.801953125 0.93125 0.01796875 0.04583333333333333
