6 0.571 0.3839622641509434 0.034 0.07358490566037736
6 0.3905 0.25754716981132075 0.023 0.04716981132075472
6 0.8895 0.35566037735849054 0.043 0.09622641509433963
6 0.4375 0.24433962264150944 0.025 0.04339622641509434
6 0.416 0.20471698113207548 0.02 0.04339622641509434
6 0.509 0.1320754716981132 0.016 0.03773584905660377
6 0.553 0.07547169811320754 0.016 0.033962264150943396
6 0.784 0.09622641509433963 0.018 0.052830188679245285
6 0.84 0.1830188679245283 0.026 0.052830188679245285
6 0.76 0.07169811320754717 0.018 0.045283018867924525
