6 0.912109375 0.8541009463722398 0.06328125 0.16876971608832808
6 0.441015625 0.23895899053627762 0.01953125 0.04574132492113565
6 0.6609375 0.06545741324921135 0.0125 0.03943217665615142
6 0.226953125 0.6545741324921136 0.04609375 0.0946372239747634
6 0.6875 0.08123028391167192 0.0125 0.03627760252365931
6 0.512109375 0.07097791798107256 0.01015625 0.028391167192429023
6 0.686328125 0.18454258675078863 0.01953125 0.06309148264984227
6 0.498828125 0.04889589905362776 0.01015625 0.025236593059936908
6 0.481640625 0.05441640378548896 0.01015625 0.026813880126182965
6 0.6671875 0.027602523659305992 0.0109375 0.026813880126182965
