6 0.248046875 0.38333333333333336 0.01953125 0.03888888888888889
6 0.03828125 0.3458333333333333 0.0203125 0.03611111111111111
6 0.11953125 0.7430555555555556 0.025 0.05277777777777778
6 0.26875 0.2625 0.0171875 0.03611111111111111
6 0.233203125 0.10416666666666667 0.01171875 0.027777777777777776
6 0.386328125 0.049305555555555554 0.01796875 0.02638888888888889
6 0.31953125 0.6881944444444444 0.0125 0.02361111111111111
6 0.345703125 0.6763888888888889 0.01015625 0.016666666666666666
6 0.387109375 0.6256944444444444 0.01953125 0.034722222222222224
6 0.40703125 0.59375 0.0171875 0.04027777777777778
6 0.44609375 0.56875 0.01875 0.04027777777777778
6 0.486328125 0.6791666666666667 0.01015625 0.030555555555555555
6 0.457421875 0.5166666666666667 0.01796875 0.03611111111111111
6 0.504296875 0.5395833333333333 0.01953125 0.0375
6 0.525390625 0.51875 0.02109375 0.034722222222222224
6 0.56171875 0.3875 0.015625 0.03333333333333333
6 0.5890625 0.3 0.015625 0.030555555555555555
6 0.6671875 0.075 0.015625 0.025
6 0.534375 0.08819444444444445 0.015625 0.029166666666666667
6 0.94140625 0.2513888888888889 0.015625 0.03333333333333333
6 0.96796875 0.2972222222222222 0.015625 0.03333333333333333
6 0.9875 0.16527777777777777 0.0109375 0.027777777777777776
6 0.9671875 0.06180555555555556 0.0109375 0.02361111111111111
6 0.7890625 0.5638888888888889 0.0171875 0.041666666666666664
6 0.7 0.5583333333333333 0.0203125 0.03611111111111111
6 0.694140625 0.6006944444444444 0.01796875 0.029166666666666667
6 0.768359375 0.8166666666666667 0.01484375 0.025
6 0.67109375 0.4861111111111111 0.0171875 0.041666666666666664
6 0.065625 0.2861111111111111 0.0171875 0.027777777777777776
6 0.802734375 0.20208333333333334 0.01796875 0.02361111111111111
6 0.828125 0.21319444444444444 0.0171875 0.02361111111111111
6 0.890234375 0.4465277777777778 0.01796875 0.04861111111111111
6 0.65 0.5020833333333333 0.0171875 0.043055555555555555
6 0.65 0.46805555555555556 0.0171875 0.016666666666666666
6 0.759375 0.4895833333333333 0.0171875 0.043055555555555555
6 0.43046875 0.5916666666666667 0.025 0.025
6 0.421875 0.5541666666666667 0.021875 0.04722222222222222
