6 0.400390625 0.8326388888888889 0.04140625 0.08194444444444444
6 0.313671875 0.5569444444444445 0.03203125 0.06944444444444445
6 0.3484375 0.3451388888888889 0.0203125 0.05138888888888889
6 0.371875 0.20902777777777778 0.0171875 0.0375
6 0.5015625 0.23472222222222222 0.0171875 0.044444444444444446
6 0.533984375 0.07222222222222222 0.01015625 0.025
6 0.52265625 0.09166666666666666 0.0078125 0.022222222222222223
6 0.434765625 0.14305555555555555 0.01171875 0.027777777777777776
6 0.490625 0.059027777777777776 0.00625 0.015277777777777777
6 0.448046875 0.09444444444444444 0.00859375 0.022222222222222223
