6 0.2885 0.3330188679245283 0.033 0.0660377358490566
6 0.543 0.30283018867924527 0.03 0.06981132075471698
6 0.5165 0.2688679245283019 0.029 0.05849056603773585
6 0.399 0.2792452830188679 0.034 0.052830188679245285
6 0.533 0.09905660377358491 0.02 0.04339622641509434
6 0.805 0.09716981132075472 0.028 0.06981132075471698
6 0.576 0.07830188679245283 0.026 0.04716981132075472
6 0.5195 0.08018867924528301 0.021 0.03962264150943396
6 0.431 0.11037735849056604 0.022 0.04339622641509434
6 0.465 0.09056603773584905 0.02 0.04150943396226415
