6 0.4046875 0.48055555555555557 0.0171875 0.03333333333333333
6 0.55625 0.27361111111111114 0.0125 0.03333333333333333
6 0.465625 0.8145833333333333 0.01875 0.07916666666666666
6 0.237109375 0.9729166666666667 0.02578125 0.04027777777777778
6 0.546484375 0.22777777777777777 0.00703125 0.03333333333333333
6 0.4921875 0.11875 0.0078125 0.015277777777777777
6 0.503515625 0.12777777777777777 0.00859375 0.019444444444444445
6 0.532421875 0.1125 0.00703125 0.019444444444444445
6 0.53828125 0.10694444444444444 0.0078125 0.022222222222222223
6 0.538671875 0.06805555555555555 0.00703125 0.019444444444444445
6 0.548046875 0.1125 0.00859375 0.022222222222222223
