6 0.29453125 0.36180555555555555 0.0125 0.04027777777777778
6 0.50078125 0.28125 0.0125 0.02638888888888889
6 0.52578125 0.27708333333333335 0.009375 0.02361111111111111
6 0.51875 0.3173611111111111 0.0125 0.034722222222222224
6 0.297265625 0.7388888888888889 0.01796875 0.022222222222222223
6 0.30078125 0.8631944444444445 0.025 0.020833333333333332
6 0.3265625 0.9423611111111111 0.01875 0.029166666666666667
6 0.261328125 0.4625 0.01640625 0.019444444444444445
6 0.5765625 0.7465277777777778 0.01875 0.0375
6 0.476953125 0.4097222222222222 0.01796875 0.022222222222222223
6 0.513671875 0.2534722222222222 0.01171875 0.020833333333333332
6 0.378125 0.16944444444444445 0.009375 0.016666666666666666
6 0.385546875 0.14652777777777778 0.01171875 0.015277777777777777
6 0.371484375 0.10486111111111111 0.00703125 0.0125
6 0.341015625 0.08125 0.01015625 0.015277777777777777
6 0.35859375 0.17430555555555555 0.0125 0.020833333333333332
6 0.33984375 0.17430555555555555 0.0109375 0.018055555555555554
6 0.4171875 0.12708333333333333 0.0109375 0.02638888888888889
6 0.258984375 0.04861111111111111 0.01015625 0.019444444444444445
6 0.216015625 0.09791666666666667 0.01015625 0.015277777777777777
6 0.221484375 0.06875 0.01015625 0.015277777777777777
6 0.216796875 0.05277777777777778 0.00859375 0.016666666666666666
