6 0.8359375 0.5034722222222222 0.03125 0.059722222222222225
6 0.41796875 0.16944444444444445 0.015625 0.03333333333333333
6 0.441796875 0.16666666666666666 0.01328125 0.030555555555555555
6 0.516796875 0.2708333333333333 0.01953125 0.044444444444444446
6 0.405859375 0.26875 0.01796875 0.04583333333333333
6 0.359375 0.27291666666666664 0.015625 0.04027777777777778
6 0.27421875 0.54375 0.0265625 0.05138888888888889
6 0.421875 0.12916666666666668 0.0140625 0.027777777777777776
6 0.483203125 0.12916666666666668 0.01328125 0.027777777777777776
6 0.517578125 0.07708333333333334 0.01171875 0.02638888888888889
6 0.4953125 0.07013888888888889 0.0109375 0.020833333333333332
6 0.4984375 0.03194444444444444 0.0078125 0.019444444444444445
6 0.516796875 0.03611111111111111 0.00859375 0.016666666666666666
