6 0.146875 0.49444444444444446 0.0203125 0.03611111111111111
6 0.010546875 0.65 0.01796875 0.03888888888888889
6 0.1921875 0.43194444444444446 0.0203125 0.03611111111111111
6 0.891015625 0.8201388888888889 0.01484375 0.04027777777777778
6 0.85703125 0.6576388888888889 0.0109375 0.043055555555555555
6 0.91875 0.575 0.0140625 0.03611111111111111
6 0.898046875 0.42777777777777776 0.01171875 0.03888888888888889
6 0.845703125 0.47152777777777777 0.01171875 0.04861111111111111
6 0.81875 0.4152777777777778 0.0109375 0.03611111111111111
6 0.81171875 0.34305555555555556 0.0125 0.030555555555555555
6 0.838671875 0.32013888888888886 0.01171875 0.03194444444444444
6 0.393359375 0.69375 0.01484375 0.04027777777777778
6 0.409375 0.6993055555555555 0.0140625 0.04583333333333333
6 0.42890625 0.7090277777777778 0.0140625 0.04027777777777778
6 0.501171875 0.7208333333333333 0.01640625 0.05277777777777778
6 0.578125 0.6916666666666667 0.0140625 0.044444444444444446
6 0.617578125 0.5020833333333333 0.01328125 0.04027777777777778
6 0.60390625 0.525 0.0140625 0.03888888888888889
6 0.519921875 0.5618055555555556 0.01171875 0.043055555555555555
6 0.504296875 0.5722222222222222 0.01328125 0.030555555555555555
6 0.478515625 0.5756944444444444 0.01328125 0.034722222222222224
6 0.467578125 0.6013888888888889 0.01328125 0.041666666666666664
6 0.45625 0.6229166666666667 0.0140625 0.029166666666666667
6 0.43984375 0.6347222222222222 0.015625 0.044444444444444446
6 0.8125 0.19375 0.0125 0.03194444444444444
6 0.775 0.21666666666666667 0.0078125 0.030555555555555555
6 0.7296875 0.24791666666666667 0.0109375 0.043055555555555555
6 0.545703125 0.4284722222222222 0.01015625 0.03194444444444444
6 0.34609375 0.29930555555555555 0.0140625 0.029166666666666667
6 0.28359375 0.24375 0.0140625 0.03194444444444444
6 0.34453125 0.1125 0.0125 0.027777777777777776
6 0.378515625 0.09444444444444444 0.01328125 0.030555555555555555
6 0.451953125 0.08680555555555555 0.01015625 0.02361111111111111
6 0.372265625 0.06458333333333334 0.01328125 0.02361111111111111
6 0.22578125 0.6 0.015625 0.03888888888888889
6 0.033203125 0.5298611111111111 0.01953125 0.043055555555555555
6 0.232421875 0.6680555555555555 0.01640625 0.03888888888888889
6 0.184765625 0.3402777777777778 0.01796875 0.030555555555555555
6 0.522265625 0.3388888888888889 0.01328125 0.030555555555555555
6 0.862109375 0.5840277777777778 0.01015625 0.04027777777777778
6 0.85546875 0.6173611111111111 0.0109375 0.034722222222222224
6 0.768359375 0.48055555555555557 0.01328125 0.03611111111111111
6 0.7578125 0.5118055555555555 0.0140625 0.0375
6 0.7 0.575 0.0109375 0.041666666666666664
6 0.691796875 0.6458333333333334 0.01171875 0.03888888888888889
6 0.70390625 0.2465277777777778 0.009375 0.0375
6 0.573046875 0.30416666666666664 0.01328125 0.03611111111111111
6 0.42890625 0.6673611111111111 0.0140625 0.04027777777777778
6 0.22109375 0.26319444444444445 0.015625 0.029166666666666667
6 0.1578125 0.3034722222222222 0.01875 0.03194444444444444
6 0.474609375 0.21458333333333332 0.00703125 0.020833333333333332
6 0.48046875 0.2 0.0078125 0.022222222222222223
6 0.611328125 0.15486111111111112 0.00703125 0.029166666666666667
6 0.70703125 0.06875 0.009375 0.02638888888888889
6 0.200390625 0.9569444444444445 0.01484375 0.041666666666666664
