6 0.506640625 0.9495268138801262 0.05546875 0.08517350157728706
6 0.69140625 0.3470031545741325 0.0296875 0.09779179810725552
6 0.630078125 0.20268138801261829 0.01640625 0.07097791798107256
6 0.879296875 0.5299684542586751 0.04609375 0.12302839116719243
6 0.403125 0.3272870662460568 0.021875 0.061514195583596214
6 0.45234375 0.20347003154574134 0.0171875 0.0473186119873817
6 0.76328125 0.4865930599369085 0.0359375 0.11198738170347003
6 0.47265625 0.2444794952681388 0.0203125 0.05362776025236593
6 0.76015625 0.14589905362776026 0.015625 0.04258675078864353
6 0.680078125 0.1411671924290221 0.01953125 0.06782334384858044
6 0.7265625 0.1632492113564669 0.01875 0.06782334384858044
6 0.67890625 0.02050473186119874 0.0140625 0.04100946372239748
6 0.662109375 0.21293375394321767 0.01953125 0.06624605678233439
6 0.698828125 0.2586750788643533 0.02265625 0.056782334384858045
6 0.694140625 0.1805993690851735 0.01796875 0.06782334384858044
6 0.703515625 0.017350157728706624 0.01171875 0.03470031545741325
6 0.492578125 0.0914826498422713 0.01171875 0.03785488958990536
6 0.65078125 0.15457413249211358 0.0171875 0.05993690851735016
