6 0.055859375 0.9055555555555556 0.02734375 0.04722222222222222
6 0.030078125 0.8548611111111111 0.01953125 0.029166666666666667
6 0.68125 0.9125 0.0125 0.03333333333333333
6 0.69765625 0.9006944444444445 0.0109375 0.0375
6 0.7078125 0.85625 0.0109375 0.0375
6 0.70859375 0.7861111111111111 0.0125 0.03333333333333333
6 0.70390625 0.6951388888888889 0.009375 0.03194444444444444
6 0.6859375 0.6743055555555556 0.0109375 0.034722222222222224
6 0.666796875 0.6715277777777777 0.01171875 0.03194444444444444
6 0.676953125 0.6388888888888888 0.00859375 0.027777777777777776
6 0.690625 0.6284722222222222 0.009375 0.029166666666666667
6 0.65234375 0.6305555555555555 0.0109375 0.027777777777777776
6 0.666015625 0.6083333333333333 0.01015625 0.027777777777777776
6 0.673828125 0.5729166666666666 0.00859375 0.02638888888888889
6 0.638671875 0.59375 0.01015625 0.029166666666666667
6 0.653515625 0.5506944444444445 0.00859375 0.02638888888888889
6 0.665625 0.5319444444444444 0.0109375 0.027777777777777776
6 0.6484375 0.5166666666666667 0.0078125 0.022222222222222223
6 0.65625 0.49375 0.009375 0.029166666666666667
6 0.5984375 0.5069444444444444 0.009375 0.025
6 0.655078125 0.4638888888888889 0.01015625 0.025
6 0.626171875 0.46111111111111114 0.01015625 0.025
6 0.6328125 0.44583333333333336 0.0078125 0.025
6 0.682421875 0.9791666666666666 0.01640625 0.030555555555555555
6 0.578515625 0.38333333333333336 0.00859375 0.022222222222222223
6 0.616015625 0.3770833333333333 0.00859375 0.02361111111111111
6 0.623828125 0.3590277777777778 0.00703125 0.02361111111111111
6 0.60625 0.34305555555555556 0.00625 0.016666666666666666
6 0.618359375 0.34375 0.00703125 0.02361111111111111
6 0.6046875 0.3236111111111111 0.00625 0.016666666666666666
6 0.612890625 0.3159722222222222 0.00703125 0.020833333333333332
6 0.594921875 0.31527777777777777 0.00703125 0.019444444444444445
6 0.583984375 0.3020833333333333 0.00859375 0.020833333333333332
6 0.461328125 0.05486111111111111 0.00546875 0.018055555555555554
6 0.35390625 0.5548611111111111 0.0140625 0.02638888888888889
6 0.516015625 0.9666666666666667 0.02421875 0.03611111111111111
6 0.643359375 0.3034722222222222 0.00703125 0.020833333333333332
6 0.8328125 0.7458333333333333 0.009375 0.03333333333333333
6 0.831640625 0.8402777777777778 0.01484375 0.03888888888888889
6 0.814453125 0.875 0.01328125 0.030555555555555555
6 0.853125 0.88125 0.0171875 0.0375
6 0.776953125 0.9291666666666667 0.01328125 0.03611111111111111
