6 0.205078125 0.6513888888888889 0.01484375 0.04722222222222222
6 0.20234375 0.5916666666666667 0.0171875 0.03333333333333333
6 0.2078125 0.5423611111111111 0.021875 0.02638888888888889
6 0.239453125 0.45694444444444443 0.01953125 0.041666666666666664
6 0.44140625 0.22152777777777777 0.0203125 0.02638888888888889
6 0.409765625 0.7680555555555556 0.02734375 0.03333333333333333
6 0.3546875 0.6486111111111111 0.0203125 0.025
6 0.378515625 0.19444444444444445 0.01171875 0.022222222222222223
6 0.31953125 0.1840277777777778 0.0109375 0.020833333333333332
6 0.381640625 0.15 0.01953125 0.022222222222222223
6 0.340625 0.16944444444444445 0.015625 0.027777777777777776
6 0.640625 0.4756944444444444 0.0125 0.029166666666666667
6 0.6578125 0.31666666666666665 0.021875 0.030555555555555555
6 0.715234375 0.51875 0.01328125 0.02638888888888889
6 0.72421875 0.5777777777777777 0.0203125 0.025
6 0.88515625 0.4534722222222222 0.01875 0.034722222222222224
6 0.968359375 0.5368055555555555 0.01640625 0.03194444444444444
6 0.046484375 0.2534722222222222 0.02265625 0.03194444444444444
6 0.396875 0.4 0.021875 0.03333333333333333
6 0.41484375 0.35555555555555557 0.01875 0.03333333333333333
