6 0.32578125 0.4986111111111111 0.0171875 0.041666666666666664
6 0.312109375 0.9152777777777777 0.02578125 0.03888888888888889
6 0.40859375 0.9534722222222223 0.034375 0.043055555555555555
6 0.2890625 0.4951388888888889 0.0171875 0.034722222222222224
6 0.23359375 0.35833333333333334 0.0109375 0.027777777777777776
6 0.20234375 0.09027777777777778 0.0125 0.022222222222222223
6 0.390234375 0.02361111111111111 0.01484375 0.025
6 0.722265625 0.86875 0.03046875 0.05694444444444444
6 0.74453125 0.8368055555555556 0.01875 0.04583333333333333
6 0.725 0.5756944444444444 0.0140625 0.059722222222222225
6 0.73125 0.53125 0.015625 0.02361111111111111
6 0.74375 0.46805555555555556 0.01875 0.03611111111111111
