6 0.19296875 0.4076388888888889 0.015625 0.02638888888888889
6 0.0875 0.5263888888888889 0.015625 0.025
6 0.1703125 0.325 0.0140625 0.025
6 0.56640625 0.4895833333333333 0.0125 0.04027777777777778
6 0.83984375 0.37222222222222223 0.0125 0.03611111111111111
6 0.4328125 0.6 0.0171875 0.044444444444444446
6 0.44453125 0.6493055555555556 0.01875 0.029166666666666667
6 0.359765625 0.5659722222222222 0.01640625 0.04861111111111111
6 0.38359375 0.47638888888888886 0.015625 0.03333333333333333
6 0.50625 0.4340277777777778 0.015625 0.034722222222222224
6 0.419921875 0.9319444444444445 0.05859375 0.05
6 0.22109375 0.9833333333333333 0.05 0.025
6 0.480078125 0.3 0.01015625 0.03333333333333333
6 0.43828125 0.24513888888888888 0.009375 0.018055555555555554
6 0.46796875 0.1763888888888889 0.009375 0.027777777777777776
6 0.503515625 0.18819444444444444 0.01015625 0.03194444444444444
6 0.465625 0.12986111111111112 0.00625 0.029166666666666667
6 0.508203125 0.16180555555555556 0.01015625 0.029166666666666667
6 0.53671875 0.02847222222222222 0.0109375 0.034722222222222224
6 0.25703125 0.4125 0.015625 0.027777777777777776
6 0.23203125 0.23125 0.0125 0.03194444444444444
6 0.173828125 0.16319444444444445 0.01328125 0.02361111111111111
6 0.18515625 0.17708333333333334 0.0140625 0.020833333333333332
6 0.27265625 0.21319444444444444 0.0140625 0.02638888888888889
6 0.29609375 0.14375 0.0109375 0.018055555555555554
6 0.065234375 0.28402777777777777 0.02109375 0.03194444444444444
6 0.10546875 0.475 0.0140625 0.027777777777777776
6 0.478125 0.03680555555555556 0.0109375 0.03194444444444444
6 0.496484375 0.009027777777777777 0.01015625 0.018055555555555554
6 0.35625 0.2625 0.0109375 0.03611111111111111
6 0.564453125 0.6479166666666667 0.01484375 0.0375
6 0.64375 0.25277777777777777 0.0140625 0.03611111111111111
6 0.701953125 0.12986111111111112 0.01015625 0.020833333333333332
6 0.655078125 0.011111111111111112 0.01171875 0.022222222222222223
6 0.761328125 0.5104166666666666 0.01171875 0.043055555555555555
