6 0.52734375 0.16597222222222222 0.0140625 0.04027777777777778
6 0.610546875 0.2722222222222222 0.01953125 0.05277777777777778
6 0.667578125 0.41458333333333336 0.03203125 0.07916666666666666
6 0.42265625 0.5055555555555555 0.0234375 0.07777777777777778
6 0.35625 0.5208333333333334 0.0296875 0.06666666666666667
6 0.31015625 0.5333333333333333 0.03125 0.06944444444444445
6 0.503515625 0.14305555555555555 0.01328125 0.025
6 0.803125 0.5805555555555556 0.0234375 0.08888888888888889
6 0.3671875 0.08958333333333333 0.009375 0.018055555555555554
6 0.3265625 0.14027777777777778 0.009375 0.030555555555555555
