6 0.342578125 0.40902777777777777 0.01953125 0.04583333333333333
6 0.040625 0.4388888888888889 0.0171875 0.041666666666666664
6 0.07578125 0.2375 0.01875 0.025
6 0.107421875 0.03958333333333333 0.01796875 0.02638888888888889
6 0.0703125 0.04791666666666667 0.0171875 0.02361111111111111
6 0.41015625 0.3888888888888889 0.0140625 0.025
6 0.378125 0.5826388888888889 0.015625 0.029166666666666667
6 0.395703125 0.48819444444444443 0.01640625 0.0375
6 0.38671875 0.5381944444444444 0.015625 0.020833333333333332
6 0.273828125 0.36319444444444443 0.01484375 0.03194444444444444
6 0.573046875 0.6368055555555555 0.01796875 0.034722222222222224
6 0.56171875 0.5979166666666667 0.015625 0.04027777777777778
6 0.648046875 0.5270833333333333 0.01171875 0.03194444444444444
6 0.69140625 0.6791666666666667 0.0125 0.022222222222222223
6 0.733203125 0.5590277777777778 0.01796875 0.043055555555555555
6 0.973046875 0.36527777777777776 0.01484375 0.030555555555555555
6 0.94765625 0.23194444444444445 0.015625 0.03333333333333333
6 0.61640625 0.16458333333333333 0.015625 0.029166666666666667
6 0.644140625 0.09166666666666666 0.01953125 0.03333333333333333
6 0.934765625 0.1763888888888889 0.01484375 0.027777777777777776
6 0.4375 0.041666666666666664 0.0140625 0.025
6 0.464453125 0.027083333333333334 0.01640625 0.02638888888888889
6 0.629296875 0.2611111111111111 0.01484375 0.03888888888888889
6 0.66171875 0.3138888888888889 0.0140625 0.03333333333333333
