6 0.695703125 0.8840277777777777 0.01953125 0.04861111111111111
6 0.6625 0.7215277777777778 0.01875 0.043055555555555555
6 0.444140625 0.21944444444444444 0.00859375 0.016666666666666666
6 0.49453125 0.8673611111111111 0.0140625 0.0375
6 0.481640625 0.64375 0.01328125 0.02361111111111111
6 0.476171875 0.47638888888888886 0.00859375 0.022222222222222223
6 0.476171875 0.43194444444444446 0.01171875 0.019444444444444445
6 0.446875 0.18819444444444444 0.0078125 0.015277777777777777
6 0.476953125 0.22708333333333333 0.00703125 0.020833333333333332
6 0.467578125 0.25 0.00703125 0.019444444444444445
6 0.437890625 0.11180555555555556 0.00703125 0.015277777777777777
6 0.4484375 0.07847222222222222 0.0078125 0.015277777777777777
6 0.43515625 0.08263888888888889 0.00625 0.015277777777777777
6 0.641796875 0.51875 0.01484375 0.034722222222222224
6 0.610546875 0.37916666666666665 0.01171875 0.03333333333333333
6 0.61015625 0.2986111111111111 0.0140625 0.03333333333333333
6 0.462890625 0.4479166666666667 0.01015625 0.020833333333333332
6 0.426171875 0.006944444444444444 0.00546875 0.013888888888888888
6 0.45859375 0.02013888888888889 0.0078125 0.015277777777777777
6 0.43671875 0.04722222222222222 0.0078125 0.013888888888888888
6 0.454296875 0.15069444444444444 0.01015625 0.015277777777777777
6 0.719921875 0.6444444444444445 0.01796875 0.04722222222222222
6 0.538671875 0.13194444444444445 0.01015625 0.022222222222222223
6 0.517578125 0.011111111111111112 0.01015625 0.022222222222222223
6 0.605078125 0.1625 0.01015625 0.025
6 0.66484375 0.25416666666666665 0.0125 0.022222222222222223
