6 0.30078125 0.41875 0.0125 0.029166666666666667
6 0.27109375 0.34375 0.015625 0.029166666666666667
6 0.304296875 0.34791666666666665 0.01484375 0.029166666666666667
6 0.33125 0.3263888888888889 0.0125 0.027777777777777776
6 0.300390625 0.3055555555555556 0.01171875 0.030555555555555555
6 0.146875 0.45208333333333334 0.015625 0.04027777777777778
6 0.2375 0.7291666666666666 0.0171875 0.041666666666666664
6 0.121484375 0.7701388888888889 0.01640625 0.04861111111111111
6 0.49765625 0.7048611111111112 0.0109375 0.0375
6 0.709375 0.7402777777777778 0.0140625 0.044444444444444446
6 0.609765625 0.6784722222222223 0.01171875 0.043055555555555555
6 0.63046875 0.6666666666666666 0.015625 0.022222222222222223
6 0.85078125 0.7243055555555555 0.0140625 0.043055555555555555
6 0.853515625 0.6770833333333334 0.01328125 0.043055555555555555
6 0.837109375 0.6354166666666666 0.01328125 0.0375
6 0.798046875 0.65625 0.01328125 0.04583333333333333
6 0.890625 0.5569444444444445 0.009375 0.013888888888888888
6 0.87734375 0.4666666666666667 0.009375 0.03611111111111111
6 0.7984375 0.3888888888888889 0.009375 0.044444444444444446
6 0.835546875 0.25555555555555554 0.01328125 0.030555555555555555
6 0.825390625 0.3173611111111111 0.01171875 0.02638888888888889
6 0.855859375 0.2520833333333333 0.01328125 0.029166666666666667
6 0.8671875 0.3 0.0109375 0.027777777777777776
6 0.868359375 0.33541666666666664 0.01171875 0.03194444444444444
6 0.628515625 0.3451388888888889 0.01171875 0.03194444444444444
6 0.56484375 0.45069444444444445 0.0109375 0.034722222222222224
6 0.48046875 0.3770833333333333 0.0109375 0.034722222222222224
6 0.4609375 0.36319444444444443 0.0109375 0.0375
6 0.47109375 0.3416666666666667 0.009375 0.03611111111111111
6 0.482421875 0.3506944444444444 0.00859375 0.02638888888888889
6 0.496484375 0.35347222222222224 0.00859375 0.03194444444444444
6 0.505859375 0.3597222222222222 0.01015625 0.03888888888888889
6 0.505859375 0.3277777777777778 0.01015625 0.027777777777777776
6 0.52109375 0.3298611111111111 0.0109375 0.029166666666666667
6 0.5578125 0.30972222222222223 0.009375 0.030555555555555555
6 0.551171875 0.3909722222222222 0.01328125 0.029166666666666667
6 0.678125 0.4076388888888889 0.009375 0.029166666666666667
6 0.675390625 0.43472222222222223 0.00859375 0.030555555555555555
6 0.68359375 0.4479166666666667 0.0109375 0.03194444444444444
6 0.690625 0.3923611111111111 0.0125 0.034722222222222224
6 0.702734375 0.3680555555555556 0.01015625 0.03333333333333333
6 0.3890625 0.17708333333333334 0.0109375 0.02638888888888889
6 0.395703125 0.10833333333333334 0.01015625 0.027777777777777776
6 0.5859375 0.22361111111111112 0.0109375 0.027777777777777776
6 0.598828125 0.1763888888888889 0.01015625 0.025
6 0.788671875 0.14722222222222223 0.00859375 0.025
6 0.80625 0.13402777777777777 0.009375 0.029166666666666667
6 0.846875 0.12361111111111112 0.0125 0.022222222222222223
6 0.854296875 0.08958333333333333 0.01015625 0.02638888888888889
6 0.60625 0.06805555555555555 0.0109375 0.027777777777777776
6 0.64609375 0.04791666666666667 0.0078125 0.020833333333333332
6 0.70703125 0.08333333333333333 0.0078125 0.022222222222222223
6 0.070703125 0.5152777777777777 0.01796875 0.030555555555555555
6 0.389453125 0.07708333333333334 0.01015625 0.02638888888888889
6 0.141796875 0.3541666666666667 0.01796875 0.03888888888888889
6 0.85625 0.01597222222222222 0.0109375 0.020833333333333332
