6 0.483203125 0.5173611111111112 0.01796875 0.02361111111111111
6 0.479296875 0.5736111111111111 0.02578125 0.027777777777777776
6 0.028125 0.40902777777777777 0.0234375 0.0375
6 0.048828125 0.32569444444444445 0.01796875 0.034722222222222224
6 0.080859375 0.5395833333333333 0.02109375 0.04027777777777778
6 0.203125 0.15833333333333333 0.0265625 0.030555555555555555
6 0.65546875 0.24791666666666667 0.0171875 0.034722222222222224
6 0.871484375 0.46041666666666664 0.02265625 0.04027777777777778
6 0.971875 0.3020833333333333 0.0203125 0.043055555555555555
6 0.93671875 0.16805555555555557 0.0109375 0.03888888888888889
6 0.9765625 0.16666666666666666 0.009375 0.016666666666666666
6 0.9265625 0.09236111111111112 0.0125 0.020833333333333332
6 0.628125 0.5770833333333333 0.01875 0.034722222222222224
6 0.486328125 0.4701388888888889 0.01328125 0.02361111111111111
6 0.426171875 0.4736111111111111 0.01796875 0.030555555555555555
6 0.131640625 0.7034722222222223 0.02421875 0.05138888888888889
6 0.132421875 0.7916666666666666 0.02578125 0.03333333333333333
6 0.459765625 0.4486111111111111 0.01796875 0.03888888888888889
6 0.7671875 0.5597222222222222 0.0171875 0.03611111111111111
6 0.472265625 0.06944444444444445 0.01484375 0.027777777777777776
6 0.405078125 0.42291666666666666 0.01328125 0.02638888888888889
6 0.415625 0.44583333333333336 0.0171875 0.027777777777777776
6 0.37265625 0.5104166666666666 0.0171875 0.018055555555555554
6 0.391796875 0.5166666666666667 0.01328125 0.030555555555555555
6 0.7140625 0.35 0.0171875 0.03611111111111111
