6 0.848828125 0.7 0.03046875 0.06666666666666667
6 0.3828125 0.9715277777777778 0.046875 0.04861111111111111
6 0.25390625 0.6027777777777777 0.03125 0.07222222222222222
6 0.316796875 0.41597222222222224 0.01953125 0.05416666666666667
6 0.415234375 0.3715277777777778 0.02109375 0.04861111111111111
6 0.3859375 0.35208333333333336 0.0171875 0.04861111111111111
6 0.36484375 0.3090277777777778 0.0171875 0.04861111111111111
6 0.390234375 0.23402777777777778 0.01796875 0.0375
6 0.441796875 0.22430555555555556 0.01796875 0.04027777777777778
6 0.483203125 0.044444444444444446 0.00859375 0.019444444444444445
