6 0.589453125 0.8979166666666667 0.01328125 0.0375
6 0.6640625 0.9645833333333333 0.0125 0.034722222222222224
6 0.69765625 0.9604166666666667 0.01875 0.043055555555555555
6 0.47890625 0.9083333333333333 0.025 0.03333333333333333
6 0.4625 0.8993055555555556 0.0140625 0.015277777777777777
6 0.441796875 0.9083333333333333 0.02578125 0.025
6 0.615625 0.7520833333333333 0.0109375 0.03194444444444444
6 0.627734375 0.7208333333333333 0.01171875 0.03888888888888889
6 0.612890625 0.6965277777777777 0.01171875 0.03194444444444444
6 0.617578125 0.6493055555555556 0.01171875 0.03194444444444444
6 0.6015625 0.6618055555555555 0.009375 0.03194444444444444
6 0.58671875 0.6472222222222223 0.0125 0.027777777777777776
6 0.5703125 0.6694444444444444 0.009375 0.027777777777777776
6 0.531640625 0.6451388888888889 0.01015625 0.03194444444444444
6 0.6765625 0.7784722222222222 0.0125 0.034722222222222224
6 0.65078125 0.6111111111111112 0.009375 0.03333333333333333
6 0.668359375 0.6222222222222222 0.01171875 0.027777777777777776
6 0.66796875 0.5840277777777778 0.0125 0.03194444444444444
6 0.640234375 0.5631944444444444 0.00859375 0.03194444444444444
6 0.66171875 0.5548611111111111 0.0125 0.02638888888888889
6 0.683984375 0.5486111111111112 0.00859375 0.025
6 0.644921875 0.5375 0.01328125 0.030555555555555555
6 0.657421875 0.5305555555555556 0.01015625 0.025
6 0.505859375 0.5451388888888888 0.01171875 0.034722222222222224
6 0.545703125 0.46319444444444446 0.00859375 0.02638888888888889
6 0.53515625 0.4270833333333333 0.0109375 0.02638888888888889
6 0.548046875 0.43333333333333335 0.01171875 0.022222222222222223
6 0.537109375 0.3840277777777778 0.00859375 0.029166666666666667
6 0.52734375 0.3659722222222222 0.0078125 0.02638888888888889
6 0.52109375 0.29305555555555557 0.009375 0.025
6 0.498046875 0.2 0.00546875 0.025
6 0.508984375 0.19652777777777777 0.00546875 0.018055555555555554
6 0.50234375 0.1875 0.0046875 0.016666666666666666
6 0.4484375 0.19930555555555557 0.00625 0.020833333333333332
6 0.592578125 0.3611111111111111 0.00859375 0.025
6 0.598046875 0.33541666666666664 0.00859375 0.020833333333333332
6 0.374609375 0.05138888888888889 0.00546875 0.011111111111111112
6 0.640625 0.7902777777777777 0.009375 0.03888888888888889
6 0.71875 0.9486111111111111 0.0171875 0.041666666666666664
6 0.409375 0.8965277777777778 0.03125 0.02638888888888889
6 0.69453125 0.5145833333333333 0.009375 0.02638888888888889
6 0.267578125 0.47430555555555554 0.01171875 0.02638888888888889
