6 0.551953125 0.7736111111111111 0.01015625 0.03611111111111111
6 0.68203125 0.7909722222222222 0.0109375 0.0375
6 0.526953125 0.3715277777777778 0.00703125 0.020833333333333332
6 0.364453125 0.2375 0.00859375 0.019444444444444445
6 0.719921875 0.6604166666666667 0.01171875 0.029166666666666667
6 0.355078125 0.21666666666666667 0.00703125 0.019444444444444445
6 0.243359375 0.8430555555555556 0.01640625 0.030555555555555555
6 0.350390625 0.16527777777777777 0.00703125 0.019444444444444445
6 0.4703125 0.19791666666666666 0.0046875 0.015277777777777777
6 0.497265625 0.15833333333333333 0.00546875 0.016666666666666666
6 0.6265625 0.34930555555555554 0.00625 0.020833333333333332
6 0.631640625 0.37777777777777777 0.00703125 0.019444444444444445
6 0.719140625 0.7923611111111111 0.00859375 0.03194444444444444
6 0.7 0.8451388888888889 0.0109375 0.0375
6 0.7125 0.8340277777777778 0.0109375 0.0375
6 0.6046875 0.8506944444444444 0.0109375 0.0375
6 0.592578125 0.8340277777777778 0.01171875 0.03194444444444444
6 0.579296875 0.8701388888888889 0.01171875 0.03194444444444444
6 0.634375 0.9118055555555555 0.0109375 0.0375
6 0.617578125 0.8868055555555555 0.01015625 0.0375
6 0.588671875 0.7958333333333333 0.01171875 0.03333333333333333
6 0.589453125 0.7534722222222222 0.01171875 0.03194444444444444
6 0.590234375 0.725 0.01171875 0.03333333333333333
6 0.58203125 0.69375 0.0125 0.029166666666666667
6 0.63359375 0.8222222222222222 0.0125 0.030555555555555555
6 0.63125 0.8638888888888889 0.0125 0.030555555555555555
6 0.58359375 0.6583333333333333 0.0125 0.022222222222222223
6 0.01875 0.8902777777777777 0.028125 0.03333333333333333
6 0.14765625 0.9902777777777778 0.015625 0.019444444444444445
6 0.01328125 0.24791666666666667 0.0203125 0.02361111111111111
6 0.03671875 0.23194444444444445 0.01875 0.022222222222222223
6 0.480078125 0.016666666666666666 0.00703125 0.025
