6 0.956640625 0.8848580441640379 0.06953125 0.1861198738170347
6 0.350390625 0.3643533123028391 0.02578125 0.06624605678233439
6 0.281640625 0.5118296529968455 0.03046875 0.07728706624605679
6 0.696875 0.25709779179810727 0.021875 0.06624605678233439
6 0.39140625 0.333596214511041 0.021875 0.06466876971608833
6 0.34453125 0.527602523659306 0.03125 0.0804416403785489
6 0.3546875 0.9518927444794952 0.05 0.083596214511041
6 0.713671875 0.1892744479495268 0.01796875 0.056782334384858045
6 0.665625 0.16246056782334384 0.015625 0.05362776025236593
6 0.52890625 0.08911671924290221 0.0109375 0.033123028391167195
6 0.486328125 0.05362776025236593 0.01171875 0.022082018927444796
6 0.640625 0.050473186119873815 0.0109375 0.031545741324921134
6 0.694921875 0.1829652996845426 0.01484375 0.03785488958990536
