6 0.568359375 0.4791666666666667 0.01328125 0.03333333333333333
6 0.547265625 0.5833333333333334 0.01171875 0.03888888888888889
6 0.591015625 0.35625 0.01171875 0.03194444444444444
6 0.3578125 0.3368055555555556 0.0140625 0.02638888888888889
6 0.362890625 0.2326388888888889 0.01328125 0.02638888888888889
6 0.2609375 0.2625 0.0140625 0.025
6 0.305859375 0.19027777777777777 0.01328125 0.019444444444444445
6 0.323046875 0.1951388888888889 0.01171875 0.020833333333333332
6 0.338671875 0.16597222222222222 0.01015625 0.02638888888888889
6 0.35078125 0.13819444444444445 0.0109375 0.02361111111111111
6 0.387109375 0.14027777777777778 0.01171875 0.022222222222222223
6 0.4015625 0.15347222222222223 0.009375 0.02361111111111111
6 0.733984375 0.2152777777777778 0.01015625 0.027777777777777776
6 0.8296875 0.33541666666666664 0.0125 0.03194444444444444
6 0.861328125 0.5763888888888888 0.01328125 0.03611111111111111
6 0.88125 0.5680555555555555 0.0125 0.041666666666666664
6 0.844921875 0.5840277777777778 0.01171875 0.034722222222222224
6 0.722265625 0.42569444444444443 0.01328125 0.02638888888888889
6 0.143359375 0.41041666666666665 0.01484375 0.04027777777777778
6 0.180078125 0.30972222222222223 0.01796875 0.04722222222222222
6 0.344140625 0.24027777777777778 0.01015625 0.025
6 0.3671875 0.17430555555555555 0.0109375 0.020833333333333332
6 0.4140625 0.05486111111111111 0.0109375 0.018055555555555554
6 0.426171875 0.03958333333333333 0.01171875 0.020833333333333332
6 0.473828125 0.06388888888888888 0.01015625 0.019444444444444445
6 0.48125 0.07569444444444444 0.009375 0.018055555555555554
6 0.490625 0.06527777777777778 0.009375 0.019444444444444445
6 0.555078125 0.12222222222222222 0.00859375 0.019444444444444445
6 0.437890625 0.5152777777777777 0.01484375 0.016666666666666666
6 0.46328125 0.7840277777777778 0.015625 0.03194444444444444
6 0.48828125 0.5527777777777778 0.009375 0.03888888888888889
6 0.683203125 0.6534722222222222 0.01484375 0.04583333333333333
6 0.70234375 0.6409722222222223 0.0171875 0.020833333333333332
6 0.54609375 0.25416666666666665 0.009375 0.013888888888888888
6 0.532421875 0.3020833333333333 0.00859375 0.018055555555555554
6 0.536328125 0.3229166666666667 0.01015625 0.020833333333333332
6 0.600390625 0.32916666666666666 0.01171875 0.03333333333333333
6 0.578515625 0.42569444444444443 0.01015625 0.03194444444444444
6 0.572265625 0.44166666666666665 0.01328125 0.03333333333333333
6 0.55703125 0.5541666666666667 0.0140625 0.03611111111111111
6 0.7546875 0.61875 0.015625 0.018055555555555554
6 0.83125 0.5451388888888888 0.0140625 0.020833333333333332
6 0.8515625 0.6326388888888889 0.0140625 0.04583333333333333
6 0.872265625 0.6041666666666666 0.00859375 0.027777777777777776
6 0.85390625 0.44722222222222224 0.0125 0.03611111111111111
6 0.884375 0.37430555555555556 0.0109375 0.034722222222222224
6 0.912109375 0.059722222222222225 0.00859375 0.025
6 0.862890625 0.03194444444444444 0.01015625 0.025
