6 0.470703125 0.34305555555555556 0.01640625 0.025
6 0.541796875 0.3423611111111111 0.01171875 0.04583333333333333
6 0.433203125 0.2986111111111111 0.01640625 0.025
6 0.546484375 0.5138888888888888 0.01328125 0.03333333333333333
6 0.253125 0.22430555555555556 0.0125 0.02638888888888889
6 0.565625 0.3611111111111111 0.0109375 0.03333333333333333
6 0.269140625 0.3680555555555556 0.01171875 0.027777777777777776
6 0.56484375 0.6583333333333333 0.0203125 0.03611111111111111
6 0.531640625 0.6013888888888889 0.01640625 0.030555555555555555
6 0.28984375 0.3402777777777778 0.0125 0.022222222222222223
6 0.6046875 0.7868055555555555 0.021875 0.043055555555555555
6 0.60859375 0.7159722222222222 0.0203125 0.0375
6 0.30703125 0.6027777777777777 0.01875 0.025
6 0.304296875 0.6590277777777778 0.02109375 0.02361111111111111
6 0.53203125 0.25 0.0125 0.025
6 0.545703125 0.27361111111111114 0.01328125 0.025
6 0.567578125 0.3076388888888889 0.01328125 0.020833333333333332
6 0.252734375 0.30416666666666664 0.01171875 0.025
6 0.240625 0.18819444444444444 0.0125 0.020833333333333332
6 0.25546875 0.18263888888888888 0.009375 0.018055555555555554
6 0.2734375 0.18194444444444444 0.0109375 0.022222222222222223
6 0.37734375 0.16111111111111112 0.009375 0.025
6 0.42578125 0.17222222222222222 0.009375 0.030555555555555555
6 0.40625 0.24444444444444444 0.0125 0.027777777777777776
