6 0.19375 0.6868055555555556 0.0109375 0.03194444444444444
6 0.166015625 0.7979166666666667 0.01171875 0.03194444444444444
6 0.25078125 0.6861111111111111 0.0125 0.022222222222222223
6 0.297265625 0.5284722222222222 0.01015625 0.018055555555555554
6 0.30546875 0.44513888888888886 0.0109375 0.02361111111111111
6 0.24375 0.5368055555555555 0.0125 0.020833333333333332
6 0.4046875 0.28888888888888886 0.0125 0.022222222222222223
6 0.38984375 0.3840277777777778 0.0125 0.020833333333333332
6 0.4078125 0.44305555555555554 0.0125 0.022222222222222223
6 0.425390625 0.3576388888888889 0.01015625 0.018055555555555554
6 0.311328125 0.775 0.01328125 0.025
6 0.3359375 0.71875 0.0125 0.018055555555555554
6 0.373828125 0.6798611111111111 0.01171875 0.020833333333333332
6 0.373828125 0.6388888888888888 0.01171875 0.019444444444444445
6 0.493359375 0.6048611111111111 0.01015625 0.02638888888888889
6 0.5390625 0.5097222222222222 0.0109375 0.025
6 0.50859375 0.4201388888888889 0.0109375 0.02638888888888889
6 0.5015625 0.49375 0.0109375 0.02638888888888889
6 0.503125 0.4625 0.009375 0.016666666666666666
6 0.65546875 0.6118055555555556 0.009375 0.020833333333333332
6 0.4078125 0.20694444444444443 0.0078125 0.013888888888888888
6 0.41015625 0.22916666666666666 0.0078125 0.013888888888888888
6 0.477734375 0.7847222222222222 0.01484375 0.041666666666666664
6 0.601171875 0.3763888888888889 0.00703125 0.025
6 0.28359375 0.25972222222222224 0.00625 0.013888888888888888
6 0.4140625 0.24375 0.0046875 0.015277777777777777
6 0.408203125 0.16875 0.00546875 0.0125
6 0.434375 0.16944444444444445 0.0046875 0.011111111111111112
6 0.40859375 0.14375 0.0046875 0.0125
6 0.4140625 0.1527777777777778 0.0046875 0.011111111111111112
6 0.65859375 0.6506944444444445 0.009375 0.02638888888888889
6 0.680078125 0.4125 0.00546875 0.019444444444444445
6 0.228515625 0.7777777777777778 0.01484375 0.03333333333333333
6 0.13984375 0.6715277777777777 0.0109375 0.02638888888888889
6 0.212890625 0.3416666666666667 0.00703125 0.016666666666666666
6 0.1921875 0.23125 0.0078125 0.015277777777777777
6 0.18671875 0.05277777777777778 0.0046875 0.013888888888888888
6 0.258203125 0.035416666666666666 0.00703125 0.0125
6 0.269921875 0.0625 0.00546875 0.011111111111111112
6 0.33046875 0.32083333333333336 0.009375 0.019444444444444445
6 0.178515625 0.9472222222222222 0.01796875 0.03333333333333333
6 0.4 0.04861111111111111 0.0046875 0.011111111111111112
6 0.405859375 0.03333333333333333 0.00546875 0.013888888888888888
6 0.4015625 0.029166666666666667 0.0046875 0.013888888888888888
6 0.396875 0.034027777777777775 0.00625 0.0125
6 0.39140625 0.029861111111111113 0.0046875 0.0125
6 0.474609375 0.10625 0.00546875 0.015277777777777777
6 0.6140625 0.2 0.00625 0.016666666666666666
6 0.58125 0.2590277777777778 0.00625 0.018055555555555554
