6 0.601953125 0.5680555555555555 0.02265625 0.044444444444444446
6 0.56875 0.2923611111111111 0.0125 0.02361111111111111
6 0.628515625 0.3388888888888889 0.01484375 0.027777777777777776
6 0.441015625 0.16875 0.01015625 0.02361111111111111
6 0.501171875 0.27847222222222223 0.01015625 0.029166666666666667
6 0.3375 0.32430555555555557 0.015625 0.029166666666666667
6 0.3203125 0.5208333333333334 0.0171875 0.027777777777777776
6 0.313671875 0.47638888888888886 0.01328125 0.019444444444444445
6 0.304296875 0.42986111111111114 0.01796875 0.02638888888888889
6 0.531640625 0.3576388888888889 0.01328125 0.020833333333333332
6 0.56953125 0.2611111111111111 0.0140625 0.019444444444444445
6 0.565625 0.4513888888888889 0.0171875 0.022222222222222223
6 0.36640625 0.06875 0.00625 0.015277777777777777
6 0.355078125 0.07291666666666667 0.00859375 0.015277777777777777
6 0.715625 0.7923611111111111 0.025 0.04583333333333333
6 0.36796875 0.035416666666666666 0.0109375 0.020833333333333332
6 0.38515625 0.0798611111111111 0.0109375 0.020833333333333332
