6 0.63359375 0.7701388888888889 0.0140625 0.04027777777777778
6 0.475390625 0.44027777777777777 0.01015625 0.030555555555555555
6 0.4671875 0.3680555555555556 0.009375 0.025
6 0.490234375 0.3576388888888889 0.00859375 0.020833333333333332
6 0.50703125 0.3597222222222222 0.009375 0.025
6 0.54140625 0.43472222222222223 0.009375 0.027777777777777776
6 0.5625 0.5631944444444444 0.0109375 0.020833333333333332
6 0.56328125 0.5368055555555555 0.0109375 0.018055555555555554
6 0.4 0.6166666666666667 0.009375 0.030555555555555555
6 0.427734375 0.5875 0.00859375 0.027777777777777776
6 0.395703125 0.5798611111111112 0.01328125 0.02361111111111111
6 0.38046875 0.5618055555555556 0.0078125 0.02638888888888889
6 0.38671875 0.64375 0.0109375 0.02361111111111111
6 0.38515625 0.47847222222222224 0.009375 0.02361111111111111
6 0.38046875 0.44305555555555554 0.009375 0.022222222222222223
6 0.36875 0.4131944444444444 0.0078125 0.02361111111111111
6 0.4375 0.5305555555555556 0.009375 0.025
6 0.43515625 0.4666666666666667 0.009375 0.019444444444444445
6 0.65546875 0.6701388888888888 0.0125 0.0375
6 0.700390625 0.6791666666666667 0.01328125 0.03611111111111111
6 0.690625 0.6423611111111112 0.0125 0.034722222222222224
6 0.333203125 0.30486111111111114 0.00703125 0.018055555555555554
6 0.3234375 0.28958333333333336 0.0078125 0.018055555555555554
6 0.3375 0.2916666666666667 0.0078125 0.016666666666666666
6 0.34140625 0.27847222222222223 0.0078125 0.018055555555555554
6 0.35234375 0.2798611111111111 0.00625 0.0125
6 0.387890625 0.19722222222222222 0.00703125 0.019444444444444445
6 0.40234375 0.2 0.00625 0.019444444444444445
6 0.340234375 0.16944444444444445 0.00703125 0.013888888888888888
6 0.365625 0.11736111111111111 0.0078125 0.015277777777777777
6 0.47265625 0.20694444444444443 0.00625 0.013888888888888888
6 0.47734375 0.175 0.00625 0.013888888888888888
6 0.4625 0.1673611111111111 0.00625 0.0125
6 0.43203125 0.24305555555555555 0.0078125 0.013888888888888888
6 0.23203125 0.44930555555555557 0.0125 0.020833333333333332
6 0.21484375 0.2902777777777778 0.0078125 0.025
6 0.196875 0.2701388888888889 0.009375 0.020833333333333332
6 0.13984375 0.12638888888888888 0.0078125 0.016666666666666666
6 0.22890625 0.03819444444444445 0.00625 0.015277777777777777
6 0.24609375 0.0798611111111111 0.00625 0.015277777777777777
6 0.266796875 0.075 0.00546875 0.013888888888888888
6 0.28984375 0.20694444444444443 0.00625 0.016666666666666666
6 0.2984375 0.21388888888888888 0.00625 0.016666666666666666
6 0.30390625 0.24375 0.0078125 0.018055555555555554
6 0.36015625 0.29097222222222224 0.0078125 0.015277777777777777
6 0.360546875 0.011805555555555555 0.00546875 0.015277777777777777
6 0.562109375 0.3458333333333333 0.00859375 0.016666666666666666
6 0.568359375 0.35625 0.00859375 0.018055555555555554
6 0.56640625 0.3194444444444444 0.0078125 0.016666666666666666
