6 0.9485 0.5094339622641509 0.047 0.1018867924528302
6 0.332 0.3 0.026 0.06792452830188679
6 0.429 0.2490566037735849 0.026 0.052830188679245285
6 0.7475 0.3849056603773585 0.045 0.1018867924528302
6 0.6515 0.23867924528301887 0.025 0.06981132075471698
6 0.3845 0.2981132075471698 0.031 0.052830188679245285
6 0.06 0.6613207547169812 0.064 0.10377358490566038
6 0.464 0.08679245283018867 0.022 0.045283018867924525
6 0.7735 0.05 0.019 0.035849056603773584
6 0.8865 0.19905660377358492 0.031 0.06981132075471698
6 0.758 0.024528301886792454 0.016 0.03773584905660377
6 0.7395 0.031132075471698113 0.017 0.035849056603773584
