6 0.959375 0.6430555555555556 0.0796875 0.15
6 0.41953125 0.29791666666666666 0.0203125 0.05138888888888889
6 0.601171875 0.125 0.01484375 0.05
6 0.583203125 0.10555555555555556 0.01328125 0.044444444444444446
6 0.385546875 0.3972222222222222 0.02421875 0.06666666666666667
6 0.435546875 0.7138888888888889 0.03515625 0.1
6 0.684765625 0.21319444444444444 0.02421875 0.05694444444444444
6 0.573046875 0.20347222222222222 0.02265625 0.05694444444444444
6 0.3984375 0.06458333333333334 0.009375 0.02638888888888889
6 0.648828125 0.20625 0.01953125 0.05416666666666667
6 0.63671875 0.16319444444444445 0.01875 0.04583333333333333
