6 0.555078125 0.7965277777777777 0.01015625 0.029166666666666667
6 0.528125 0.39444444444444443 0.009375 0.025
6 0.369921875 0.08958333333333333 0.00703125 0.0125
6 0.31875 0.30694444444444446 0.00625 0.019444444444444445
6 0.268359375 0.4722222222222222 0.01171875 0.022222222222222223
6 0.469140625 0.21944444444444444 0.00546875 0.019444444444444445
6 0.495703125 0.17916666666666667 0.00546875 0.019444444444444445
6 0.566015625 0.18333333333333332 0.00546875 0.019444444444444445
6 0.58515625 0.6763888888888889 0.009375 0.022222222222222223
6 0.584765625 0.7145833333333333 0.01015625 0.029166666666666667
6 0.593359375 0.7451388888888889 0.01015625 0.029166666666666667
6 0.592578125 0.7743055555555556 0.01015625 0.029166666666666667
6 0.591796875 0.8201388888888889 0.01015625 0.029166666666666667
6 0.594140625 0.8604166666666667 0.01015625 0.029166666666666667
6 0.608203125 0.8798611111111111 0.01015625 0.029166666666666667
6 0.58359375 0.8993055555555556 0.0109375 0.03194444444444444
6 0.621484375 0.9090277777777778 0.01015625 0.029166666666666667
6 0.634765625 0.8881944444444444 0.01015625 0.029166666666666667
6 0.684765625 0.81875 0.01015625 0.029166666666666667
6 0.638671875 0.9388888888888889 0.01015625 0.03333333333333333
6 0.636328125 0.8493055555555555 0.01015625 0.029166666666666667
6 0.703515625 0.8645833333333334 0.01015625 0.029166666666666667
6 0.715625 0.8527777777777777 0.0109375 0.030555555555555555
6 0.72265625 0.8069444444444445 0.0109375 0.03333333333333333
6 0.37734375 0.9222222222222223 0.0296875 0.025
6 0.373046875 0.04097222222222222 0.00546875 0.0125
6 0.453125 0.09444444444444444 0.0046875 0.011111111111111112
6 0.49375 0.1375 0.0046875 0.019444444444444445
6 0.6515625 0.38263888888888886 0.009375 0.029166666666666667
6 0.63203125 0.3680555555555556 0.009375 0.013888888888888888
6 0.626171875 0.37083333333333335 0.00703125 0.025
6 0.58359375 0.2520833333333333 0.009375 0.02361111111111111
6 0.58046875 0.22777777777777777 0.0078125 0.019444444444444445
