6 0.18203125 0.7458333333333333 0.0375 0.08055555555555556
6 0.343359375 0.3277777777777778 0.01640625 0.025
6 0.35078125 0.39305555555555555 0.021875 0.05
6 0.39765625 0.22013888888888888 0.0171875 0.034722222222222224
6 0.418359375 0.2375 0.01484375 0.044444444444444446
6 0.461328125 0.2013888888888889 0.01484375 0.03611111111111111
6 0.506640625 0.16180555555555556 0.01640625 0.03194444444444444
6 0.5234375 0.09027777777777778 0.0140625 0.027777777777777776
6 0.419921875 0.11041666666666666 0.01015625 0.02638888888888889
6 0.500390625 0.03611111111111111 0.01015625 0.022222222222222223
