6 0.9765 0.3490566037735849 0.039 0.08679245283018867
6 0.9305 0.35094339622641507 0.037 0.09056603773584905
6 0.866 0.3169811320754717 0.042 0.08679245283018867
6 0.379 0.2481132075471698 0.03 0.05471698113207547
6 0.403 0.5566037735849056 0.042 0.09433962264150944
6 0.864 0.1792452830188679 0.03 0.06415094339622641
6 0.252 0.3650943396226415 0.034 0.062264150943396226
6 0.3465 0.360377358490566 0.037 0.06037735849056604
6 0.333 0.22830188679245284 0.028 0.05660377358490566
6 0.5645 0.048113207547169815 0.017 0.035849056603773584
6 0.799 0.09622641509433963 0.022 0.052830188679245285
