6 0.2890625 0.4951388888888889 0.0140625 0.04861111111111111
6 0.248828125 0.34791666666666665 0.02421875 0.04027777777777778
6 0.2875 0.5513888888888889 0.021875 0.058333333333333334
6 0.27265625 0.4701388888888889 0.0171875 0.04583333333333333
6 0.382421875 0.675 0.02578125 0.030555555555555555
6 0.414453125 0.6236111111111111 0.02109375 0.027777777777777776
6 0.581640625 0.5284722222222222 0.01171875 0.02638888888888889
6 0.5703125 0.4840277777777778 0.0125 0.015277777777777777
6 0.599609375 0.44930555555555557 0.01796875 0.04027777777777778
6 0.62265625 0.4041666666666667 0.0171875 0.027777777777777776
6 0.636328125 0.32430555555555557 0.02109375 0.034722222222222224
6 0.745703125 0.46875 0.01953125 0.018055555555555554
6 0.75859375 0.50625 0.0203125 0.02638888888888889
6 0.875 0.5111111111111111 0.0171875 0.03611111111111111
6 0.759765625 0.7472222222222222 0.02109375 0.027777777777777776
6 0.791796875 0.7236111111111111 0.01953125 0.025
6 0.773046875 0.7145833333333333 0.01484375 0.020833333333333332
6 0.90078125 0.1798611111111111 0.015625 0.020833333333333332
6 0.847265625 0.19166666666666668 0.01171875 0.019444444444444445
6 0.908984375 0.13333333333333333 0.01640625 0.03611111111111111
6 0.34140625 0.08125 0.0203125 0.020833333333333332
