6 0.300390625 0.6597222222222222 0.01328125 0.041666666666666664
6 0.31484375 0.6819444444444445 0.0140625 0.03888888888888889
6 0.328515625 0.64375 0.01328125 0.043055555555555555
6 0.36796875 0.3159722222222222 0.009375 0.034722222222222224
6 0.37421875 0.2923611111111111 0.0109375 0.02638888888888889
6 0.41015625 0.34791666666666665 0.0140625 0.034722222222222224
6 0.45546875 0.3368055555555556 0.0140625 0.0375
6 0.445703125 0.3111111111111111 0.01328125 0.03333333333333333
6 0.443359375 0.4388888888888889 0.01171875 0.03333333333333333
6 0.4375 0.47847222222222224 0.0125 0.03194444444444444
6 0.43125 0.5125 0.0109375 0.03888888888888889
6 0.79765625 0.2423611111111111 0.0109375 0.034722222222222224
6 0.79375 0.1486111111111111 0.009375 0.03611111111111111
6 0.787109375 0.10972222222222222 0.01171875 0.027777777777777776
6 0.51953125 0.2513888888888889 0.0109375 0.027777777777777776
6 0.565234375 0.2423611111111111 0.01015625 0.029166666666666667
6 0.163671875 0.44513888888888886 0.01640625 0.029166666666666667
6 0.146875 0.22361111111111112 0.015625 0.030555555555555555
6 0.18515625 0.12430555555555556 0.0109375 0.02361111111111111
6 0.310546875 0.10069444444444445 0.01015625 0.018055555555555554
6 0.06484375 0.2465277777777778 0.015625 0.0375
6 0.660546875 0.05625 0.01015625 0.02638888888888889
6 0.6390625 0.05486111111111111 0.0125 0.029166666666666667
6 0.55 0.5888888888888889 0.0109375 0.03888888888888889
6 0.551953125 0.5465277777777777 0.01328125 0.029166666666666667
6 0.604296875 0.49583333333333335 0.01484375 0.03888888888888889
6 0.645703125 0.65625 0.01484375 0.034722222222222224
6 0.659765625 0.5645833333333333 0.01640625 0.043055555555555555
6 0.6171875 0.32569444444444445 0.0125 0.0375
6 0.015625 0.3638888888888889 0.015625 0.03333333333333333
6 0.590234375 0.0125 0.01015625 0.025
6 0.498828125 0.025 0.01015625 0.025
6 0.788671875 0.022916666666666665 0.00859375 0.02638888888888889
6 0.5984375 0.27152777777777776 0.009375 0.03194444444444444
