6 0.818 0.30754716981132074 0.042 0.09811320754716982
6 0.8765 0.2528301886792453 0.033 0.0830188679245283
6 0.886 0.5103773584905661 0.056 0.12264150943396226
6 0.941 0.219811320754717 0.03 0.07358490566037736
6 0.885 0.38018867924528305 0.04 0.06981132075471698
6 0.5465 0.8603773584905661 0.081 0.1811320754716981
6 0.354 0.330188679245283 0.04 0.07547169811320754
6 0.4725 0.23679245283018868 0.031 0.06981132075471698
6 0.431 0.2009433962264151 0.034 0.062264150943396226
6 0.497 0.06981132075471698 0.024 0.04905660377358491
6 0.843 0.02358490566037736 0.024 0.03962264150943396
6 0.848 0.19811320754716982 0.036 0.07924528301886792
6 0.794 0.2179245283018868 0.034 0.07358490566037736
6 0.756 0.30471698113207546 0.038 0.09622641509433963
