6 0.328515625 0.33402777777777776 0.00859375 0.018055555555555554
6 0.625 0.9055555555555556 0.0109375 0.03611111111111111
6 0.555078125 0.7951388888888888 0.01171875 0.0375
6 0.587109375 0.8916666666666667 0.01171875 0.03333333333333333
6 0.7234375 0.8041666666666667 0.0109375 0.03333333333333333
6 0.52265625 0.3951388888888889 0.009375 0.02638888888888889
6 0.35703125 0.12430555555555556 0.0046875 0.015277777777777777
6 0.34765625 0.24583333333333332 0.0078125 0.022222222222222223
6 0.0296875 0.94375 0.025 0.034722222222222224
6 0.08359375 0.8861111111111111 0.0171875 0.03333333333333333
6 0.340625 0.12986111111111112 0.0046875 0.015277777777777777
6 0.4625 0.22708333333333333 0.0078125 0.020833333333333332
6 0.4890625 0.18263888888888888 0.0078125 0.020833333333333332
6 0.54765625 0.16041666666666668 0.0078125 0.020833333333333332
6 0.5796875 0.2604166666666667 0.0078125 0.020833333333333332
6 0.612890625 0.3458333333333333 0.01171875 0.019444444444444445
6 0.619921875 0.37083333333333335 0.00703125 0.022222222222222223
6 0.629296875 0.36666666666666664 0.00546875 0.008333333333333333
6 0.64140625 0.9354166666666667 0.0109375 0.0375
6 0.63828125 0.8847222222222222 0.0109375 0.03611111111111111
6 0.6375 0.8430555555555556 0.0109375 0.022222222222222223
6 0.611328125 0.8743055555555556 0.01015625 0.034722222222222224
6 0.597265625 0.8576388888888888 0.01015625 0.034722222222222224
6 0.59296875 0.8152777777777778 0.0109375 0.03333333333333333
6 0.593359375 0.7770833333333333 0.01015625 0.034722222222222224
6 0.591796875 0.7423611111111111 0.01015625 0.034722222222222224
6 0.583984375 0.7104166666666667 0.01171875 0.029166666666666667
6 0.5859375 0.6736111111111112 0.0125 0.030555555555555555
6 0.7046875 0.8555555555555555 0.0109375 0.03333333333333333
6 0.71875 0.8423611111111111 0.0109375 0.03194444444444444
6 0.68671875 0.8083333333333333 0.0109375 0.03333333333333333
6 0.62734375 0.31527777777777777 0.0109375 0.027777777777777776
6 0.486328125 0.1486111111111111 0.00703125 0.016666666666666666
6 0.46953125 0.04652777777777778 0.00625 0.015277777777777777
