6 0.287109375 0.5229166666666667 0.01171875 0.020833333333333332
6 0.214453125 0.6465277777777778 0.01484375 0.02638888888888889
6 0.569921875 0.8020833333333334 0.00859375 0.034722222222222224
6 0.716796875 0.8736111111111111 0.01328125 0.03611111111111111
6 0.39921875 0.5770833333333333 0.0109375 0.02361111111111111
6 0.36171875 0.2534722222222222 0.00625 0.020833333333333332
6 0.48359375 0.2263888888888889 0.00625 0.019444444444444445
6 0.51015625 0.18125 0.00625 0.020833333333333332
6 0.598828125 0.7125 0.01015625 0.027777777777777776
6 0.605859375 0.75625 0.01015625 0.029166666666666667
6 0.60703125 0.8333333333333334 0.009375 0.027777777777777776
6 0.598046875 0.9041666666666667 0.01015625 0.030555555555555555
6 0.62421875 0.88125 0.0109375 0.034722222222222224
6 0.65234375 0.8493055555555555 0.0109375 0.034722222222222224
6 0.64921875 0.89375 0.0109375 0.034722222222222224
6 0.6375 0.9090277777777778 0.0109375 0.034722222222222224
6 0.609375 0.8680555555555556 0.009375 0.030555555555555555
6 0.6546875 0.9430555555555555 0.0109375 0.03888888888888889
6 0.70078125 0.8243055555555555 0.0140625 0.029166666666666667
6 0.731640625 0.8555555555555555 0.01328125 0.03611111111111111
6 0.73828125 0.8125 0.0125 0.03333333333333333
6 0.3859375 0.02638888888888889 0.00625 0.019444444444444445
6 0.4875 0.12291666666666666 0.00625 0.018055555555555554
6 0.50546875 0.1638888888888889 0.00625 0.019444444444444445
6 0.540625 0.4027777777777778 0.009375 0.025
6 0.630859375 0.3541666666666667 0.01015625 0.025
6 0.63515625 0.33541666666666664 0.00625 0.018055555555555554
6 0.63515625 0.29444444444444445 0.009375 0.022222222222222223
