6 0.538671875 0.32916666666666666 0.01484375 0.019444444444444445
6 0.6921875 0.7229166666666667 0.01875 0.04027777777777778
6 0.326171875 0.49166666666666664 0.01640625 0.041666666666666664
6 0.323828125 0.42430555555555555 0.01953125 0.02361111111111111
6 0.700390625 0.8527777777777777 0.02734375 0.05
6 0.778515625 0.9625 0.02578125 0.05
6 0.3453125 0.6493055555555556 0.021875 0.029166666666666667
6 0.36796875 0.9180555555555555 0.0140625 0.030555555555555555
6 0.472265625 0.9388888888888889 0.02421875 0.03333333333333333
6 0.46875 0.7881944444444444 0.01875 0.034722222222222224
6 0.5109375 0.2652777777777778 0.0140625 0.030555555555555555
6 0.576953125 0.2847222222222222 0.01640625 0.03333333333333333
6 0.66171875 0.34444444444444444 0.0078125 0.030555555555555555
6 0.56953125 0.1840277777777778 0.0140625 0.018055555555555554
6 0.4859375 0.15208333333333332 0.0125 0.018055555555555554
6 0.42734375 0.07847222222222222 0.0125 0.015277777777777777
6 0.490234375 0.10555555555555556 0.01171875 0.019444444444444445
6 0.3046875 0.029166666666666667 0.009375 0.019444444444444445
