6 0.101953125 0.9100946372239748 0.06640625 0.1640378548895899
6 0.36875 0.35410094637223977 0.01875 0.07097791798107256
6 0.640625 0.2894321766561514 0.0234375 0.07097791798107256
6 0.46953125 0.3667192429022082 0.0234375 0.052050473186119876
6 0.678125 0.3824921135646688 0.028125 0.09621451104100946
6 0.3734375 0.6790220820189274 0.0328125 0.10252365930599369
6 0.334765625 0.5520504731861199 0.02890625 0.07886435331230283
6 0.619140625 0.026025236593059938 0.00859375 0.02996845425867508
6 0.45546875 0.12066246056782334 0.0140625 0.03627760252365931
6 0.481640625 0.06782334384858044 0.01171875 0.022082018927444796
