6 0.292578125 0.9631944444444445 0.01640625 0.03194444444444444
6 0.2671875 0.36666666666666664 0.0109375 0.025
6 0.246875 0.3715277777777778 0.009375 0.02361111111111111
6 0.24140625 0.2833333333333333 0.0078125 0.022222222222222223
6 0.337890625 0.2 0.00859375 0.019444444444444445
6 0.647265625 0.8736111111111111 0.01484375 0.044444444444444446
6 0.232421875 0.22847222222222222 0.00703125 0.018055555555555554
6 0.315625 0.12083333333333333 0.00625 0.016666666666666666
6 0.22734375 0.14305555555555555 0.00625 0.016666666666666666
6 0.23359375 0.12222222222222222 0.00625 0.016666666666666666
6 0.2421875 0.12152777777777778 0.00625 0.015277777777777777
6 0.24453125 0.059722222222222225 0.0046875 0.011111111111111112
6 0.26640625 0.043055555555555555 0.0046875 0.011111111111111112
6 0.281640625 0.022222222222222223 0.00390625 0.011111111111111112
6 0.300390625 0.06388888888888888 0.00390625 0.011111111111111112
6 0.275 0.041666666666666664 0.0046875 0.011111111111111112
6 0.216796875 0.05416666666666667 0.00390625 0.011111111111111112
6 0.337109375 0.09027777777777778 0.00390625 0.011111111111111112
6 0.296875 0.04375 0.0078125 0.020833333333333332
6 0.3140625 0.03194444444444444 0.00625 0.016666666666666666
