6 0.625390625 0.8993055555555556 0.01171875 0.034722222222222224
6 0.558984375 0.7881944444444444 0.01015625 0.03194444444444444
6 0.689453125 0.8118055555555556 0.01171875 0.03194444444444444
6 0.53359375 0.38680555555555557 0.009375 0.02638888888888889
6 0.2390625 0.6402777777777777 0.0171875 0.030555555555555555
6 0.2140625 0.61875 0.015625 0.029166666666666667
6 0.22890625 0.6125 0.0171875 0.022222222222222223
6 0.294921875 0.5201388888888889 0.01328125 0.02361111111111111
6 0.33984375 0.3611111111111111 0.0125 0.019444444444444445
6 0.7484375 0.6965277777777777 0.015625 0.02361111111111111
6 0.761328125 0.6951388888888889 0.00859375 0.020833333333333332
6 0.7234375 0.6326388888888889 0.009375 0.02638888888888889
6 0.712109375 0.5847222222222223 0.01171875 0.027777777777777776
6 0.506640625 0.9291666666666667 0.01640625 0.03611111111111111
6 0.330859375 0.4444444444444444 0.01328125 0.025
6 0.476171875 0.2111111111111111 0.00546875 0.013888888888888888
6 0.502734375 0.16805555555555557 0.00546875 0.013888888888888888
6 0.408984375 0.12222222222222222 0.00546875 0.013888888888888888
6 0.482421875 0.10694444444444444 0.00546875 0.013888888888888888
6 0.60078125 0.2465277777777778 0.00625 0.015277777777777777
6 0.60078125 0.2708333333333333 0.00625 0.013888888888888888
6 0.61640625 0.3125 0.0078125 0.013888888888888888
6 0.645703125 0.33194444444444443 0.00859375 0.019444444444444445
6 0.7078125 0.8590277777777777 0.0109375 0.03194444444444444
6 0.720703125 0.8493055555555555 0.01171875 0.03194444444444444
6 0.727734375 0.8118055555555556 0.01171875 0.03194444444444444
6 0.6390625 0.88125 0.0125 0.034722222222222224
6 0.640625 0.84375 0.0125 0.034722222222222224
6 0.612890625 0.8673611111111111 0.01171875 0.0375
6 0.587890625 0.8847222222222222 0.01640625 0.041666666666666664
6 0.598828125 0.8548611111111111 0.01171875 0.0375
6 0.64296875 0.93125 0.0125 0.034722222222222224
6 0.595703125 0.8145833333333333 0.01171875 0.029166666666666667
6 0.596875 0.7729166666666667 0.0109375 0.029166666666666667
6 0.595703125 0.7354166666666667 0.01171875 0.018055555555555554
6 0.5890625 0.7090277777777778 0.0109375 0.029166666666666667
6 0.590625 0.6729166666666667 0.0109375 0.029166666666666667
6 0.376171875 0.0625 0.00546875 0.013888888888888888
6 0.48671875 0.03263888888888889 0.0046875 0.018055555555555554
