6 0.766796875 0.8715277777777778 0.01328125 0.03194444444444444
6 0.75 0.85 0.0125 0.016666666666666666
6 0.81484375 0.8798611111111111 0.015625 0.029166666666666667
6 0.799609375 0.8513888888888889 0.01484375 0.03333333333333333
6 0.733984375 0.9222222222222223 0.01484375 0.027777777777777776
6 0.7453125 0.8972222222222223 0.0109375 0.025
6 0.716015625 0.9180555555555555 0.01171875 0.025
6 0.69921875 0.9236111111111112 0.0125 0.030555555555555555
6 0.66328125 0.8222222222222222 0.0125 0.025
6 0.70390625 0.7909722222222222 0.009375 0.02361111111111111
6 0.70078125 0.75625 0.0109375 0.020833333333333332
6 0.698046875 0.7027777777777777 0.01484375 0.025
6 0.7 0.6583333333333333 0.009375 0.019444444444444445
6 0.7 0.625 0.0109375 0.016666666666666666
6 0.39140625 0.6701388888888888 0.015625 0.02361111111111111
6 0.500390625 0.3277777777777778 0.01015625 0.016666666666666666
6 0.52421875 0.24861111111111112 0.0078125 0.013888888888888888
6 0.541796875 0.2743055555555556 0.00859375 0.018055555555555554
6 0.65234375 0.4125 0.00625 0.016666666666666666
6 0.62734375 0.14652777777777778 0.0046875 0.015277777777777777
6 0.61015625 0.12430555555555556 0.0046875 0.015277777777777777
6 0.62890625 0.18958333333333333 0.0046875 0.015277777777777777
6 0.416015625 0.4625 0.01328125 0.027777777777777776
6 0.0828125 0.9791666666666666 0.025 0.027777777777777776
6 0.00703125 0.8875 0.0109375 0.03888888888888889
6 0.612109375 0.02361111111111111 0.00703125 0.019444444444444445
6 0.61953125 0.019444444444444445 0.00625 0.019444444444444445
6 0.61015625 0.03958333333333333 0.0046875 0.015277777777777777
6 0.631640625 0.17708333333333334 0.00546875 0.018055555555555554
6 0.60859375 0.5652777777777778 0.0109375 0.03333333333333333
6 0.69453125 0.5875 0.0078125 0.022222222222222223
6 0.767578125 0.46597222222222223 0.00859375 0.02638888888888889
