6 0.31875 0.6659722222222222 0.0234375 0.06805555555555555
6 0.665625 0.5888888888888889 0.0171875 0.03888888888888889
6 0.681640625 0.39652777777777776 0.01640625 0.043055555555555555
6 0.275390625 0.43680555555555556 0.03984375 0.04583333333333333
6 0.523046875 0.075 0.00703125 0.016666666666666666
6 0.5203125 0.043055555555555555 0.00625 0.013888888888888888
6 0.507421875 0.03194444444444444 0.00703125 0.013888888888888888
6 0.660546875 0.2826388888888889 0.01484375 0.0375
6 0.549609375 0.05416666666666667 0.00703125 0.019444444444444445
6 0.555078125 0.29930555555555555 0.01171875 0.029166666666666667
