6 0.33125 0.65 0.015625 0.05
6 0.47109375 0.28194444444444444 0.009375 0.03333333333333333
6 0.455859375 0.23125 0.00859375 0.029166666666666667
6 0.41953125 0.23333333333333334 0.009375 0.027777777777777776
6 0.40078125 0.41041666666666665 0.0125 0.04583333333333333
6 0.427734375 0.15694444444444444 0.00703125 0.019444444444444445
6 0.40625 0.44305555555555554 0.0140625 0.044444444444444446
6 0.400390625 0.14652777777777778 0.00703125 0.020833333333333332
6 0.431640625 0.09097222222222222 0.00546875 0.015277777777777777
6 0.43984375 0.0798611111111111 0.0046875 0.015277777777777777
6 0.442578125 0.09652777777777778 0.00546875 0.015277777777777777
6 0.43203125 0.05625 0.00625 0.018055555555555554
