6 0.552734375 0.7694444444444445 0.01015625 0.030555555555555555
6 0.52734375 0.3701388888888889 0.00625 0.020833333333333332
6 0.72109375 0.6555555555555556 0.0140625 0.03888888888888889
6 0.303515625 0.6715277777777777 0.01484375 0.029166666666666667
6 0.0234375 0.8958333333333334 0.0265625 0.030555555555555555
6 0.0953125 0.9416666666666667 0.028125 0.03333333333333333
6 0.38203125 0.14444444444444443 0.00625 0.016666666666666666
6 0.37265625 0.14652777777777778 0.00625 0.015277777777777777
6 0.471484375 0.1951388888888889 0.00703125 0.015277777777777777
6 0.4984375 0.15694444444444444 0.00625 0.016666666666666666
6 0.63359375 0.37430555555555556 0.00625 0.020833333333333332
6 0.640625 0.3993055555555556 0.00625 0.020833333333333332
6 0.684375 0.7958333333333333 0.009375 0.030555555555555555
6 0.721875 0.7881944444444444 0.009375 0.03194444444444444
6 0.7140625 0.8326388888888889 0.009375 0.03194444444444444
6 0.71328125 0.68125 0.015625 0.02638888888888889
6 0.584765625 0.6576388888888889 0.00859375 0.018055555555555554
6 0.635546875 0.8201388888888889 0.01015625 0.03194444444444444
6 0.701171875 0.84375 0.01015625 0.03194444444444444
6 0.635546875 0.9104166666666667 0.01015625 0.03194444444444444
6 0.619140625 0.8902777777777777 0.01015625 0.030555555555555555
6 0.63125 0.8666666666666667 0.009375 0.030555555555555555
6 0.606640625 0.8513888888888889 0.01015625 0.030555555555555555
6 0.592578125 0.8347222222222223 0.01015625 0.030555555555555555
6 0.590234375 0.7979166666666667 0.01015625 0.03194444444444444
6 0.591015625 0.7569444444444444 0.01015625 0.030555555555555555
6 0.591015625 0.7243055555555555 0.01015625 0.03194444444444444
6 0.583203125 0.6916666666666667 0.01015625 0.030555555555555555
6 0.583203125 0.8673611111111111 0.01640625 0.0375
6 0.1234375 0.18888888888888888 0.015625 0.022222222222222223
6 0.132421875 0.175 0.01640625 0.016666666666666666
6 0.612890625 0.23125 0.01171875 0.029166666666666667
