6 0.81015625 0.44305555555555554 0.021875 0.05
6 0.153515625 0.8180555555555555 0.03359375 0.09722222222222222
6 0.37421875 0.2423611111111111 0.0203125 0.04861111111111111
6 0.421875 0.2534722222222222 0.0203125 0.04861111111111111
6 0.34375 0.32013888888888886 0.021875 0.04583333333333333
6 0.29140625 0.4444444444444444 0.0234375 0.06388888888888888
6 0.35625 0.39444444444444443 0.0234375 0.05555555555555555
6 0.35234375 0.5277777777777778 0.028125 0.07777777777777778
6 0.46328125 0.5986111111111111 0.0296875 0.06944444444444445
6 0.423046875 0.15555555555555556 0.01484375 0.030555555555555555
6 0.4109375 0.09375 0.0125 0.02638888888888889
6 0.508203125 0.03333333333333333 0.01015625 0.025
6 0.490234375 0.027083333333333334 0.01015625 0.018055555555555554
