6 0.553515625 0.5138888888888888 0.02109375 0.03888888888888889
6 0.673046875 0.8763888888888889 0.01953125 0.06111111111111111
6 0.6671875 0.4284722222222222 0.0125 0.0375
6 0.678515625 0.4486111111111111 0.01328125 0.027777777777777776
6 0.5640625 0.15694444444444444 0.009375 0.019444444444444445
6 0.55078125 0.1388888888888889 0.0125 0.027777777777777776
6 0.515625 0.13055555555555556 0.0125 0.022222222222222223
6 0.518359375 0.05416666666666667 0.00703125 0.016666666666666666
6 0.4453125 0.07708333333333334 0.009375 0.02361111111111111
6 0.43671875 0.03611111111111111 0.009375 0.022222222222222223
6 0.3171875 0.38958333333333334 0.0125 0.029166666666666667
6 0.30390625 0.19583333333333333 0.0125 0.027777777777777776
6 0.334765625 0.11666666666666667 0.00859375 0.022222222222222223
6 0.321484375 0.08055555555555556 0.00703125 0.019444444444444445
6 0.321875 0.058333333333333334 0.0078125 0.013888888888888888
6 0.133984375 0.25833333333333336 0.01015625 0.022222222222222223
6 0.290625 0.015277777777777777 0.0078125 0.019444444444444445
6 0.494921875 0.19444444444444445 0.01171875 0.03611111111111111
