6 0.319921875 0.45902777777777776 0.02265625 0.059722222222222225
6 0.128125 0.8527777777777777 0.034375 0.08333333333333333
6 0.33671875 0.35625 0.021875 0.05138888888888889
6 0.5015625 0.1388888888888889 0.015625 0.027777777777777776
6 0.44765625 0.16527777777777777 0.0140625 0.030555555555555555
6 0.45234375 0.2520833333333333 0.0203125 0.04027777777777778
6 0.409375 0.26944444444444443 0.015625 0.04722222222222222
6 0.387109375 0.24861111111111112 0.01640625 0.03888888888888889
6 0.409765625 0.19166666666666668 0.01796875 0.030555555555555555
6 0.41875 0.12430555555555556 0.015625 0.02638888888888889
6 0.496875 0.02847222222222222 0.0078125 0.020833333333333332
