6 0.633984375 0.8979166666666667 0.01015625 0.0375
6 0.61640625 0.9104166666666667 0.0109375 0.0375
6 0.650390625 0.8993055555555556 0.01328125 0.029166666666666667
6 0.660546875 0.8722222222222222 0.00859375 0.030555555555555555
6 0.616796875 0.8444444444444444 0.01015625 0.027777777777777776
6 0.6171875 0.7847222222222222 0.0125 0.019444444444444445
6 0.57578125 0.8159722222222222 0.0125 0.020833333333333332
6 0.602734375 0.7069444444444445 0.00859375 0.019444444444444445
6 0.603515625 0.6583333333333333 0.00859375 0.019444444444444445
6 0.603515625 0.5472222222222223 0.00859375 0.013888888888888888
6 0.602734375 0.6097222222222223 0.00859375 0.019444444444444445
6 0.665234375 0.4527777777777778 0.00859375 0.025
6 0.725390625 0.8534722222222222 0.01484375 0.029166666666666667
6 0.71015625 0.8236111111111111 0.0140625 0.027777777777777776
6 0.612109375 0.7444444444444445 0.00859375 0.019444444444444445
6 0.41015625 0.23402777777777778 0.0078125 0.015277777777777777
6 0.3109375 0.6916666666666667 0.015625 0.025
6 0.3078125 0.5965277777777778 0.015625 0.02638888888888889
6 0.2703125 0.5979166666666667 0.0171875 0.020833333333333332
6 0.16796875 0.8090277777777778 0.0203125 0.02638888888888889
6 0.693359375 0.9222222222222223 0.01484375 0.030555555555555555
6 0.514453125 0.5645833333333333 0.01015625 0.02361111111111111
6 0.608203125 0.6347222222222222 0.01015625 0.025
6 0.674609375 0.4597222222222222 0.00859375 0.025
6 0.6 0.21736111111111112 0.0046875 0.015277777777777777
6 0.513671875 0.16041666666666668 0.00390625 0.015277777777777777
6 0.378125 0.18819444444444444 0.0078125 0.015277777777777777
6 0.396484375 0.05694444444444444 0.00703125 0.016666666666666666
6 0.551953125 0.41041666666666665 0.01015625 0.020833333333333332
6 0.612890625 0.8236111111111111 0.01328125 0.030555555555555555
6 0.690625 0.6069444444444444 0.0140625 0.03333333333333333
