6 0.261328125 0.49027777777777776 0.01328125 0.022222222222222223
6 0.36953125 0.4270833333333333 0.0109375 0.020833333333333332
6 0.55390625 0.8027777777777778 0.0109375 0.030555555555555555
6 0.58203125 0.9020833333333333 0.0109375 0.0375
6 0.683203125 0.8166666666666667 0.01171875 0.027777777777777776
6 0.52265625 0.40069444444444446 0.009375 0.02638888888888889
6 0.36484375 0.15486111111111112 0.0078125 0.0125
6 0.36015625 0.17430555555555555 0.00625 0.015277777777777777
6 0.3921875 0.13125 0.00625 0.015277777777777777
6 0.683984375 0.51875 0.00859375 0.02361111111111111
6 0.58984375 0.7520833333333333 0.0109375 0.02361111111111111
6 0.58984375 0.7875 0.0109375 0.022222222222222223
6 0.590625 0.8236111111111111 0.0109375 0.022222222222222223
6 0.593359375 0.8666666666666667 0.01015625 0.025
6 0.6078125 0.8826388888888889 0.0125 0.03194444444444444
6 0.63359375 0.8951388888888889 0.0125 0.03194444444444444
6 0.634765625 0.85625 0.01171875 0.03194444444444444
6 0.621875 0.9090277777777778 0.0125 0.03194444444444444
6 0.6390625 0.9430555555555555 0.0125 0.03333333333333333
6 0.5828125 0.7111111111111111 0.0109375 0.022222222222222223
6 0.58515625 0.6770833333333334 0.009375 0.020833333333333332
6 0.698046875 0.8486111111111111 0.01171875 0.027777777777777776
6 0.714453125 0.8472222222222222 0.01171875 0.027777777777777776
6 0.721875 0.8090277777777778 0.0125 0.02638888888888889
6 0.573828125 0.24375 0.00703125 0.020833333333333332
6 0.611328125 0.35138888888888886 0.00703125 0.019444444444444445
6 0.59765625 0.31875 0.0078125 0.018055555555555554
6 0.472265625 0.05138888888888889 0.00859375 0.019444444444444445
