6 0.804296875 0.6208333333333333 0.01640625 0.04722222222222222
6 0.835546875 0.5145833333333333 0.01796875 0.034722222222222224
6 0.755859375 0.45694444444444443 0.01328125 0.03611111111111111
6 0.55625 0.5729166666666666 0.015625 0.0375
6 0.506640625 0.5541666666666667 0.01484375 0.04722222222222222
6 0.481640625 0.6534722222222222 0.01640625 0.029166666666666667
6 0.519140625 0.34652777777777777 0.01484375 0.0375
6 0.641015625 0.2520833333333333 0.01328125 0.0375
6 0.451953125 0.40555555555555556 0.01484375 0.044444444444444446
6 0.460546875 0.3680555555555556 0.01484375 0.03611111111111111
6 0.42265625 0.3173611111111111 0.0125 0.03194444444444444
6 0.42265625 0.28680555555555554 0.0140625 0.034722222222222224
6 0.409765625 0.4354166666666667 0.01484375 0.04027777777777778
6 0.35859375 0.46041666666666664 0.0140625 0.04027777777777778
6 0.49609375 0.19583333333333333 0.0109375 0.03333333333333333
6 0.431640625 0.15902777777777777 0.01171875 0.03194444444444444
6 0.51484375 0.1111111111111111 0.009375 0.030555555555555555
6 0.48203125 0.06875 0.0078125 0.029166666666666667
6 0.51796875 0.07013888888888889 0.009375 0.029166666666666667
6 0.23203125 0.33611111111111114 0.0140625 0.030555555555555555
6 0.219140625 0.27708333333333335 0.01484375 0.029166666666666667
6 0.2078125 0.1986111111111111 0.0125 0.027777777777777776
6 0.130859375 0.21458333333333332 0.01484375 0.029166666666666667
6 0.21875 0.05138888888888889 0.0125 0.022222222222222223
6 0.325 0.04027777777777778 0.0125 0.022222222222222223
6 0.083984375 0.18680555555555556 0.02109375 0.04027777777777778
6 0.126953125 0.8326388888888889 0.01328125 0.034722222222222224
