6 0.53203125 0.20268138801261829 0.015625 0.04889589905362776
6 0.7421875 0.3272870662460568 0.028125 0.0804416403785489
6 0.78515625 0.2752365930599369 0.0265625 0.07728706624605679
6 0.392578125 0.47318611987381703 0.03046875 0.07255520504731862
6 0.358203125 0.39589905362776023 0.02578125 0.05993690851735016
6 0.433984375 0.27208201892744477 0.01953125 0.04889589905362776
6 0.366796875 0.6987381703470031 0.04140625 0.10410094637223975
6 0.757421875 0.21451104100946372 0.01953125 0.06624605678233439
6 0.732421875 0.138801261829653 0.01640625 0.050473186119873815
6 0.704296875 0.06545741324921135 0.01171875 0.03943217665615142
6 0.69296875 0.04022082018927445 0.0140625 0.03943217665615142
6 0.6796875 0.022870662460567823 0.0109375 0.03943217665615142
