6 0.368359375 0.6701388888888888 0.01328125 0.03194444444444444
6 0.3875 0.8368055555555556 0.015625 0.043055555555555555
6 0.51328125 0.3034722222222222 0.009375 0.020833333333333332
6 0.400390625 0.9319444444444445 0.01796875 0.03888888888888889
6 0.370703125 0.7736111111111111 0.01328125 0.041666666666666664
6 0.58125 0.8076388888888889 0.0171875 0.043055555555555555
6 0.50234375 0.4534722222222222 0.0140625 0.029166666666666667
6 0.532421875 0.3 0.01015625 0.019444444444444445
6 0.519921875 0.28541666666666665 0.00859375 0.015277777777777777
6 0.36328125 0.3375 0.009375 0.022222222222222223
6 0.3421875 0.43472222222222223 0.0125 0.022222222222222223
6 0.403125 0.21319444444444444 0.0109375 0.020833333333333332
6 0.42890625 0.21388888888888888 0.009375 0.022222222222222223
6 0.4328125 0.17708333333333334 0.0078125 0.020833333333333332
6 0.416015625 0.21458333333333332 0.00859375 0.02361111111111111
6 0.419921875 0.1986111111111111 0.00703125 0.019444444444444445
6 0.423046875 0.13680555555555557 0.00546875 0.015277777777777777
6 0.526953125 0.35 0.01015625 0.022222222222222223
6 0.411328125 0.12638888888888888 0.00546875 0.016666666666666666
6 0.400390625 0.11736111111111111 0.00546875 0.015277777777777777
6 0.313671875 0.10486111111111111 0.00546875 0.015277777777777777
6 0.318359375 0.08125 0.00546875 0.0125
6 0.314453125 0.07013888888888889 0.00546875 0.0125
6 0.340625 0.06041666666666667 0.0046875 0.0125
6 0.377734375 0.029861111111111113 0.00546875 0.0125
6 0.37421875 0.021527777777777778 0.0046875 0.0125
6 0.38359375 0.05763888888888889 0.0046875 0.0125
6 0.2296875 0.13819444444444445 0.0078125 0.018055555555555554
6 0.3078125 0.022916666666666665 0.00625 0.015277777777777777
6 0.3046875 0.00625 0.0046875 0.0125
6 0.453515625 0.15625 0.00703125 0.018055555555555554
