6 0.878515625 0.825 0.04140625 0.07777777777777778
6 0.41171875 0.7298611111111111 0.028125 0.07916666666666666
6 0.325 0.38263888888888886 0.0203125 0.04583333333333333
6 0.5265625 0.3034722222222222 0.0171875 0.034722222222222224
6 0.4828125 0.24930555555555556 0.0140625 0.029166666666666667
6 0.503515625 0.19722222222222222 0.01640625 0.027777777777777776
6 0.465625 0.175 0.0125 0.022222222222222223
6 0.437109375 0.10833333333333334 0.01328125 0.019444444444444445
6 0.4953125 0.08611111111111111 0.009375 0.022222222222222223
6 0.506640625 0.08958333333333333 0.01015625 0.020833333333333332
