6 0.385 0.19339622641509435 0.026 0.0509433962264151
6 0.563 0.17452830188679244 0.026 0.0509433962264151
6 0.464 0.15471698113207547 0.022 0.04150943396226415
6 0.532 0.16132075471698112 0.016 0.0509433962264151
6 0.464 0.057547169811320756 0.02 0.035849056603773584
6 0.4945 0.05566037735849057 0.017 0.035849056603773584
6 0.711 0.035849056603773584 0.022 0.04905660377358491
6 0.7585 0.02830188679245283 0.019 0.04150943396226415
6 0.774 0.07830188679245283 0.022 0.03207547169811321
6 0.853 0.1490566037735849 0.028 0.06415094339622641
