6 0.36328125 0.8881944444444444 0.028125 0.09861111111111111
6 0.387109375 0.6826388888888889 0.02421875 0.0763888888888889
6 0.628125 0.5930555555555556 0.0171875 0.044444444444444446
6 0.731640625 0.46111111111111114 0.01796875 0.05277777777777778
6 0.271484375 0.41041666666666665 0.03984375 0.05138888888888889
6 0.446875 0.11458333333333333 0.0109375 0.02638888888888889
6 0.598828125 0.17083333333333334 0.01171875 0.030555555555555555
6 0.60625 0.23194444444444445 0.0125 0.030555555555555555
6 0.6125 0.27361111111111114 0.0140625 0.03888888888888889
6 0.685546875 0.40902777777777777 0.01953125 0.05138888888888889
6 0.569140625 0.07916666666666666 0.00859375 0.022222222222222223
6 0.551953125 0.06319444444444444 0.00703125 0.015277777777777777
