6 0.1415 0.559433962264151 0.051 0.09622641509433963
6 0.41 0.1471698113207547 0.022 0.045283018867924525
6 0.4835 0.12075471698113208 0.017 0.04150943396226415
6 0.5685 0.1339622641509434 0.021 0.03773584905660377
6 0.5745 0.03962264150943396 0.015 0.03773584905660377
6 0.501 0.038679245283018866 0.016 0.035849056603773584
6 0.719 0.06320754716981132 0.022 0.0509433962264151
6 0.786 0.11132075471698114 0.024 0.045283018867924525
6 0.766 0.04339622641509434 0.018 0.045283018867924525
6 0.8755 0.18490566037735848 0.029 0.06037735849056604
6 0.5915 0.01981132075471698 0.017 0.03207547169811321
