6 0.55390625 0.7743055555555556 0.0109375 0.03194444444444444
6 0.703515625 0.8409722222222222 0.01328125 0.0375
6 0.684765625 0.7930555555555555 0.00859375 0.027777777777777776
6 0.523046875 0.37777777777777777 0.01015625 0.019444444444444445
6 0.183203125 0.6576388888888889 0.01953125 0.02638888888888889
6 0.306640625 0.3861111111111111 0.01015625 0.022222222222222223
6 0.33671875 0.27569444444444446 0.009375 0.018055555555555554
6 0.743359375 0.7055555555555556 0.01328125 0.030555555555555555
6 0.35859375 0.09583333333333334 0.00625 0.013888888888888888
6 0.3640625 0.09166666666666666 0.00625 0.013888888888888888
6 0.3734375 0.07777777777777778 0.00625 0.013888888888888888
6 0.37265625 0.05 0.00625 0.013888888888888888
6 0.487890625 0.16180555555555556 0.00546875 0.018055555555555554
6 0.462109375 0.20208333333333334 0.00546875 0.018055555555555554
6 0.590234375 0.7277777777777777 0.01015625 0.030555555555555555
6 0.63515625 0.8638888888888889 0.0109375 0.030555555555555555
6 0.621484375 0.8854166666666666 0.01015625 0.02638888888888889
6 0.58203125 0.6979166666666666 0.0109375 0.03194444444444444
6 0.63515625 0.8256944444444444 0.0109375 0.03194444444444444
6 0.608203125 0.8534722222222222 0.01015625 0.034722222222222224
6 0.59453125 0.8409722222222222 0.0109375 0.034722222222222224
6 0.590625 0.7673611111111112 0.0109375 0.034722222222222224
6 0.58515625 0.8694444444444445 0.015625 0.03333333333333333
6 0.58359375 0.6618055555555555 0.0109375 0.03194444444444444
6 0.6828125 0.4388888888888889 0.0078125 0.016666666666666666
6 0.716015625 0.8298611111111112 0.01328125 0.0375
6 0.721484375 0.7909722222222222 0.01328125 0.0375
6 0.640234375 0.9131944444444444 0.01015625 0.02638888888888889
6 0.123046875 0.20069444444444445 0.01484375 0.020833333333333332
6 0.36953125 0.020833333333333332 0.00625 0.013888888888888888
6 0.614453125 0.34097222222222223 0.00859375 0.02361111111111111
6 0.46953125 0.027083333333333334 0.0078125 0.018055555555555554
6 0.517578125 0.18472222222222223 0.00859375 0.019444444444444445
