6 0.36953125 0.41944444444444445 0.0109375 0.022222222222222223
6 0.56171875 0.8402777777777778 0.009375 0.03333333333333333
6 0.588671875 0.7506944444444444 0.01171875 0.04583333333333333
6 0.6890625 0.8576388888888888 0.009375 0.03194444444444444
6 0.725390625 0.8534722222222222 0.01015625 0.02638888888888889
6 0.53359375 0.4513888888888889 0.009375 0.019444444444444445
6 0.13515625 0.8604166666666667 0.0171875 0.029166666666666667
6 0.1765625 0.7798611111111111 0.0171875 0.034722222222222224
6 0.24453125 0.7215277777777778 0.015625 0.029166666666666667
6 0.240625 0.6111111111111112 0.015625 0.027777777777777776
6 0.234375 0.95625 0.0171875 0.03194444444444444
6 0.714453125 0.7868055555555555 0.01015625 0.03194444444444444
6 0.403125 0.13472222222222222 0.0046875 0.011111111111111112
6 0.4765625 0.28194444444444444 0.0046875 0.016666666666666666
6 0.5015625 0.24583333333333332 0.0046875 0.016666666666666666
6 0.59609375 0.8638888888888889 0.009375 0.03333333333333333
6 0.59921875 0.9006944444444445 0.009375 0.034722222222222224
6 0.61171875 0.9354166666666667 0.0125 0.0375
6 0.6421875 0.8902777777777777 0.009375 0.03333333333333333
6 0.623828125 0.9618055555555556 0.01171875 0.0375
6 0.589453125 0.9354166666666667 0.01640625 0.03194444444444444
6 0.637109375 0.9423611111111111 0.01171875 0.0375
6 0.64296875 0.9756944444444444 0.0125 0.03194444444444444
6 0.71875 0.8993055555555556 0.0109375 0.02638888888888889
6 0.70703125 0.9090277777777778 0.0125 0.0375
6 0.72421875 0.7256944444444444 0.0109375 0.03194444444444444
6 0.741796875 0.7270833333333333 0.01015625 0.03194444444444444
6 0.333203125 0.02361111111111111 0.00703125 0.013888888888888888
6 0.53046875 0.26458333333333334 0.009375 0.018055555555555554
