6 0.615625 0.39166666666666666 0.015625 0.030555555555555555
6 0.452734375 0.9020833333333333 0.02578125 0.04027777777777778
6 0.4578125 0.7638888888888888 0.0234375 0.041666666666666664
6 0.42421875 0.7576388888888889 0.021875 0.043055555555555555
6 0.3921875 0.6868055555555556 0.021875 0.034722222222222224
6 0.3671875 0.6083333333333333 0.0171875 0.027777777777777776
6 0.394921875 0.63125 0.01796875 0.03194444444444444
6 0.459375 0.5652777777777778 0.0171875 0.030555555555555555
6 0.420703125 0.5819444444444445 0.02109375 0.027777777777777776
6 0.4171875 0.47638888888888886 0.0171875 0.030555555555555555
6 0.351953125 0.3902777777777778 0.01640625 0.027777777777777776
6 0.355859375 0.3423611111111111 0.01640625 0.029166666666666667
6 0.328125 0.2520833333333333 0.015625 0.02361111111111111
6 0.337109375 0.16805555555555557 0.01328125 0.022222222222222223
6 0.39140625 0.16319444444444445 0.0125 0.02361111111111111
6 0.327734375 0.059722222222222225 0.01171875 0.019444444444444445
6 0.7234375 0.7701388888888889 0.0265625 0.04861111111111111
6 0.7171875 0.7090277777777778 0.0234375 0.04027777777777778
6 0.671875 0.6104166666666667 0.021875 0.0375
6 0.48828125 0.26944444444444443 0.015625 0.030555555555555555
6 0.530078125 0.22361111111111112 0.01328125 0.027777777777777776
6 0.509375 0.3020833333333333 0.0140625 0.029166666666666667
6 0.509375 0.16111111111111112 0.0125 0.030555555555555555
6 0.41875 0.06805555555555555 0.009375 0.019444444444444445
6 0.451953125 0.020833333333333332 0.01015625 0.016666666666666666
6 0.51484375 0.08819444444444445 0.00625 0.018055555555555554
