6 0.60390625 0.6798611111111111 0.01875 0.034722222222222224
6 0.591015625 0.59375 0.01640625 0.02638888888888889
6 0.332421875 0.6909722222222222 0.01484375 0.03194444444444444
6 0.360546875 0.6694444444444444 0.01640625 0.030555555555555555
6 0.4609375 0.6694444444444444 0.015625 0.022222222222222223
6 0.51328125 0.6472222222222223 0.0109375 0.022222222222222223
6 0.555078125 0.6631944444444444 0.01484375 0.02638888888888889
6 0.634765625 0.6756944444444445 0.01171875 0.02361111111111111
6 0.561328125 0.56875 0.01640625 0.02361111111111111
6 0.541796875 0.6402777777777777 0.01328125 0.022222222222222223
6 0.553515625 0.6194444444444445 0.01171875 0.025
6 0.487109375 0.4847222222222222 0.01640625 0.027777777777777776
6 0.54765625 0.7784722222222222 0.0203125 0.029166666666666667
