6 0.5890625 0.35138888888888886 0.0078125 0.030555555555555555
6 0.56640625 0.4708333333333333 0.0125 0.03611111111111111
6 0.545703125 0.5784722222222223 0.01171875 0.04027777777777778
6 0.559765625 0.7236111111111111 0.01484375 0.041666666666666664
6 0.941796875 0.7840277777777778 0.01796875 0.04027777777777778
6 0.864453125 0.7520833333333333 0.01484375 0.04861111111111111
6 0.84140625 0.5381944444444444 0.0125 0.034722222222222224
6 0.7171875 0.4305555555555556 0.0125 0.03611111111111111
6 0.836328125 0.27361111111111114 0.01171875 0.027777777777777776
6 0.828125 0.3541666666666667 0.0109375 0.016666666666666666
6 0.763671875 0.16319444444444445 0.01328125 0.02638888888888889
6 0.632421875 0.7930555555555555 0.01328125 0.03333333333333333
6 0.5765625 0.7652777777777777 0.0140625 0.04722222222222222
6 0.291796875 0.5965277777777778 0.01328125 0.02638888888888889
6 0.305859375 0.3173611111111111 0.01171875 0.020833333333333332
6 0.32265625 0.32569444444444445 0.0125 0.020833333333333332
6 0.338671875 0.3125 0.01328125 0.022222222222222223
6 0.294140625 0.29791666666666666 0.01328125 0.02638888888888889
6 0.346875 0.24097222222222223 0.009375 0.020833333333333332
6 0.377734375 0.26319444444444445 0.00859375 0.02361111111111111
6 0.299609375 0.20833333333333334 0.01328125 0.019444444444444445
6 0.342578125 0.15902777777777777 0.01015625 0.020833333333333332
6 0.35390625 0.13680555555555557 0.0125 0.020833333333333332
6 0.3734375 0.11875 0.009375 0.018055555555555554
6 0.4375 0.15208333333333332 0.0140625 0.018055555555555554
6 0.4546875 0.13055555555555556 0.0140625 0.016666666666666666
6 0.21328125 0.36180555555555555 0.0125 0.02638888888888889
6 0.13984375 0.42291666666666666 0.0125 0.02638888888888889
6 0.253125 0.32430555555555557 0.0125 0.02638888888888889
6 0.122265625 0.4173611111111111 0.01484375 0.02638888888888889
6 0.17890625 0.31666666666666665 0.0171875 0.04722222222222222
6 0.254296875 0.2881944444444444 0.01171875 0.020833333333333332
6 0.38671875 0.22430555555555556 0.0109375 0.020833333333333332
6 0.399609375 0.1326388888888889 0.01015625 0.018055555555555554
6 0.406640625 0.16180555555555556 0.00703125 0.018055555555555554
6 0.450390625 0.022222222222222223 0.01015625 0.016666666666666666
6 0.55234375 0.1326388888888889 0.009375 0.02361111111111111
6 0.551953125 0.27847222222222223 0.01015625 0.02361111111111111
6 0.484765625 0.5583333333333333 0.01171875 0.03888888888888889
6 0.567578125 0.4527777777777778 0.01171875 0.025
6 0.578515625 0.41875 0.01171875 0.0375
6 0.597265625 0.3375 0.01015625 0.03333333333333333
6 0.583203125 0.3416666666666667 0.00703125 0.03333333333333333
6 0.812109375 0.04375 0.01015625 0.02638888888888889
6 0.87578125 0.44305555555555554 0.0125 0.03611111111111111
6 0.842578125 0.48541666666666666 0.01328125 0.034722222222222224
6 0.815625 0.5159722222222223 0.0125 0.0375
6 0.8265625 0.5416666666666666 0.0140625 0.03333333333333333
6 0.55546875 0.8027777777777778 0.015625 0.030555555555555555
6 0.65 0.7930555555555555 0.0125 0.025
6 0.680859375 0.6388888888888888 0.01640625 0.044444444444444446
6 0.698828125 0.6180555555555556 0.01484375 0.03333333333333333
6 0.711328125 0.7611111111111111 0.01484375 0.041666666666666664
