6 0.344 0.31886792452830187 0.028 0.05660377358490566
6 0.4575 0.3009433962264151 0.029 0.05849056603773585
6 0.4025 0.19056603773584907 0.019 0.03773584905660377
6 0.3075 0.3 0.023 0.05660377358490566
6 0.39 0.2811320754716981 0.032 0.06415094339622641
6 0.4345 0.8896226415094339 0.075 0.13018867924528302
6 0.461 0.22075471698113208 0.028 0.04150943396226415
6 0.404 0.12264150943396226 0.022 0.03773584905660377
6 0.7895 0.13679245283018868 0.027 0.05849056603773585
6 0.752 0.026415094339622643 0.018 0.04150943396226415
