6 0.36796875 0.19444444444444445 0.01875 0.05
6 0.477734375 0.14930555555555555 0.01640625 0.0375
6 0.583203125 0.08819444444444445 0.01796875 0.04583333333333333
6 0.452734375 0.09027777777777778 0.01484375 0.03611111111111111
6 0.78046875 0.2951388888888889 0.0328125 0.06805555555555555
6 0.50546875 0.049305555555555554 0.0109375 0.034722222222222224
6 0.683984375 0.22569444444444445 0.02734375 0.04861111111111111
6 0.381640625 0.027083333333333334 0.01015625 0.02361111111111111
6 0.47734375 0.015277777777777777 0.009375 0.025
6 0.49140625 0.013888888888888888 0.0109375 0.027777777777777776
