6 0.36796875 0.775 0.0203125 0.041666666666666664
6 0.360546875 0.7055555555555556 0.01796875 0.03888888888888889
6 0.56796875 0.7819444444444444 0.0171875 0.05555555555555555
6 0.53671875 0.46944444444444444 0.015625 0.041666666666666664
6 0.648828125 0.39166666666666666 0.01484375 0.03888888888888889
6 0.823046875 0.8444444444444444 0.01796875 0.05277777777777778
6 0.603515625 0.25555555555555554 0.01640625 0.030555555555555555
6 0.697265625 0.2534722222222222 0.01015625 0.03194444444444444
6 0.62265625 0.13472222222222222 0.0078125 0.025
6 0.578515625 0.14305555555555555 0.00859375 0.027777777777777776
6 0.570703125 0.10069444444444445 0.00859375 0.02361111111111111
6 0.66640625 0.10347222222222222 0.0109375 0.02361111111111111
6 0.34296875 0.49375 0.0140625 0.02638888888888889
6 0.3359375 0.3375 0.0078125 0.030555555555555555
6 0.32734375 0.30277777777777776 0.0125 0.030555555555555555
6 0.33203125 0.2625 0.0109375 0.025
6 0.331640625 0.2298611111111111 0.01015625 0.02361111111111111
6 0.401953125 0.19791666666666666 0.01015625 0.029166666666666667
6 0.6234375 0.08125 0.009375 0.02638888888888889
6 0.6375 0.08263888888888889 0.009375 0.02638888888888889
6 0.121875 0.9340277777777778 0.015625 0.04583333333333333
6 0.14765625 0.12222222222222222 0.0109375 0.044444444444444446
6 0.349609375 0.03680555555555556 0.00859375 0.02361111111111111
6 0.97578125 0.24722222222222223 0.021875 0.03333333333333333
6 0.990625 0.24097222222222223 0.0171875 0.029166666666666667
