6 0.509375 0.8743055555555556 0.0171875 0.04583333333333333
6 0.34921875 0.375 0.0109375 0.022222222222222223
6 0.317578125 0.33541666666666664 0.00859375 0.02361111111111111
6 0.298046875 0.3173611111111111 0.00859375 0.02361111111111111
6 0.20546875 0.4215277777777778 0.0078125 0.018055555555555554
6 0.221875 0.425 0.009375 0.025
6 0.23671875 0.42569444444444443 0.009375 0.020833333333333332
6 0.1984375 0.3763888888888889 0.0078125 0.019444444444444445
6 0.2203125 0.36319444444444443 0.009375 0.018055555555555554
6 0.185546875 0.3388888888888889 0.00703125 0.019444444444444445
6 0.277734375 0.29791666666666666 0.00859375 0.020833333333333332
6 0.245703125 0.2972222222222222 0.00703125 0.016666666666666666
6 0.44375 0.6513888888888889 0.0109375 0.03333333333333333
6 0.435546875 0.6090277777777777 0.01171875 0.03194444444444444
6 0.426171875 0.5645833333333333 0.01328125 0.03194444444444444
6 0.406640625 0.5243055555555556 0.00859375 0.020833333333333332
6 0.354296875 0.5395833333333333 0.01171875 0.02638888888888889
6 0.34609375 0.5770833333333333 0.0109375 0.03194444444444444
6 0.554296875 0.8284722222222223 0.01328125 0.04583333333333333
6 0.58046875 0.8097222222222222 0.015625 0.03888888888888889
6 0.595703125 0.8631944444444445 0.01640625 0.04027777777777778
6 0.61953125 0.85625 0.0171875 0.043055555555555555
6 0.586328125 0.84375 0.01171875 0.034722222222222224
6 0.41171875 0.37083333333333335 0.0078125 0.016666666666666666
6 0.4046875 0.3590277777777778 0.00625 0.015277777777777777
6 0.215234375 0.5020833333333333 0.00859375 0.018055555555555554
6 0.323828125 0.9361111111111111 0.01328125 0.03611111111111111
6 0.31796875 0.9736111111111111 0.0140625 0.03611111111111111
6 0.36796875 0.2465277777777778 0.00625 0.02361111111111111
6 0.313671875 0.19444444444444445 0.00859375 0.016666666666666666
6 0.187109375 0.14930555555555555 0.00703125 0.015277777777777777
6 0.184375 0.8944444444444445 0.0296875 0.027777777777777776
6 0.069921875 0.48055555555555557 0.00859375 0.016666666666666666
6 0.0734375 0.4527777777777778 0.0078125 0.019444444444444445
6 0.059765625 0.44513888888888886 0.00859375 0.018055555555555554
6 0.056640625 0.39791666666666664 0.00859375 0.018055555555555554
6 0.0625 0.36944444444444446 0.0078125 0.022222222222222223
6 0.048046875 0.35208333333333336 0.01015625 0.018055555555555554
6 0.069140625 0.08402777777777778 0.00546875 0.015277777777777777
6 0.084765625 0.1423611111111111 0.00703125 0.0125
6 0.11015625 0.17708333333333334 0.00625 0.015277777777777777
6 0.102734375 0.17291666666666666 0.00546875 0.015277777777777777
6 0.1265625 0.22430555555555556 0.00625 0.018055555555555554
6 0.132421875 0.23819444444444443 0.00703125 0.018055555555555554
6 0.137890625 0.22916666666666666 0.00703125 0.016666666666666666
6 0.14609375 0.22847222222222222 0.00625 0.015277777777777777
6 0.1703125 0.32083333333333336 0.0078125 0.016666666666666666
6 0.208203125 0.33055555555555555 0.00859375 0.016666666666666666
6 0.339453125 0.2708333333333333 0.00703125 0.019444444444444445
6 0.387109375 0.3277777777777778 0.00859375 0.019444444444444445
6 0.419921875 0.38819444444444445 0.00859375 0.029166666666666667
6 0.430859375 0.39375 0.01171875 0.015277777777777777
