6 0.490234375 0.5423611111111111 0.01953125 0.02638888888888889
6 0.451953125 0.42986111111111114 0.01484375 0.02361111111111111
6 0.420703125 0.4965277777777778 0.01484375 0.029166666666666667
6 0.44453125 0.3541666666666667 0.0125 0.025
6 0.394921875 0.30625 0.01171875 0.020833333333333332
6 0.438671875 0.2923611111111111 0.01328125 0.02638888888888889
6 0.664453125 0.6166666666666667 0.01953125 0.041666666666666664
6 0.55546875 0.22847222222222222 0.0125 0.02361111111111111
6 0.644921875 0.3277777777777778 0.01328125 0.03611111111111111
6 0.6640625 0.32430555555555557 0.015625 0.034722222222222224
6 0.646484375 0.2673611111111111 0.01484375 0.02638888888888889
6 0.5921875 0.13541666666666666 0.0109375 0.020833333333333332
6 0.380859375 0.1736111111111111 0.01171875 0.019444444444444445
6 0.333203125 0.10347222222222222 0.01328125 0.020833333333333332
6 0.75078125 0.5819444444444445 0.01875 0.041666666666666664
6 0.7203125 0.48194444444444445 0.0171875 0.041666666666666664
6 0.320703125 0.13055555555555556 0.00859375 0.022222222222222223
