6 0.873 0.24245283018867925 0.03 0.06981132075471698
6 0.5875 0.40943396226415096 0.031 0.07924528301886792
6 0.299 0.4207547169811321 0.048 0.09433962264150944
6 0.433 0.3273584905660377 0.026 0.0509433962264151
6 0.4685 0.12358490566037736 0.019 0.03207547169811321
6 0.483 0.10471698113207548 0.014 0.035849056603773584
6 0.5535 0.05377358490566038 0.013 0.03207547169811321
6 0.7665 0.1669811320754717 0.025 0.05471698113207547
6 0.811 0.180188679245283 0.026 0.062264150943396226
6 0.5945 0.16037735849056603 0.023 0.04150943396226415
