6 0.612109375 0.9284722222222223 0.01484375 0.04027777777777778
6 0.631640625 0.9340277777777778 0.01484375 0.04027777777777778
6 0.66953125 0.9416666666666667 0.015625 0.041666666666666664
6 0.59609375 0.8055555555555556 0.0125 0.03611111111111111
6 0.61640625 0.7395833333333334 0.0109375 0.03194444444444444
6 0.557421875 0.8465277777777778 0.00859375 0.03194444444444444
6 0.70234375 0.8743055555555556 0.015625 0.0375
6 0.707421875 0.8111111111111111 0.01796875 0.03333333333333333
6 0.671875 0.7791666666666667 0.009375 0.03333333333333333
6 0.622265625 0.4979166666666667 0.01015625 0.02638888888888889
6 0.61640625 0.575 0.0125 0.030555555555555555
6 0.5140625 0.33541666666666664 0.00625 0.02361111111111111
6 0.500390625 0.2673611111111111 0.00703125 0.020833333333333332
6 0.504296875 0.2590277777777778 0.00703125 0.020833333333333332
6 0.49296875 0.22152777777777777 0.0078125 0.018055555555555554
6 0.48203125 0.20694444444444443 0.0078125 0.019444444444444445
6 0.478515625 0.1909722222222222 0.01015625 0.018055555555555554
6 0.495703125 0.1840277777777778 0.00703125 0.02361111111111111
6 0.47578125 0.11944444444444445 0.00625 0.019444444444444445
6 0.466796875 0.11597222222222223 0.00546875 0.018055555555555554
6 0.4890625 0.11875 0.0046875 0.015277777777777777
6 0.46640625 0.08472222222222223 0.0046875 0.013888888888888888
6 0.460546875 0.04861111111111111 0.00546875 0.013888888888888888
6 0.2390625 0.6229166666666667 0.015625 0.029166666666666667
6 0.33671875 0.37222222222222223 0.0078125 0.019444444444444445
6 0.36875 0.2638888888888889 0.00625 0.016666666666666666
6 0.491796875 0.6020833333333333 0.01015625 0.02361111111111111
6 0.526953125 0.2611111111111111 0.00859375 0.019444444444444445
6 0.4515625 0.008333333333333333 0.00625 0.013888888888888888
6 0.184375 0.225 0.0140625 0.019444444444444445
6 0.3984375 0.0375 0.00625 0.011111111111111112
6 0.5390625 0.3326388888888889 0.00625 0.020833333333333332
6 0.51875 0.03263888888888889 0.00625 0.020833333333333332
6 0.76640625 0.7361111111111112 0.0125 0.025
6 0.5015625 0.16111111111111112 0.0078125 0.019444444444444445
