6 0.791796875 0.7972222222222223 0.01796875 0.04722222222222222
6 0.820703125 0.7951388888888888 0.01796875 0.043055555555555555
6 0.661328125 0.9305555555555556 0.02109375 0.05555555555555555
6 0.6109375 0.5270833333333333 0.0171875 0.0375
6 0.434375 0.8138888888888889 0.015625 0.041666666666666664
6 0.53984375 0.30486111111111114 0.0125 0.03194444444444444
6 0.76640625 0.6722222222222223 0.01875 0.05
6 0.459375 0.7673611111111112 0.0140625 0.034722222222222224
6 0.42734375 0.7236111111111111 0.0125 0.027777777777777776
6 0.4359375 0.6451388888888889 0.0125 0.029166666666666667
6 0.378125 0.4375 0.0125 0.027777777777777776
6 0.377734375 0.3125 0.01015625 0.025
6 0.415234375 0.25416666666666665 0.00859375 0.016666666666666666
6 0.5921875 0.18888888888888888 0.0078125 0.025
6 0.600390625 0.2152777777777778 0.00859375 0.027777777777777776
6 0.5796875 0.4666666666666667 0.0109375 0.027777777777777776
6 0.504296875 0.08680555555555555 0.00703125 0.020833333333333332
6 0.51328125 0.10416666666666667 0.009375 0.025
6 0.86484375 0.9826388888888888 0.01875 0.02638888888888889
6 0.059765625 0.7284722222222222 0.02578125 0.029166666666666667
6 0.233984375 0.17708333333333334 0.00859375 0.020833333333333332
6 0.207421875 0.09583333333333334 0.00703125 0.016666666666666666
6 0.218359375 0.08888888888888889 0.00703125 0.013888888888888888
6 0.201171875 0.027083333333333334 0.00703125 0.015277777777777777
6 0.321484375 0.027777777777777776 0.00859375 0.013888888888888888
6 0.32109375 0.04861111111111111 0.0078125 0.016666666666666666
6 0.34453125 0.1076388888888889 0.0078125 0.015277777777777777
6 0.5703125 0.34444444444444444 0.0109375 0.03611111111111111
6 0.414453125 0.024305555555555556 0.00703125 0.020833333333333332
