6 0.553515625 0.5159722222222223 0.01484375 0.04583333333333333
6 0.530078125 0.2798611111111111 0.01328125 0.02638888888888889
6 0.517578125 0.38472222222222224 0.01484375 0.044444444444444446
6 0.43359375 0.2048611111111111 0.009375 0.0375
6 0.519921875 0.5590277777777778 0.01796875 0.034722222222222224
6 0.75703125 0.6451388888888889 0.021875 0.043055555555555555
6 0.79921875 0.8263888888888888 0.021875 0.044444444444444446
6 0.7578125 0.7458333333333333 0.0203125 0.03888888888888889
6 0.78671875 0.7486111111111111 0.021875 0.030555555555555555
6 0.7171875 0.7097222222222223 0.0171875 0.03611111111111111
6 0.687109375 0.9013888888888889 0.03046875 0.044444444444444446
6 0.274609375 0.3034722222222222 0.01640625 0.02638888888888889
6 0.29765625 0.28194444444444444 0.015625 0.03333333333333333
6 0.25 0.15625 0.0140625 0.02361111111111111
6 0.237890625 0.1076388888888889 0.01328125 0.020833333333333332
6 0.255078125 0.09652777777777778 0.01328125 0.02361111111111111
6 0.23671875 0.07847222222222222 0.009375 0.015277777777777777
6 0.487109375 0.08541666666666667 0.01015625 0.020833333333333332
6 0.353125 0.03263888888888889 0.009375 0.020833333333333332
6 0.371875 0.03680555555555556 0.0078125 0.015277777777777777
6 0.382421875 0.07916666666666666 0.01171875 0.022222222222222223
6 0.64375 0.43680555555555556 0.0140625 0.03194444444444444
6 0.687890625 0.5659722222222222 0.02109375 0.034722222222222224
6 0.720703125 0.5909722222222222 0.02109375 0.034722222222222224
