6 0.8865 0.2481132075471698 0.035 0.08113207547169811
6 0.9245 0.25471698113207547 0.031 0.07169811320754717
6 0.271 0.5264150943396226 0.04 0.0830188679245283
6 0.912 0.3839622641509434 0.05 0.09245283018867924
6 0.3325 0.3471698113207547 0.037 0.07547169811320754
6 0.161 0.5169811320754717 0.048 0.11320754716981132
6 0.304 0.9349056603773584 0.066 0.11886792452830189
6 0.2595 0.3584905660377358 0.037 0.07169811320754717
6 0.559 0.08018867924528301 0.02 0.04716981132075472
6 0.775 0.06132075471698113 0.02 0.0509433962264151
6 0.837 0.12264150943396226 0.026 0.05660377358490566
6 0.8275 0.219811320754717 0.037 0.06981132075471698
