6 0.5671875 0.6798611111111111 0.0140625 0.04027777777777778
6 0.330078125 0.5541666666666667 0.01015625 0.022222222222222223
6 0.334375 0.6201388888888889 0.0109375 0.02638888888888889
6 0.36953125 0.7263888888888889 0.0125 0.03333333333333333
6 0.350390625 0.8416666666666667 0.01328125 0.03611111111111111
6 0.441015625 0.56875 0.01328125 0.029166666666666667
6 0.575390625 0.7854166666666667 0.01328125 0.043055555555555555
6 0.584765625 0.5340277777777778 0.01171875 0.034722222222222224
6 0.58515625 0.4840277777777778 0.009375 0.03194444444444444
6 0.59140625 0.46597222222222223 0.009375 0.03194444444444444
6 0.5796875 0.39652777777777776 0.009375 0.02638888888888889
6 0.486328125 0.34791666666666665 0.01015625 0.02361111111111111
6 0.362890625 0.4305555555555556 0.01015625 0.022222222222222223
6 0.346875 0.3715277777777778 0.0109375 0.02361111111111111
6 0.4796875 0.30486111111111114 0.009375 0.02361111111111111
6 0.4875 0.28541666666666665 0.0078125 0.018055555555555554
6 0.452734375 0.24583333333333332 0.00859375 0.019444444444444445
6 0.57890625 0.2548611111111111 0.0078125 0.02361111111111111
6 0.55 0.22013888888888888 0.00625 0.02638888888888889
6 0.54609375 0.28888888888888886 0.009375 0.025
6 0.672265625 0.35625 0.00703125 0.02638888888888889
6 0.75546875 0.6944444444444444 0.009375 0.025
6 0.73828125 0.6944444444444444 0.009375 0.025
6 0.741015625 0.6597222222222222 0.01015625 0.025
6 0.553515625 0.09513888888888888 0.00390625 0.018055555555555554
6 0.5328125 0.05625 0.00625 0.015277777777777777
6 0.242578125 0.5958333333333333 0.01015625 0.022222222222222223
6 0.224609375 0.6305555555555555 0.01015625 0.022222222222222223
6 0.205859375 0.625 0.01015625 0.022222222222222223
6 0.47109375 0.08402777777777778 0.0046875 0.015277777777777777
6 0.45859375 0.049305555555555554 0.0046875 0.015277777777777777
6 0.591796875 0.06458333333333334 0.00703125 0.018055555555555554
6 0.568359375 0.06111111111111111 0.00546875 0.013888888888888888
6 0.651171875 0.22291666666666668 0.00703125 0.020833333333333332
6 0.6390625 0.18888888888888888 0.0078125 0.019444444444444445
6 0.6890625 0.15694444444444444 0.00625 0.016666666666666666
