6 0.841796875 0.6909722222222222 0.03828125 0.06805555555555555
6 0.433203125 0.6256944444444444 0.03203125 0.05694444444444444
6 0.30234375 0.45902777777777776 0.025 0.06805555555555555
6 0.526953125 0.2847222222222222 0.01796875 0.030555555555555555
6 0.480859375 0.21666666666666667 0.00859375 0.025
6 0.501953125 0.18055555555555555 0.01171875 0.025
6 0.466015625 0.15486111111111112 0.01171875 0.020833333333333332
6 0.48359375 0.13055555555555556 0.009375 0.019444444444444445
6 0.4578125 0.1111111111111111 0.01875 0.025
6 0.469921875 0.08333333333333333 0.01328125 0.019444444444444445
6 0.499609375 0.08263888888888889 0.01171875 0.018055555555555554
6 0.5078125 0.09513888888888888 0.009375 0.018055555555555554
