6 0.451953125 0.9631944444444445 0.01484375 0.034722222222222224
6 0.472265625 0.75625 0.01796875 0.034722222222222224
6 0.421875 0.7694444444444445 0.01875 0.03333333333333333
6 0.474609375 0.6930555555555555 0.02109375 0.03611111111111111
6 0.590625 0.6479166666666667 0.0171875 0.043055555555555555
6 0.626171875 0.7180555555555556 0.01484375 0.041666666666666664
6 0.655078125 0.8493055555555555 0.01796875 0.04861111111111111
6 0.679296875 0.8229166666666666 0.01796875 0.04861111111111111
6 0.605078125 0.5847222222222223 0.01484375 0.03888888888888889
6 0.5890625 0.4583333333333333 0.0109375 0.03611111111111111
6 0.6671875 0.5666666666666667 0.0109375 0.03611111111111111
6 0.434375 0.4270833333333333 0.009375 0.029166666666666667
6 0.479296875 0.22847222222222222 0.00859375 0.02638888888888889
6 0.43125 0.37430555555555556 0.015625 0.018055555555555554
6 0.437890625 0.29305555555555557 0.01328125 0.025
6 0.425 0.29583333333333334 0.0109375 0.022222222222222223
6 0.478515625 0.1840277777777778 0.00859375 0.018055555555555554
6 0.325 0.2298611111111111 0.0109375 0.020833333333333332
6 0.361328125 0.02847222222222222 0.00546875 0.0125
6 0.369921875 0.10902777777777778 0.00703125 0.015277777777777777
6 0.380078125 0.11041666666666666 0.00703125 0.015277777777777777
6 0.39296875 0.0798611111111111 0.0078125 0.015277777777777777
6 0.399609375 0.05625 0.00703125 0.0125
6 0.434375 0.011111111111111112 0.0078125 0.016666666666666666
6 0.45 0.02361111111111111 0.0078125 0.019444444444444445
6 0.459765625 0.025 0.00703125 0.011111111111111112
6 0.471875 0.10555555555555556 0.009375 0.022222222222222223
6 0.480859375 0.1451388888888889 0.00859375 0.02361111111111111
6 0.49453125 0.2791666666666667 0.0109375 0.019444444444444445
6 0.5421875 0.275 0.009375 0.025
6 0.49140625 0.03194444444444444 0.0078125 0.016666666666666666
6 0.49921875 0.03125 0.0078125 0.015277777777777777
6 0.433984375 0.3375 0.01015625 0.025
