6 0.579 0.5358490566037736 0.03 0.09056603773584905
6 0.9375 0.3754716981132076 0.037 0.09056603773584905
6 0.2315 0.5264150943396226 0.057 0.12830188679245283
6 0.387 0.4037735849056604 0.036 0.06792452830188679
6 0.5855 0.19716981132075473 0.023 0.04716981132075472
6 0.544 0.07169811320754717 0.016 0.033962264150943396
6 0.455 0.1509433962264151 0.022 0.033962264150943396
6 0.7615 0.1311320754716981 0.019 0.0509433962264151
6 0.7925 0.14150943396226415 0.025 0.05660377358490566
6 0.844 0.19245283018867926 0.034 0.06415094339622641
