6 0.482421875 0.16111111111111112 0.01796875 0.03333333333333333
6 0.60390625 0.5736111111111111 0.0390625 0.05
6 0.214453125 0.7979166666666667 0.03359375 0.05416666666666667
6 0.262890625 0.8131944444444444 0.03046875 0.059722222222222225
6 0.25 0.9402777777777778 0.034375 0.05
6 0.232421875 0.5666666666666667 0.02890625 0.04722222222222222
6 0.2734375 0.5229166666666667 0.0234375 0.04027777777777778
6 0.166796875 0.41180555555555554 0.02734375 0.03194444444444444
6 0.27578125 0.3770833333333333 0.0296875 0.0375
6 0.212890625 0.45902777777777776 0.02421875 0.043055555555555555
6 0.20234375 0.39861111111111114 0.03125 0.030555555555555555
6 0.1625 0.3506944444444444 0.0234375 0.034722222222222224
6 0.226171875 0.2111111111111111 0.01640625 0.03333333333333333
6 0.147265625 0.14652777777777778 0.01953125 0.02638888888888889
6 0.4015625 0.12708333333333333 0.021875 0.034722222222222224
6 0.446484375 0.06875 0.01796875 0.02638888888888889
6 0.358203125 0.07291666666666667 0.02265625 0.0375
6 0.611328125 0.12013888888888889 0.01953125 0.029166666666666667
6 0.15859375 0.25972222222222224 0.0265625 0.03611111111111111
6 0.19453125 0.5104166666666666 0.03125 0.034722222222222224
