6 0.61015625 0.29097222222222224 0.015625 0.02361111111111111
6 0.478515625 0.8111111111111111 0.01171875 0.03333333333333333
6 0.428125 0.8493055555555555 0.0171875 0.04861111111111111
6 0.487890625 0.6784722222222223 0.01484375 0.034722222222222224
6 0.455859375 0.43472222222222223 0.01015625 0.022222222222222223
6 0.52265625 0.2972222222222222 0.0125 0.030555555555555555
6 0.54453125 0.27291666666666664 0.0125 0.029166666666666667
6 0.51796875 0.19375 0.0109375 0.02638888888888889
6 0.49921875 0.16458333333333333 0.009375 0.02638888888888889
6 0.478125 0.14444444444444443 0.009375 0.022222222222222223
6 0.56328125 0.18680555555555556 0.009375 0.02638888888888889
6 0.579296875 0.1951388888888889 0.01015625 0.029166666666666667
6 0.37421875 0.07152777777777777 0.009375 0.018055555555555554
6 0.458984375 0.0125 0.01015625 0.019444444444444445
6 0.467578125 0.0763888888888889 0.01015625 0.022222222222222223
6 0.659375 0.6916666666666667 0.0171875 0.03888888888888889
6 0.36796875 0.15555555555555556 0.009375 0.019444444444444445
