6 0.594921875 0.48194444444444445 0.01484375 0.041666666666666664
6 0.59609375 0.32916666666666666 0.0109375 0.030555555555555555
6 0.780078125 0.3125 0.01328125 0.03888888888888889
6 0.816796875 0.71875 0.02109375 0.06527777777777778
6 0.81640625 0.8847222222222222 0.01875 0.06944444444444445
6 0.9625 0.49236111111111114 0.009375 0.034722222222222224
6 0.976953125 0.7131944444444445 0.01640625 0.034722222222222224
6 0.878125 0.3770833333333333 0.0109375 0.03194444444444444
6 0.87265625 0.20902777777777778 0.0109375 0.02361111111111111
6 0.854296875 0.08194444444444444 0.00859375 0.022222222222222223
6 0.416015625 0.052083333333333336 0.01171875 0.043055555555555555
6 0.880078125 0.5972222222222222 0.01484375 0.041666666666666664
