6 0.70703125 0.10173501577287067 0.0171875 0.055205047318611984
6 0.680078125 0.9305993690851735 0.06484375 0.12618296529968454
6 0.723046875 0.39037854889589907 0.03046875 0.1056782334384858
6 0.50234375 0.05362776025236593 0.0140625 0.031545741324921134
6 0.79375 0.38170347003154576 0.0359375 0.11356466876971609
6 0.85078125 0.40457413249211355 0.034375 0.10252365930599369
6 0.747265625 0.5055205047318612 0.03984375 0.11829652996845426
6 0.715234375 0.6648264984227129 0.04140625 0.1498422712933754
6 0.79921875 0.9077287066246057 0.05625 0.1719242902208202
6 0.52578125 0.05362776025236593 0.0109375 0.03470031545741325
6 0.5578125 0.19873817034700317 0.0203125 0.050473186119873815
6 0.7375 0.09305993690851735 0.0171875 0.050473186119873815
6 0.684765625 0.017350157728706624 0.01171875 0.03470031545741325
6 0.480859375 0.10173501577287067 0.01328125 0.03943217665615142
6 0.6921875 0.04810725552050473 0.015625 0.03943217665615142
6 0.674609375 0.49053627760252366 0.03671875 0.12302839116719243
