6 0.52734375 0.40069444444444446 0.021875 0.043055555555555555
6 0.692578125 0.5756944444444444 0.02578125 0.04027777777777778
6 0.152734375 0.18263888888888888 0.01328125 0.034722222222222224
6 0.702734375 0.7743055555555556 0.03203125 0.05694444444444444
6 0.27265625 0.53125 0.025 0.04027777777777778
6 0.28828125 0.5888888888888889 0.028125 0.05277777777777778
6 0.169140625 0.29097222222222224 0.02109375 0.029166666666666667
6 0.246875 0.41180555555555554 0.021875 0.0375
6 0.205859375 0.3875 0.01953125 0.03333333333333333
6 0.13671875 0.14305555555555555 0.0140625 0.03333333333333333
6 0.1265625 0.10416666666666667 0.0140625 0.019444444444444445
6 0.240234375 0.3701388888888889 0.01953125 0.03194444444444444
6 0.62265625 0.27569444444444446 0.01875 0.034722222222222224
6 0.382421875 0.12152777777777778 0.01328125 0.034722222222222224
6 0.386328125 0.05555555555555555 0.01015625 0.030555555555555555
