6 0.920703125 0.667192429022082 0.05078125 0.14195583596214512
6 0.68984375 0.1167192429022082 0.0140625 0.056782334384858045
6 0.4328125 0.2886435331230284 0.025 0.05993690851735016
6 0.839453125 0.4140378548895899 0.03203125 0.10883280757097792
6 0.776953125 0.30047318611987384 0.02421875 0.08990536277602523
6 0.746484375 0.15772870662460567 0.01640625 0.056782334384858045
6 0.266015625 0.5843848580441641 0.03984375 0.08675078864353312
6 0.463671875 0.1861198738170347 0.01796875 0.0473186119873817
6 0.712890625 0.1222397476340694 0.01796875 0.055205047318611984
6 0.47265625 0.10646687697160884 0.0125 0.03627760252365931
6 0.5046875 0.17429022082018927 0.0140625 0.04574132492113565
6 0.705078125 0.08675078864353312 0.01640625 0.050473186119873815
