6 0.6140625 0.8388888888888889 0.0140625 0.041666666666666664
6 0.587109375 0.6777777777777778 0.01015625 0.025
6 0.721484375 0.8215277777777777 0.01328125 0.03194444444444444
6 0.53046875 0.3645833333333333 0.0078125 0.020833333333333332
6 0.390625 0.3055555555555556 0.009375 0.025
6 0.730859375 0.6555555555555556 0.01171875 0.027777777777777776
6 0.471484375 0.18958333333333333 0.00703125 0.018055555555555554
6 0.49765625 0.14791666666666667 0.0078125 0.018055555555555554
6 0.5609375 0.7652777777777777 0.0109375 0.03888888888888889
6 0.64296875 0.8145833333333333 0.0109375 0.034722222222222224
6 0.63984375 0.8631944444444445 0.0109375 0.034722222222222224
6 0.64609375 0.9034722222222222 0.0109375 0.034722222222222224
6 0.62734375 0.8756944444444444 0.0109375 0.034722222222222224
6 0.58984375 0.8583333333333333 0.015625 0.03888888888888889
6 0.60078125 0.8256944444444444 0.009375 0.034722222222222224
6 0.596875 0.7854166666666667 0.009375 0.034722222222222224
6 0.59765625 0.7465277777777778 0.009375 0.034722222222222224
6 0.596875 0.7118055555555556 0.009375 0.034722222222222224
6 0.716015625 0.7076388888888889 0.01171875 0.02638888888888889
6 0.728515625 0.7784722222222222 0.01171875 0.02638888888888889
6 0.690234375 0.7798611111111111 0.01171875 0.02638888888888889
6 0.707421875 0.8263888888888888 0.01171875 0.027777777777777776
6 0.591796875 0.6465277777777778 0.01015625 0.02638888888888889
6 0.696875 0.5243055555555556 0.0109375 0.020833333333333332
