6 0.5984375 0.6083333333333333 0.015625 0.03888888888888889
6 0.687109375 0.8583333333333333 0.01796875 0.05
6 0.49921875 0.9430555555555555 0.0171875 0.044444444444444446
6 0.662890625 0.7694444444444445 0.01796875 0.03888888888888889
6 0.416015625 0.38680555555555557 0.01484375 0.02361111111111111
6 0.440234375 0.3680555555555556 0.01484375 0.025
6 0.43046875 0.3298611111111111 0.015625 0.02361111111111111
6 0.41328125 0.3375 0.015625 0.025
6 0.41875 0.2833333333333333 0.0125 0.019444444444444445
6 0.423046875 0.2375 0.01328125 0.019444444444444445
6 0.405078125 0.24444444444444444 0.01328125 0.019444444444444445
6 0.514453125 0.1326388888888889 0.01015625 0.018055555555555554
6 0.609765625 0.4701388888888889 0.01171875 0.03194444444444444
6 0.544921875 0.2847222222222222 0.01015625 0.025
6 0.4015625 0.2111111111111111 0.0125 0.022222222222222223
6 0.4125 0.1909722222222222 0.0109375 0.02361111111111111
6 0.421484375 0.15486111111111112 0.00703125 0.020833333333333332
6 0.417578125 0.12152777777777778 0.00859375 0.018055555555555554
6 0.390234375 0.11180555555555556 0.00859375 0.018055555555555554
6 0.38515625 0.1284722222222222 0.009375 0.015277777777777777
6 0.39921875 0.06111111111111111 0.0078125 0.016666666666666666
6 0.387890625 0.058333333333333334 0.00859375 0.013888888888888888
6 0.382421875 0.020833333333333332 0.00703125 0.013888888888888888
6 0.487890625 0.03819444444444445 0.00859375 0.020833333333333332
6 0.6640625 0.65625 0.015625 0.04861111111111111
6 0.58828125 0.2659722222222222 0.0109375 0.02638888888888889
6 0.5984375 0.22777777777777777 0.009375 0.022222222222222223
6 0.5890625 0.22152777777777777 0.009375 0.02361111111111111
6 0.57578125 0.20347222222222222 0.0109375 0.02638888888888889
