6 0.726953125 0.5409722222222222 0.01484375 0.04583333333333333
6 0.508203125 0.6770833333333334 0.01484375 0.04027777777777778
6 0.852734375 0.5493055555555556 0.01484375 0.0375
6 0.572265625 0.6208333333333333 0.01171875 0.030555555555555555
6 0.54375 0.8319444444444445 0.015625 0.04722222222222222
6 0.5 0.7993055555555556 0.015625 0.04027777777777778
6 0.55703125 0.3333333333333333 0.0109375 0.03333333333333333
6 0.533984375 0.26805555555555555 0.01015625 0.027777777777777776
6 0.537109375 0.2326388888888889 0.01171875 0.02361111111111111
6 0.831640625 0.3638888888888889 0.01328125 0.03611111111111111
6 0.80625 0.3763888888888889 0.0125 0.03888888888888889
6 0.86171875 0.24930555555555556 0.0125 0.034722222222222224
6 0.86171875 0.18819444444444444 0.0109375 0.029166666666666667
6 0.88046875 0.12986111111111112 0.009375 0.02638888888888889
6 0.536328125 0.1875 0.00546875 0.030555555555555555
6 0.54453125 0.2111111111111111 0.0078125 0.022222222222222223
6 0.533203125 0.5166666666666667 0.01640625 0.03888888888888889
6 0.54375 0.10277777777777777 0.0109375 0.030555555555555555
6 0.593359375 0.059027777777777776 0.00859375 0.02361111111111111
6 0.87578125 0.6236111111111111 0.0125 0.03888888888888889
6 0.8421875 0.6583333333333333 0.0171875 0.041666666666666664
6 0.88671875 0.6486111111111111 0.0125 0.041666666666666664
6 0.90859375 0.7402777777777778 0.015625 0.041666666666666664
6 0.7890625 0.14791666666666667 0.009375 0.03194444444444444
6 0.962890625 0.7777777777777778 0.01640625 0.05
6 0.34921875 0.09652777777777778 0.0109375 0.04027777777777778
6 0.55234375 0.013888888888888888 0.009375 0.022222222222222223
6 0.550390625 0.04791666666666667 0.01015625 0.02361111111111111
6 0.660546875 0.01875 0.01171875 0.029166666666666667
6 0.778125 0.04861111111111111 0.009375 0.030555555555555555
