6 0.4640625 0.6611111111111111 0.0109375 0.027777777777777776
6 0.5390625 0.275 0.009375 0.027777777777777776
6 0.464453125 0.12013888888888889 0.00859375 0.020833333333333332
6 0.52734375 0.2152777777777778 0.009375 0.025
6 0.403515625 0.3020833333333333 0.00859375 0.018055555555555554
6 0.526953125 0.3645833333333333 0.01171875 0.03194444444444444
6 0.44296875 0.41597222222222224 0.0078125 0.02361111111111111
6 0.39140625 0.2263888888888889 0.009375 0.016666666666666666
6 0.396875 0.15208333333333332 0.009375 0.018055555555555554
6 0.433203125 0.1527777777777778 0.01015625 0.019444444444444445
6 0.44296875 0.5076388888888889 0.009375 0.02361111111111111
6 0.466796875 0.4930555555555556 0.01015625 0.025
6 0.427734375 0.5583333333333333 0.01171875 0.025
6 0.410546875 0.5229166666666667 0.01015625 0.029166666666666667
6 0.42265625 0.6090277777777777 0.0109375 0.029166666666666667
6 0.4453125 0.6555555555555556 0.0109375 0.027777777777777776
6 0.5109375 0.3298611111111111 0.0109375 0.03194444444444444
6 0.323828125 0.2222222222222222 0.01484375 0.019444444444444445
6 0.361328125 0.20069444444444445 0.01015625 0.020833333333333332
6 0.393359375 0.059722222222222225 0.00703125 0.013888888888888888
6 0.395703125 0.034027777777777775 0.00546875 0.0125
6 0.404296875 0.35 0.01015625 0.019444444444444445
6 0.458984375 0.7777777777777778 0.01328125 0.027777777777777776
6 0.4546875 0.9243055555555556 0.015625 0.029166666666666667
6 0.465625 0.041666666666666664 0.0078125 0.019444444444444445
6 0.487890625 0.06736111111111111 0.00859375 0.020833333333333332
6 0.643359375 0.6944444444444444 0.01640625 0.03888888888888889
6 0.67734375 0.7993055555555556 0.0171875 0.043055555555555555
6 0.687109375 0.8736111111111111 0.02109375 0.04722222222222222
6 0.5921875 0.42291666666666666 0.0125 0.029166666666666667
6 0.526953125 0.12430555555555556 0.00859375 0.020833333333333332
6 0.525390625 0.09097222222222222 0.00859375 0.018055555555555554
6 0.521484375 0.10625 0.00859375 0.020833333333333332
