6 0.49140625 0.8388888888888889 0.0171875 0.041666666666666664
6 0.53203125 0.7777777777777778 0.0125 0.041666666666666664
6 0.565625 0.79375 0.0140625 0.02361111111111111
6 0.58828125 0.80625 0.015625 0.0375
6 0.56171875 0.7513888888888889 0.0140625 0.03333333333333333
6 0.466015625 0.7173611111111111 0.01484375 0.04583333333333333
6 0.50859375 0.9006944444444445 0.01875 0.05416666666666667
6 0.487109375 0.5236111111111111 0.00859375 0.019444444444444445
6 0.420703125 0.5840277777777778 0.01171875 0.034722222222222224
6 0.410546875 0.5395833333333333 0.01015625 0.03194444444444444
6 0.403125 0.50625 0.009375 0.029166666666666667
6 0.38359375 0.48055555555555557 0.009375 0.019444444444444445
6 0.333203125 0.5402777777777777 0.01015625 0.027777777777777776
6 0.341015625 0.49583333333333335 0.01015625 0.025
6 0.217578125 0.5347222222222222 0.01015625 0.022222222222222223
6 0.2375 0.4736111111111111 0.0078125 0.022222222222222223
6 0.22734375 0.4666666666666667 0.009375 0.022222222222222223
6 0.2125 0.4576388888888889 0.0078125 0.018055555555555554
6 0.2375 0.4013888888888889 0.0078125 0.016666666666666666
6 0.205859375 0.40555555555555556 0.00859375 0.025
6 0.19609375 0.3659722222222222 0.0078125 0.018055555555555554
6 0.18046875 0.34097222222222223 0.00625 0.015277777777777777
6 0.29140625 0.29930555555555555 0.0078125 0.015277777777777777
6 0.276171875 0.2875 0.00859375 0.016666666666666666
6 0.323828125 0.33958333333333335 0.00703125 0.018055555555555554
6 0.351171875 0.2298611111111111 0.00703125 0.018055555555555554
6 0.256640625 0.26319444444444445 0.00703125 0.018055555555555554
6 0.042578125 0.6666666666666666 0.01171875 0.022222222222222223
6 0.078515625 0.5097222222222222 0.00859375 0.019444444444444445
6 0.084765625 0.4791666666666667 0.01015625 0.019444444444444445
6 0.070703125 0.46944444444444444 0.00859375 0.019444444444444445
6 0.06171875 0.43472222222222223 0.009375 0.019444444444444445
6 0.052734375 0.37569444444444444 0.00859375 0.018055555555555554
6 0.05625 0.35208333333333336 0.0078125 0.02361111111111111
6 0.054296875 0.03888888888888889 0.00703125 0.013888888888888888
6 0.079296875 0.044444444444444446 0.00546875 0.013888888888888888
6 0.105078125 0.17777777777777778 0.00703125 0.013888888888888888
6 0.11171875 0.19166666666666668 0.00625 0.016666666666666666
6 0.225 0.36041666666666666 0.009375 0.020833333333333332
6 0.1203125 0.19722222222222222 0.0078125 0.016666666666666666
6 0.136328125 0.24305555555555555 0.00546875 0.016666666666666666
6 0.141015625 0.25555555555555554 0.00703125 0.016666666666666666
6 0.1453125 0.24513888888888888 0.00625 0.018055555555555554
6 0.148828125 0.23680555555555555 0.00546875 0.015277777777777777
6 0.15390625 0.24861111111111112 0.00625 0.016666666666666666
6 0.1640625 0.24305555555555555 0.00625 0.013888888888888888
6 0.178515625 0.27708333333333335 0.00703125 0.018055555555555554
6 0.1765625 0.12152777777777778 0.00625 0.018055555555555554
6 0.240234375 0.15138888888888888 0.00859375 0.025
6 0.303515625 0.1951388888888889 0.01484375 0.020833333333333332
6 0.3140625 0.20347222222222222 0.00625 0.015277777777777777
6 0.265234375 0.17777777777777778 0.00859375 0.013888888888888888
6 0.378125 0.3194444444444444 0.0078125 0.022222222222222223
6 0.41015625 0.3638888888888889 0.0078125 0.011111111111111112
6 0.40703125 0.37222222222222223 0.0078125 0.016666666666666666
6 0.419140625 0.39861111111111114 0.00859375 0.011111111111111112
6 0.416015625 0.38125 0.00859375 0.015277777777777777
6 0.55625 0.7798611111111111 0.0109375 0.029166666666666667
