6 0.113671875 0.7805555555555556 0.02265625 0.03888888888888889
6 0.682421875 0.8729166666666667 0.01328125 0.029166666666666667
6 0.71484375 0.8604166666666667 0.0140625 0.034722222222222224
6 0.7375 0.8645833333333334 0.0125 0.03194444444444444
6 0.733203125 0.7888888888888889 0.01171875 0.027777777777777776
6 0.728125 0.8381944444444445 0.0109375 0.03194444444444444
6 0.701953125 0.8277777777777777 0.01328125 0.030555555555555555
6 0.680859375 0.8298611111111112 0.01328125 0.02638888888888889
6 0.687109375 0.7770833333333333 0.01015625 0.034722222222222224
6 0.689453125 0.7180555555555556 0.01171875 0.03888888888888889
6 0.689453125 0.6569444444444444 0.01171875 0.027777777777777776
6 0.681640625 0.625 0.01015625 0.030555555555555555
6 0.6828125 0.5881944444444445 0.0078125 0.02361111111111111
6 0.683984375 0.5569444444444445 0.01015625 0.019444444444444445
6 0.36640625 0.44027777777777777 0.0125 0.019444444444444445
6 0.4421875 0.5076388888888889 0.0140625 0.02638888888888889
6 0.64921875 0.74375 0.009375 0.04027777777777778
6 0.796484375 0.8111111111111111 0.01328125 0.03611111111111111
6 0.812890625 0.8083333333333333 0.01171875 0.030555555555555555
6 0.870703125 0.7944444444444444 0.01640625 0.05
6 0.855078125 0.6770833333333334 0.01171875 0.03194444444444444
6 0.254296875 0.7909722222222222 0.01640625 0.03194444444444444
6 0.135546875 0.9791666666666666 0.02265625 0.03888888888888889
6 0.093359375 0.9416666666666667 0.02265625 0.03888888888888889
6 0.056640625 0.8847222222222222 0.02265625 0.03888888888888889
6 0.0140625 0.8388888888888889 0.021875 0.03888888888888889
6 0.02265625 0.6708333333333333 0.021875 0.03888888888888889
6 0.439453125 0.16875 0.01015625 0.018055555555555554
6 0.476953125 0.10208333333333333 0.00546875 0.015277777777777777
6 0.489453125 0.030555555555555555 0.00390625 0.011111111111111112
6 0.5109375 0.05486111111111111 0.00625 0.015277777777777777
6 0.5109375 0.03680555555555556 0.00625 0.015277777777777777
6 0.58203125 0.16111111111111112 0.00625 0.019444444444444445
6 0.610546875 0.12083333333333333 0.00703125 0.013888888888888888
6 0.684765625 0.1388888888888889 0.00703125 0.013888888888888888
6 0.635546875 0.3416666666666667 0.00859375 0.022222222222222223
6 0.82109375 0.7756944444444445 0.0109375 0.03194444444444444
6 0.74375 0.49722222222222223 0.0109375 0.03611111111111111
6 0.713671875 0.24791666666666667 0.00703125 0.02361111111111111
6 0.638671875 0.14652777777777778 0.00859375 0.020833333333333332
