6 0.825390625 0.7996845425867508 0.05390625 0.19873817034700317
6 0.534375 0.5 0.034375 0.08832807570977919
6 0.715234375 0.38091482649842273 0.02890625 0.08990536277602523
6 0.6765625 0.305205047318612 0.028125 0.08675078864353312
6 0.722265625 0.5110410094637224 0.04140625 0.138801261829653
6 0.4375 0.2279179810725552 0.0171875 0.04889589905362776
6 0.49609375 0.15930599369085174 0.015625 0.0473186119873817
6 0.659765625 0.22397476340694006 0.02109375 0.08201892744479496
6 0.784765625 0.2058359621451104 0.02109375 0.07413249211356467
6 0.690625 0.20425867507886436 0.021875 0.07413249211356467
6 0.7078125 0.2555205047318612 0.0234375 0.08201892744479496
6 0.63828125 0.31309148264984227 0.0296875 0.09936908517350158
6 0.944140625 0.7421135646687698 0.06640625 0.18454258675078863
6 0.50234375 0.051261829652996846 0.0125 0.033123028391167195
6 0.685546875 0.04100946372239748 0.01484375 0.04100946372239748
6 0.741796875 0.21766561514195584 0.02421875 0.07255520504731862
6 0.47265625 0.138801261829653 0.015625 0.03785488958990536
6 0.71328125 0.03627760252365931 0.0140625 0.04100946372239748
