6 0.874609375 0.75 0.01640625 0.03611111111111111
6 0.817578125 0.9479166666666666 0.02578125 0.05138888888888889
6 0.497265625 0.7069444444444445 0.02421875 0.05277777777777778
6 0.561328125 0.7201388888888889 0.03046875 0.059722222222222225
6 0.921875 0.8541666666666666 0.028125 0.05
6 0.4625 0.22291666666666668 0.021875 0.043055555555555555
6 0.355078125 0.5847222222222223 0.01796875 0.03333333333333333
6 0.216015625 0.6048611111111111 0.01640625 0.02638888888888889
6 0.2 0.5222222222222223 0.0125 0.030555555555555555
6 0.221484375 0.37916666666666665 0.01640625 0.022222222222222223
6 0.809765625 0.4722222222222222 0.02578125 0.041666666666666664
6 0.193359375 0.6638888888888889 0.01796875 0.044444444444444446
6 0.195703125 0.8881944444444444 0.01796875 0.04861111111111111
