6 0.30625 0.23125 0.0171875 0.05416666666666667
6 0.3265625 0.15486111111111112 0.0171875 0.0375
6 0.93671875 0.31805555555555554 0.01875 0.025
6 0.09296875 0.2569444444444444 0.0265625 0.030555555555555555
6 0.15625 0.2263888888888889 0.025 0.03611111111111111
6 0.173828125 0.18125 0.02265625 0.034722222222222224
6 0.34140625 0.04513888888888889 0.0125 0.020833333333333332
6 0.298828125 0.029861111111111113 0.01796875 0.029166666666666667
6 0.32109375 0.6930555555555555 0.015625 0.030555555555555555
6 0.34375 0.7 0.015625 0.041666666666666664
6 0.36875 0.6868055555555556 0.0140625 0.02361111111111111
6 0.384375 0.6590277777777778 0.0203125 0.04861111111111111
6 0.39765625 0.6222222222222222 0.015625 0.027777777777777776
6 0.4125 0.5923611111111111 0.0203125 0.04583333333333333
6 0.432421875 0.6090277777777777 0.01796875 0.02638888888888889
6 0.458984375 0.5569444444444445 0.01640625 0.03333333333333333
6 0.496875 0.5583333333333333 0.015625 0.041666666666666664
6 0.516796875 0.5395833333333333 0.02109375 0.043055555555555555
6 0.566796875 0.40347222222222223 0.00390625 0.04027777777777778
6 0.592578125 0.3013888888888889 0.01328125 0.03611111111111111
6 0.66015625 0.09930555555555555 0.0171875 0.02638888888888889
6 0.670703125 0.48680555555555555 0.01015625 0.020833333333333332
6 0.673046875 0.8069444444444445 0.01953125 0.025
6 0.769921875 0.825 0.01953125 0.044444444444444446
6 0.986328125 0.4798611111111111 0.01171875 0.034722222222222224
6 0.778515625 0.6111111111111112 0.01328125 0.03333333333333333
6 0.697265625 0.5972222222222222 0.01328125 0.030555555555555555
6 0.65 0.4909722222222222 0.0078125 0.02361111111111111
6 0.787890625 0.5270833333333333 0.01171875 0.043055555555555555
6 0.892578125 0.48194444444444445 0.01328125 0.027777777777777776
6 0.887890625 0.43680555555555556 0.01171875 0.03194444444444444
6 0.98203125 0.22708333333333333 0.0125 0.029166666666666667
6 0.98046875 0.36736111111111114 0.0140625 0.029166666666666667
6 0.96953125 0.09652777777777778 0.0125 0.02361111111111111
6 0.53046875 0.26805555555555555 0.0140625 0.03333333333333333
6 0.82890625 0.22708333333333333 0.0125 0.02638888888888889
6 0.162109375 0.5326388888888889 0.02578125 0.04027777777777778
6 0.441015625 0.5875 0.01796875 0.03888888888888889
6 0.483203125 0.7 0.02265625 0.044444444444444446
6 0.68671875 0.63125 0.01875 0.029166666666666667
6 0.93671875 0.13402777777777777 0.0140625 0.029166666666666667
