6 0.54765625 0.5916666666666667 0.0125 0.041666666666666664
6 0.5859375 0.39166666666666666 0.0125 0.030555555555555555
6 0.852734375 0.6347222222222222 0.01328125 0.03888888888888889
6 0.4328125 0.17847222222222223 0.0109375 0.018055555555555554
6 0.441796875 0.07847222222222222 0.01171875 0.018055555555555554
6 0.398046875 0.14652777777777778 0.01171875 0.018055555555555554
6 0.346875 0.13472222222222222 0.0125 0.019444444444444445
6 0.391015625 0.07569444444444444 0.01171875 0.018055555555555554
6 0.455859375 0.08194444444444444 0.01171875 0.016666666666666666
6 0.850390625 0.7041666666666667 0.01484375 0.044444444444444446
6 0.86953125 0.7055555555555556 0.0140625 0.03333333333333333
6 0.838671875 0.7875 0.01484375 0.044444444444444446
6 0.862109375 0.7583333333333333 0.01484375 0.03888888888888889
6 0.88671875 0.7486111111111111 0.0140625 0.03611111111111111
6 0.698046875 0.30625 0.01015625 0.034722222222222224
6 0.35 0.6909722222222222 0.0171875 0.02638888888888889
6 0.1859375 0.30069444444444443 0.0171875 0.04027777777777778
6 0.253515625 0.2722222222222222 0.01171875 0.022222222222222223
6 0.391015625 0.13680555555555557 0.00859375 0.020833333333333332
6 0.399609375 0.08125 0.01015625 0.018055555555555554
6 0.409765625 0.06041666666666667 0.01015625 0.02361111111111111
6 0.55859375 0.11736111111111111 0.0109375 0.020833333333333332
6 0.540234375 0.2965277777777778 0.01015625 0.02361111111111111
6 0.53984375 0.3173611111111111 0.009375 0.02638888888888889
6 0.511328125 0.4652777777777778 0.01015625 0.03333333333333333
6 0.49140625 0.5486111111111112 0.0140625 0.041666666666666664
6 0.564453125 0.5076388888888889 0.01484375 0.04027777777777778
6 0.574609375 0.43819444444444444 0.01328125 0.04027777777777778
6 0.590234375 0.36319444444444443 0.01171875 0.02638888888888889
6 0.597265625 0.33402777777777776 0.01171875 0.03194444444444444
6 0.591015625 0.32083333333333336 0.00859375 0.030555555555555555
6 0.723828125 0.42430555555555555 0.01328125 0.034722222222222224
6 0.68046875 0.6756944444444445 0.015625 0.043055555555555555
6 0.70390625 0.6625 0.015625 0.019444444444444445
6 0.887890625 0.5416666666666666 0.01640625 0.027777777777777776
6 0.89140625 0.4618055555555556 0.0125 0.04027777777777778
6 0.9046875 0.1284722222222222 0.009375 0.029166666666666667
6 0.84765625 0.03819444444444445 0.0078125 0.02638888888888889
6 0.8515625 0.08472222222222223 0.009375 0.027777777777777776
6 0.040234375 0.55 0.02109375 0.03611111111111111
