6 0.720703125 0.8736111111111111 0.01640625 0.027777777777777776
6 0.70078125 0.8645833333333334 0.0140625 0.02638888888888889
6 0.70859375 0.8395833333333333 0.0109375 0.029166666666666667
6 0.71328125 0.7979166666666667 0.0109375 0.02361111111111111
6 0.667578125 0.8173611111111111 0.01171875 0.02361111111111111
6 0.665234375 0.8576388888888888 0.01171875 0.034722222222222224
6 0.681640625 0.8569444444444444 0.01171875 0.030555555555555555
6 0.66796875 0.7444444444444445 0.0109375 0.027777777777777776
6 0.66484375 0.7104166666666667 0.0125 0.02638888888888889
6 0.65859375 0.6527777777777778 0.0109375 0.025
6 0.659765625 0.61875 0.01171875 0.020833333333333332
6 0.40390625 0.375 0.009375 0.016666666666666666
6 0.38828125 0.4486111111111111 0.009375 0.016666666666666666
6 0.37109375 0.6465277777777778 0.0125 0.020833333333333332
6 0.204296875 0.7611111111111111 0.01796875 0.027777777777777776
6 0.179296875 0.7826388888888889 0.01796875 0.02638888888888889
6 0.6640625 0.7902777777777777 0.0109375 0.027777777777777776
6 0.628125 0.7729166666666667 0.0078125 0.029166666666666667
6 0.6078125 0.3729166666666667 0.0078125 0.020833333333333332
6 0.77734375 0.8368055555555556 0.0140625 0.034722222222222224
6 0.79375 0.7256944444444444 0.0109375 0.034722222222222224
6 0.809375 0.6770833333333334 0.0109375 0.029166666666666667
6 0.708984375 0.4791666666666667 0.00703125 0.022222222222222223
6 0.83359375 0.6444444444444445 0.0109375 0.027777777777777776
6 0.839453125 0.7069444444444445 0.00859375 0.03333333333333333
6 0.6484375 0.2375 0.00625 0.022222222222222223
6 0.57890625 0.15694444444444444 0.0046875 0.013888888888888888
6 0.55078125 0.20208333333333334 0.0046875 0.018055555555555554
6 0.7796875 0.9604166666666667 0.0140625 0.043055555555555555
6 0.021484375 0.7583333333333333 0.01484375 0.030555555555555555
6 0.482421875 0.041666666666666664 0.00546875 0.013888888888888888
6 0.5640625 0.022222222222222223 0.00625 0.019444444444444445
6 0.692578125 0.3090277777777778 0.01015625 0.020833333333333332
6 0.82265625 0.5972222222222222 0.0109375 0.022222222222222223
