6 0.937 0.7226415094339622 0.07 0.17735849056603772
6 0.837 0.3320754716981132 0.044 0.09433962264150944
6 0.795 0.2339622641509434 0.032 0.07547169811320754
6 0.89 0.2339622641509434 0.04 0.07924528301886792
6 0.857 0.13018867924528302 0.03 0.06792452830188679
6 0.1865 0.4688679245283019 0.045 0.08490566037735849
6 0.5025 0.0660377358490566 0.021 0.04150943396226415
6 0.569 0.08867924528301886 0.02 0.045283018867924525
6 0.839 0.19811320754716982 0.034 0.06415094339622641
6 0.82 0.06037735849056604 0.022 0.052830188679245285
