6 0.7725 0.1339622641509434 0.023 0.05660377358490566
6 0.0275 0.8830188679245283 0.053 0.21509433962264152
6 0.379 0.12735849056603774 0.026 0.05471698113207547
6 0.4495 0.06320754716981132 0.021 0.04339622641509434
6 0.4085 0.016037735849056604 0.017 0.02830188679245283
6 0.7545 0.15943396226415094 0.025 0.0509433962264151
6 0.8185 0.1632075471698113 0.027 0.07358490566037736
6 0.8495 0.2339622641509434 0.035 0.0830188679245283
6 0.9095 0.36792452830188677 0.047 0.09056603773584905
6 0.9235 0.4849056603773585 0.047 0.12830188679245283
6 0.729 0.06509433962264151 0.024 0.062264150943396226
