6 0.1995 0.47924528301886793 0.053 0.12830188679245283
6 0.3855 0.3660377358490566 0.039 0.07924528301886792
6 0.357 0.09245283018867924 0.02 0.03773584905660377
6 0.422 0.04339622641509434 0.018 0.033962264150943396
6 0.4985 0.07641509433962264 0.021 0.03962264150943396
6 0.7325 0.03679245283018868 0.025 0.04339622641509434
6 0.7515 0.06320754716981132 0.021 0.04339622641509434
6 0.7625 0.09905660377358491 0.021 0.05471698113207547
6 0.7915 0.18584905660377357 0.031 0.06981132075471698
6 0.8275 0.27264150943396226 0.037 0.08490566037735849
