6 0.38984375 0.2916666666666667 0.0234375 0.05555555555555555
6 0.599609375 0.2625 0.01953125 0.06944444444444445
6 0.75625 0.2798611111111111 0.0265625 0.059722222222222225
6 0.422265625 0.4798611111111111 0.03203125 0.06805555555555555
6 0.699609375 0.2625 0.02421875 0.06944444444444445
6 0.414453125 0.21805555555555556 0.01640625 0.044444444444444446
6 0.668359375 0.19791666666666666 0.01796875 0.05416666666666667
6 0.6234375 0.15555555555555556 0.015625 0.04722222222222222
6 0.412890625 0.8944444444444445 0.04921875 0.1111111111111111
6 0.40234375 0.04861111111111111 0.0078125 0.025
6 0.604296875 0.13194444444444445 0.01796875 0.04722222222222222
