6 0.1205 0.7283018867924528 0.075 0.2037735849056604
6 0.7565 0.42547169811320756 0.039 0.1
6 0.321 0.5613207547169812 0.034 0.07735849056603773
6 0.8285 0.3915094339622642 0.047 0.0509433962264151
6 0.304 0.19905660377358492 0.026 0.062264150943396226
6 0.2645 0.24716981132075472 0.025 0.04150943396226415
6 0.733 0.33773584905660375 0.036 0.09433962264150944
6 0.723 0.2009433962264151 0.022 0.05849056603773585
6 0.633 0.20566037735849058 0.028 0.06037735849056604
6 0.6815 0.12924528301886792 0.019 0.0509433962264151
6 0.6265 0.07264150943396226 0.015 0.03962264150943396
6 0.591 0.04433962264150943 0.018 0.035849056603773584
6 0.543 0.020754716981132074 0.016 0.033962264150943396
6 0.439 0.05188679245283019 0.012 0.02830188679245283
6 0.2615 0.180188679245283 0.023 0.02830188679245283
6 0.0275 0.6103773584905661 0.053 0.15283018867924528
