6 0.58203125 0.6805555555555556 0.0203125 0.03611111111111111
6 0.6453125 0.9555555555555556 0.0203125 0.044444444444444446
6 0.618359375 0.93125 0.01484375 0.0625
6 0.59609375 0.9076388888888889 0.0171875 0.059722222222222225
6 0.542578125 0.575 0.01171875 0.030555555555555555
6 0.514453125 0.49166666666666664 0.01171875 0.030555555555555555
6 0.493359375 0.4027777777777778 0.01328125 0.027777777777777776
6 0.36875 0.49583333333333335 0.0109375 0.022222222222222223
6 0.3671875 0.4652777777777778 0.009375 0.025
6 0.564453125 0.44583333333333336 0.00859375 0.025
6 0.568359375 0.3715277777777778 0.00703125 0.029166666666666667
6 0.551171875 0.3402777777777778 0.00859375 0.022222222222222223
6 0.587109375 0.43819444444444444 0.01015625 0.029166666666666667
6 0.603515625 0.45069444444444445 0.01015625 0.02638888888888889
6 0.58984375 0.4097222222222222 0.0109375 0.027777777777777776
6 0.34453125 0.2881944444444444 0.0078125 0.018055555555555554
6 0.3484375 0.2465277777777778 0.009375 0.02361111111111111
6 0.334765625 0.23055555555555557 0.00859375 0.022222222222222223
6 0.4640625 0.22083333333333333 0.00625 0.013888888888888888
6 0.48515625 0.28125 0.009375 0.02638888888888889
6 0.486328125 0.20972222222222223 0.00703125 0.016666666666666666
6 0.444140625 0.2590277777777778 0.00546875 0.018055555555555554
6 0.334375 0.18125 0.00625 0.015277777777777777
6 0.330859375 0.15069444444444444 0.00546875 0.015277777777777777
6 0.334765625 0.13125 0.00546875 0.015277777777777777
6 0.341796875 0.12430555555555556 0.00546875 0.015277777777777777
6 0.40859375 0.049305555555555554 0.00625 0.015277777777777777
6 0.412890625 0.043055555555555555 0.00546875 0.016666666666666666
6 0.401953125 0.04236111111111111 0.00546875 0.015277777777777777
6 0.416015625 0.06875 0.00546875 0.015277777777777777
6 0.326171875 0.07569444444444444 0.00546875 0.015277777777777777
6 0.47109375 0.04583333333333333 0.00625 0.016666666666666666
6 0.46015625 0.07430555555555556 0.00625 0.015277777777777777
6 0.532421875 0.275 0.00546875 0.025
6 0.250390625 0.03333333333333333 0.00546875 0.011111111111111112
