6 0.730859375 0.37933753943217663 0.02578125 0.083596214511041
6 0.6859375 0.1774447949526814 0.01875 0.055205047318611984
6 0.66796875 0.34936908517350157 0.025 0.09621451104100946
6 0.20859375 0.7018927444794952 0.046875 0.15772870662460567
6 0.80234375 0.501577287066246 0.0375 0.11356466876971609
6 0.45859375 0.1695583596214511 0.0125 0.03627760252365931
6 0.4515625 0.12145110410094637 0.0125 0.03470031545741325
6 0.51484375 0.032334384858044164 0.0078125 0.02050473186119874
6 0.547265625 0.03785488958990536 0.00859375 0.025236593059936908
6 0.662109375 0.06703470031545741 0.01171875 0.03627760252365931
6 0.651171875 0.052050473186119876 0.01171875 0.028391167192429023
