6 0.4171875 0.32916666666666666 0.01875 0.041666666666666664
6 0.32890625 0.08958333333333333 0.015625 0.03194444444444444
6 0.473828125 0.36944444444444446 0.02265625 0.03611111111111111
6 0.392578125 0.07291666666666667 0.01796875 0.0375
6 0.630859375 0.825 0.03046875 0.058333333333333334
6 0.534375 0.5277777777777778 0.0296875 0.03888888888888889
6 0.6796875 0.5451388888888888 0.021875 0.04583333333333333
6 0.2796875 0.8354166666666667 0.028125 0.059722222222222225
6 0.224609375 0.8298611111111112 0.02734375 0.034722222222222224
6 0.638671875 0.7444444444444445 0.02734375 0.05277777777777778
6 0.71953125 0.4756944444444444 0.0234375 0.034722222222222224
6 0.653125 0.41458333333333336 0.025 0.03194444444444444
6 0.47734375 0.3076388888888889 0.01875 0.03194444444444444
6 0.47734375 0.24097222222222223 0.0203125 0.034722222222222224
6 0.230859375 0.16666666666666666 0.01796875 0.03333333333333333
6 0.178125 0.04236111111111111 0.0203125 0.02361111111111111
