6 0.3921875 0.6201388888888889 0.0140625 0.029166666666666667
6 0.362890625 0.5159722222222223 0.01640625 0.034722222222222224
6 0.228515625 0.7527777777777778 0.01953125 0.03333333333333333
6 0.38515625 0.4736111111111111 0.0125 0.027777777777777776
6 0.390234375 0.4361111111111111 0.01171875 0.025
6 0.40078125 0.3861111111111111 0.0109375 0.025
6 0.5828125 0.9166666666666666 0.025 0.041666666666666664
6 0.548828125 0.9131944444444444 0.02421875 0.03194444444444444
6 0.513671875 0.8979166666666667 0.02578125 0.034722222222222224
6 0.67109375 0.9118055555555555 0.0125 0.034722222222222224
6 0.742578125 0.7180555555555556 0.01328125 0.03333333333333333
6 0.737890625 0.6729166666666667 0.01171875 0.03194444444444444
6 0.713671875 0.6416666666666667 0.00859375 0.013888888888888888
6 0.724609375 0.6493055555555556 0.01015625 0.02361111111111111
6 0.729296875 0.6194444444444445 0.00859375 0.030555555555555555
6 0.713671875 0.6055555555555555 0.01171875 0.03333333333333333
6 0.670703125 0.5805555555555556 0.00859375 0.027777777777777776
6 0.702734375 0.5638888888888889 0.01328125 0.030555555555555555
6 0.6765625 0.5402777777777777 0.0125 0.030555555555555555
6 0.687890625 0.4027777777777778 0.00859375 0.025
6 0.71953125 0.41875 0.009375 0.029166666666666667
6 0.732421875 0.3888888888888889 0.00859375 0.025
6 0.7234375 0.33125 0.0078125 0.018055555555555554
6 0.644921875 0.2673611111111111 0.00703125 0.02638888888888889
6 0.687890625 0.25277777777777777 0.00703125 0.019444444444444445
6 0.680859375 0.2388888888888889 0.00703125 0.019444444444444445
6 0.687109375 0.22152777777777777 0.00703125 0.018055555555555554
6 0.675 0.19375 0.00625 0.015277777777777777
6 0.679296875 0.17569444444444443 0.00703125 0.02361111111111111
6 0.643359375 0.20555555555555555 0.00703125 0.022222222222222223
6 0.637890625 0.20694444444444443 0.00703125 0.025
6 0.615625 0.20625 0.0078125 0.020833333333333332
6 0.615234375 0.18055555555555555 0.00859375 0.019444444444444445
6 0.62109375 0.1701388888888889 0.009375 0.020833333333333332
6 0.63046875 0.18819444444444444 0.0078125 0.018055555555555554
6 0.61953125 0.12916666666666668 0.0078125 0.013888888888888888
6 0.580078125 0.041666666666666664 0.00546875 0.016666666666666666
6 0.587109375 0.05625 0.00703125 0.015277777777777777
6 0.5890625 0.09166666666666666 0.00625 0.016666666666666666
6 0.5859375 0.029861111111111113 0.00625 0.015277777777777777
6 0.451953125 0.20416666666666666 0.00703125 0.013888888888888888
6 0.491796875 0.027777777777777776 0.00703125 0.013888888888888888
6 0.500390625 0.02361111111111111 0.00703125 0.013888888888888888
6 0.428125 0.35833333333333334 0.009375 0.022222222222222223
6 0.739453125 0.31666666666666665 0.00703125 0.025
6 0.7296875 0.3506944444444444 0.0078125 0.02638888888888889
