6 0.584765625 0.42916666666666664 0.01171875 0.03611111111111111
6 0.54765625 0.3138888888888889 0.0125 0.044444444444444446
6 0.60390625 0.3125 0.0109375 0.03333333333333333
6 0.876953125 0.49027777777777776 0.01171875 0.041666666666666664
6 0.898828125 0.94375 0.01953125 0.05416666666666667
6 0.95390625 0.7326388888888888 0.01875 0.05694444444444444
6 0.933203125 0.6958333333333333 0.01484375 0.03888888888888889
6 0.953125 0.4076388888888889 0.015625 0.04027777777777778
6 0.865625 0.33194444444444443 0.0140625 0.041666666666666664
6 0.909375 0.20694444444444443 0.0109375 0.03333333333333333
6 0.85390625 0.20625 0.009375 0.029166666666666667
6 0.840625 0.34791666666666665 0.0140625 0.04027777777777778
6 0.817578125 0.19791666666666666 0.01328125 0.03194444444444444
6 0.719140625 0.15902777777777777 0.01640625 0.034722222222222224
6 0.677734375 0.01875 0.01328125 0.0375
6 0.953515625 0.9076388888888889 0.01953125 0.043055555555555555
6 0.908984375 0.6395833333333333 0.01015625 0.043055555555555555
6 0.899609375 0.07847222222222222 0.00859375 0.02638888888888889
6 0.573046875 0.08819444444444445 0.00703125 0.02361111111111111
6 0.579296875 0.06527777777777778 0.00703125 0.025
6 0.57265625 0.05555555555555555 0.0078125 0.025
6 0.5890625 0.05694444444444444 0.0078125 0.025
6 0.601953125 0.03611111111111111 0.00703125 0.016666666666666666
6 0.9953125 0.5944444444444444 0.00625 0.03888888888888889
