6 0.49609375 0.4666666666666667 0.0359375 0.09166666666666666
6 0.319140625 0.5909722222222222 0.03046875 0.07916666666666666
6 0.3203125 0.12569444444444444 0.01875 0.04027777777777778
6 0.536328125 0.2375 0.01796875 0.06666666666666667
6 0.55703125 0.12152777777777778 0.015625 0.04583333333333333
6 0.688671875 0.30833333333333335 0.03359375 0.075
6 0.954296875 0.6298611111111111 0.07109375 0.14305555555555555
6 0.50625 0.08333333333333333 0.0140625 0.041666666666666664
6 0.48203125 0.07916666666666666 0.0125 0.044444444444444446
6 0.525390625 0.0798611111111111 0.01171875 0.04027777777777778
6 0.313671875 0.03194444444444444 0.00703125 0.025
