6 0.149609375 0.6972222222222222 0.01328125 0.019444444444444445
6 0.31328125 0.5909722222222222 0.009375 0.034722222222222224
6 0.3125 0.5409722222222222 0.0140625 0.03194444444444444
6 0.319921875 0.5090277777777777 0.01171875 0.03194444444444444
6 0.3375 0.45069444444444445 0.0140625 0.034722222222222224
6 0.3390625 0.41805555555555557 0.0109375 0.022222222222222223
6 0.35 0.40694444444444444 0.0109375 0.03333333333333333
6 0.44453125 0.3798611111111111 0.0125 0.0375
6 0.45703125 0.32916666666666666 0.0125 0.03611111111111111
6 0.4578125 0.30972222222222223 0.009375 0.019444444444444445
6 0.469921875 0.2111111111111111 0.01484375 0.03333333333333333
6 0.43359375 0.20694444444444443 0.009375 0.027777777777777776
6 0.3953125 0.19236111111111112 0.009375 0.02638888888888889
6 0.410546875 0.16805555555555557 0.01171875 0.022222222222222223
6 0.44296875 0.15069444444444444 0.0125 0.029166666666666667
6 0.55625 0.2298611111111111 0.0125 0.02638888888888889
6 0.594140625 0.2763888888888889 0.01171875 0.03333333333333333
6 0.601171875 0.46944444444444444 0.01328125 0.03611111111111111
6 0.589453125 0.4847222222222222 0.01328125 0.022222222222222223
6 0.44453125 0.7368055555555556 0.01875 0.03194444444444444
6 0.647265625 0.5173611111111112 0.01328125 0.04027777777777778
6 0.65546875 0.5638888888888889 0.015625 0.03888888888888889
6 0.61328125 0.3298611111111111 0.0109375 0.03194444444444444
6 0.639453125 0.16805555555555557 0.01015625 0.027777777777777776
6 0.627734375 0.075 0.01796875 0.027777777777777776
6 0.185546875 0.3215277777777778 0.01328125 0.02361111111111111
6 0.41015625 0.6138888888888889 0.0125 0.03333333333333333
6 0.817578125 0.5083333333333333 0.01484375 0.041666666666666664
6 0.76171875 0.4083333333333333 0.015625 0.03888888888888889
6 0.744921875 0.04652777777777778 0.00859375 0.02638888888888889
6 0.053515625 0.2673611111111111 0.01796875 0.04583333333333333
6 0.68046875 0.014583333333333334 0.009375 0.02638888888888889
