6 0.869140625 0.7041666666666667 0.04921875 0.15
6 0.361328125 0.5541666666666667 0.06484375 0.10277777777777777
6 0.04765625 0.8118055555555556 0.0890625 0.1597222222222222
6 0.19140625 0.6180555555555556 0.0828125 0.13333333333333333
6 0.303125 0.5270833333333333 0.059375 0.10694444444444444
6 0.603125 0.2923611111111111 0.0296875 0.05138888888888889
6 0.80546875 0.15138888888888888 0.01875 0.041666666666666664
6 0.893359375 0.17222222222222222 0.01796875 0.05277777777777778
6 0.21875 0.5430555555555555 0.0421875 0.09444444444444444
6 0.786328125 0.1388888888888889 0.01484375 0.03611111111111111
6 0.777734375 0.11944444444444445 0.01171875 0.030555555555555555
6 0.803515625 0.06388888888888888 0.01171875 0.027777777777777776
6 0.84375 0.03819444444444445 0.009375 0.020833333333333332
6 0.94453125 0.06458333333333334 0.0125 0.034722222222222224
