6 0.644921875 0.22476340694006308 0.01953125 0.06782334384858044
6 0.70078125 0.2665615141955836 0.0203125 0.07570977917981073
6 0.7546875 0.3667192429022082 0.028125 0.08675078864353312
6 0.43203125 0.16167192429022081 0.015625 0.03943217665615142
6 0.66875 0.1332807570977918 0.0140625 0.03943217665615142
6 0.43671875 0.23895899053627762 0.015625 0.052050473186119876
6 0.65625 0.04337539432176656 0.009375 0.033123028391167195
6 0.54375 0.0528391167192429 0.0078125 0.02365930599369085
6 0.512109375 0.044952681388012616 0.00859375 0.02365930599369085
6 0.5546875 0.007097791798107256 0.0078125 0.014195583596214511
6 0.643359375 0.03785488958990536 0.01015625 0.03470031545741325
