6 0.3425 0.3754716981132076 0.037 0.07169811320754717
6 0.7285 0.6858490566037736 0.051 0.1490566037735849
6 0.4065 0.20471698113207548 0.027 0.06981132075471698
6 0.174 0.560377358490566 0.054 0.10566037735849057
6 0.343 0.18867924528301888 0.024 0.052830188679245285
6 0.472 0.09622641509433963 0.02 0.04150943396226415
6 0.4435 0.08018867924528301 0.021 0.024528301886792454
6 0.807 0.08962264150943396 0.024 0.04716981132075472
6 0.7905 0.14245283018867924 0.031 0.05849056603773585
6 0.835 0.2009433962264151 0.032 0.07358490566037736
6 0.95 0.30849056603773584 0.04 0.08490566037735849
