6 0.133203125 0.9152777777777777 0.02421875 0.03611111111111111
6 0.246484375 0.9666666666666667 0.03359375 0.041666666666666664
6 0.822265625 0.7125 0.01328125 0.044444444444444446
6 0.598046875 0.6888888888888889 0.00859375 0.044444444444444446
6 0.673046875 0.8534722222222222 0.01171875 0.03194444444444444
6 0.72890625 0.85625 0.0125 0.03194444444444444
6 0.7078125 0.8493055555555555 0.0140625 0.0375
6 0.71796875 0.8222222222222222 0.009375 0.03333333333333333
6 0.721484375 0.7833333333333333 0.01171875 0.027777777777777776
6 0.784765625 0.8104166666666667 0.01640625 0.04861111111111111
6 0.68984375 0.84375 0.0125 0.029166666666666667
6 0.675390625 0.8097222222222222 0.01484375 0.025
6 0.67265625 0.775 0.009375 0.025
6 0.63671875 0.7555555555555555 0.009375 0.03333333333333333
6 0.676171875 0.7277777777777777 0.01015625 0.03333333333333333
6 0.6734375 0.6875 0.0125 0.025
6 0.676953125 0.6631944444444444 0.01015625 0.02638888888888889
6 0.66875 0.6375 0.0109375 0.03611111111111111
6 0.669140625 0.6020833333333333 0.00859375 0.029166666666666667
6 0.669921875 0.5701388888888889 0.01015625 0.02361111111111111
6 0.565234375 0.18055555555555555 0.00859375 0.022222222222222223
6 0.620703125 0.3548611111111111 0.00703125 0.02638888888888889
6 0.8484375 0.6743055555555556 0.015625 0.05138888888888889
6 0.672265625 0.16597222222222222 0.00859375 0.018055555555555554
6 0.741015625 0.31319444444444444 0.00546875 0.02361111111111111
6 0.425390625 0.2569444444444444 0.00859375 0.016666666666666666
6 0.488671875 0.13333333333333333 0.00859375 0.016666666666666666
6 0.476953125 0.027083333333333334 0.00546875 0.015277777777777777
6 0.489453125 0.025694444444444443 0.00546875 0.0125
6 0.055859375 0.9840277777777777 0.01953125 0.03194444444444444
6 0.933984375 0.9194444444444444 0.01484375 0.044444444444444446
6 0.72890625 0.5 0.009375 0.030555555555555555
6 0.5734375 0.07152777777777777 0.0046875 0.0125
