6 0.220703125 0.3486111111111111 0.00859375 0.019444444444444445
6 0.23984375 0.3486111111111111 0.0078125 0.016666666666666666
6 0.228125 0.2986111111111111 0.0078125 0.016666666666666666
6 0.18828125 0.2 0.0078125 0.016666666666666666
6 0.30859375 0.2875 0.009375 0.019444444444444445
6 0.315625 0.2152777777777778 0.009375 0.016666666666666666
6 0.3421875 0.41875 0.0109375 0.020833333333333332
6 0.428125 0.10208333333333333 0.00625 0.015277777777777777
6 0.435546875 0.10069444444444445 0.00546875 0.015277777777777777
6 0.44375 0.08888888888888889 0.00625 0.016666666666666666
6 0.434375 0.13194444444444445 0.00625 0.016666666666666666
6 0.403125 0.19722222222222222 0.00625 0.016666666666666666
6 0.391015625 0.19583333333333333 0.00546875 0.016666666666666666
6 0.4296875 0.18194444444444444 0.00625 0.016666666666666666
6 0.4390625 0.18958333333333333 0.00625 0.015277777777777777
6 0.422265625 0.32083333333333336 0.00859375 0.019444444444444445
6 0.416796875 0.37569444444444444 0.00859375 0.018055555555555554
6 0.335546875 0.7041666666666667 0.01328125 0.030555555555555555
6 0.55234375 0.39444444444444443 0.0109375 0.025
6 0.70859375 0.6486111111111111 0.009375 0.022222222222222223
6 0.700390625 0.39305555555555555 0.01171875 0.016666666666666666
6 0.675 0.3263888888888889 0.0109375 0.016666666666666666
6 0.6390625 0.4236111111111111 0.009375 0.027777777777777776
6 0.503125 0.07013888888888889 0.00625 0.015277777777777777
6 0.46953125 0.030555555555555555 0.0046875 0.013888888888888888
6 0.680859375 0.18333333333333332 0.01015625 0.016666666666666666
6 0.6578125 0.22569444444444445 0.0078125 0.018055555555555554
6 0.619140625 0.2875 0.00859375 0.022222222222222223
6 0.5 0.01875 0.00625 0.0125
6 0.51796875 0.11805555555555555 0.00625 0.013888888888888888
6 0.4203125 0.04722222222222222 0.00625 0.011111111111111112
6 0.416796875 0.013888888888888888 0.00546875 0.019444444444444445
6 0.123046875 0.70625 0.01015625 0.03194444444444444
6 0.175390625 0.07569444444444444 0.00546875 0.0125
6 0.9140625 0.12916666666666668 0.0140625 0.016666666666666666
