6 0.551171875 0.6395833333333333 0.01796875 0.043055555555555555
6 0.599609375 0.6229166666666667 0.01640625 0.043055555555555555
6 0.512109375 0.4527777777777778 0.01015625 0.019444444444444445
6 0.7546875 0.5027777777777778 0.0140625 0.03888888888888889
6 0.746484375 0.46875 0.01015625 0.034722222222222224
6 0.832421875 0.47152777777777777 0.01484375 0.04027777777777778
6 0.837890625 0.4131944444444444 0.01640625 0.0375
6 0.837109375 0.3701388888888889 0.01171875 0.04027777777777778
6 0.59921875 0.33402777777777776 0.015625 0.0375
6 0.5046875 0.12152777777777778 0.0078125 0.034722222222222224
6 0.464453125 0.22708333333333333 0.01171875 0.02638888888888889
6 0.476953125 0.25972222222222224 0.01171875 0.03333333333333333
6 0.421484375 0.22916666666666666 0.01015625 0.03333333333333333
6 0.429296875 0.20833333333333334 0.01328125 0.03611111111111111
6 0.38125 0.2388888888888889 0.0125 0.03611111111111111
6 0.159375 0.575 0.0171875 0.03611111111111111
6 0.151953125 0.5104166666666666 0.01328125 0.034722222222222224
6 0.182421875 0.49722222222222223 0.01171875 0.03333333333333333
6 0.1921875 0.4048611111111111 0.015625 0.034722222222222224
6 0.216015625 0.35208333333333336 0.01171875 0.034722222222222224
6 0.232421875 0.16180555555555556 0.01171875 0.02638888888888889
6 0.19453125 0.11805555555555555 0.009375 0.022222222222222223
6 0.139453125 0.18055555555555555 0.01171875 0.022222222222222223
6 0.07109375 0.21180555555555555 0.015625 0.04027777777777778
6 0.029296875 0.39791666666666664 0.01484375 0.03194444444444444
6 0.1296875 0.8673611111111111 0.015625 0.02638888888888889
6 0.47421875 0.018055555555555554 0.0109375 0.030555555555555555
6 0.5234375 0.04236111111111111 0.0109375 0.03194444444444444
6 0.525390625 0.015277777777777777 0.01015625 0.022222222222222223
6 0.63125 0.23333333333333334 0.0109375 0.03611111111111111
6 0.504296875 0.48680555555555555 0.01015625 0.0375
6 0.569921875 0.39861111111111114 0.01484375 0.03888888888888889
