6 0.3645 0.32169811320754715 0.031 0.062264150943396226
6 0.8665 0.27358490566037735 0.035 0.08679245283018867
6 0.3595 0.20754716981132076 0.025 0.05660377358490566
6 0.581 0.05377358490566038 0.022 0.035849056603773584
6 0.5185 0.04433962264150943 0.017 0.03207547169811321
6 0.79 0.027358490566037737 0.018 0.04339622641509434
6 0.8085 0.1330188679245283 0.025 0.05849056603773585
6 0.7635 0.23018867924528302 0.035 0.0830188679245283
6 0.959 0.39811320754716983 0.048 0.10943396226415095
6 0.468 0.048113207547169815 0.024 0.03207547169811321
