6 0.362109375 0.2972222222222222 0.00703125 0.013888888888888888
6 0.369921875 0.3020833333333333 0.00859375 0.018055555555555554
6 0.671484375 0.9388888888888889 0.01328125 0.03333333333333333
6 0.6390625 0.9020833333333333 0.0125 0.03194444444444444
6 0.62890625 0.9381944444444444 0.0125 0.03194444444444444
6 0.61171875 0.9291666666666667 0.0140625 0.03888888888888889
6 0.597265625 0.9361111111111111 0.01484375 0.030555555555555555
6 0.702734375 0.8861111111111111 0.01484375 0.03611111111111111
6 0.68046875 0.7479166666666667 0.0125 0.02638888888888889
6 0.64765625 0.7673611111111112 0.0125 0.02638888888888889
6 0.665625 0.6256944444444444 0.0125 0.02638888888888889
6 0.603125 0.35833333333333334 0.009375 0.019444444444444445
6 0.596484375 0.8465277777777778 0.01171875 0.03194444444444444
6 0.558984375 0.8430555555555556 0.01171875 0.030555555555555555
6 0.553125 0.5708333333333333 0.009375 0.025
6 0.497265625 0.5930555555555556 0.00859375 0.022222222222222223
6 0.51328125 0.2604166666666667 0.0046875 0.018055555555555554
6 0.500390625 0.22013888888888888 0.00546875 0.015277777777777777
6 0.51015625 0.24930555555555556 0.0046875 0.0125
6 0.509375 0.27708333333333335 0.0046875 0.015277777777777777
6 0.519921875 0.29444444444444445 0.00546875 0.019444444444444445
6 0.515234375 0.2875 0.00546875 0.016666666666666666
6 0.511328125 0.30625 0.00546875 0.015277777777777777
6 0.48203125 0.09166666666666666 0.0046875 0.013888888888888888
6 0.475390625 0.019444444444444445 0.00546875 0.013888888888888888
