6 0.8845 0.30754716981132074 0.033 0.07924528301886792
6 0.1825 0.5415094339622641 0.057 0.11320754716981132
6 0.405 0.06886792452830189 0.02 0.04716981132075472
6 0.4615 0.022641509433962263 0.021 0.03773584905660377
6 0.7375 0.09622641509433963 0.023 0.05660377358490566
6 0.781 0.21037735849056605 0.036 0.062264150943396226
6 0.7955 0.17075471698113207 0.023 0.0509433962264151
6 0.845 0.20943396226415095 0.036 0.06415094339622641
6 0.9665 0.5735849056603773 0.061 0.13962264150943396
6 0.9545 0.4509433962264151 0.059 0.11320754716981132
