6 0.305078125 0.6951388888888889 0.03515625 0.0875
6 0.49375 0.5055555555555555 0.0265625 0.05555555555555555
6 0.27890625 0.49722222222222223 0.028125 0.07222222222222222
6 0.3359375 0.45555555555555555 0.0234375 0.06666666666666667
6 0.331640625 0.36666666666666664 0.02265625 0.05555555555555555
6 0.403125 0.3076388888888889 0.0234375 0.05694444444444444
6 0.36328125 0.2722222222222222 0.021875 0.05
6 0.416015625 0.18958333333333333 0.01796875 0.0375
6 0.4 0.10486111111111111 0.0125 0.02361111111111111
6 0.48359375 0.03819444444444445 0.015625 0.020833333333333332
