6 0.758203125 0.9256944444444445 0.02109375 0.04027777777777778
6 0.905078125 0.9729166666666667 0.01484375 0.04027777777777778
6 0.64140625 0.6972222222222222 0.01875 0.03333333333333333
6 0.678125 0.6125 0.01875 0.030555555555555555
6 0.753125 0.5770833333333333 0.015625 0.029166666666666667
6 0.41484375 0.24583333333333332 0.0125 0.03333333333333333
6 0.669140625 0.20347222222222222 0.01484375 0.02638888888888889
6 0.73515625 0.6055555555555555 0.0125 0.019444444444444445
6 0.73984375 0.7222222222222222 0.01875 0.03333333333333333
6 0.436328125 0.23541666666666666 0.01171875 0.0125
6 0.420703125 0.09930555555555555 0.01171875 0.020833333333333332
6 0.4109375 0.19375 0.015625 0.02361111111111111
