6 0.766796875 0.6326388888888889 0.00859375 0.04027777777777778
6 0.74453125 0.8048611111111111 0.021875 0.04027777777777778
6 0.722265625 0.5090277777777777 0.01796875 0.0375
6 0.731640625 0.4166666666666667 0.00859375 0.027777777777777776
6 0.725390625 0.3909722222222222 0.01328125 0.020833333333333332
6 0.750390625 0.4215277777777778 0.01328125 0.043055555555555555
6 0.683203125 0.3875 0.01015625 0.03333333333333333
6 0.64765625 0.2076388888888889 0.0109375 0.03194444444444444
6 0.450390625 0.3486111111111111 0.01171875 0.03333333333333333
6 0.425390625 0.2638888888888889 0.01015625 0.027777777777777776
6 0.63359375 0.14722222222222223 0.009375 0.025
6 0.71640625 0.17569444444444443 0.00625 0.02638888888888889
6 0.718359375 0.1451388888888889 0.00703125 0.02638888888888889
6 0.7296875 0.13472222222222222 0.009375 0.027777777777777776
6 0.16484375 0.6236111111111111 0.0171875 0.03888888888888889
6 0.200390625 0.5944444444444444 0.01796875 0.03888888888888889
6 0.155078125 0.5006944444444444 0.01640625 0.034722222222222224
6 0.05 0.49166666666666664 0.021875 0.044444444444444446
6 0.16796875 0.2951388888888889 0.0109375 0.02638888888888889
6 0.07265625 0.3597222222222222 0.015625 0.027777777777777776
6 0.477734375 0.7340277777777777 0.01328125 0.043055555555555555
6 0.71015625 0.37222222222222223 0.0140625 0.025
6 0.3359375 0.6548611111111111 0.0140625 0.029166666666666667
6 0.693359375 0.09583333333333334 0.00703125 0.019444444444444445
6 0.698828125 0.08611111111111111 0.00546875 0.022222222222222223
6 0.735546875 0.3020833333333333 0.00703125 0.029166666666666667
6 0.045703125 0.3333333333333333 0.01796875 0.03611111111111111
6 0.576171875 0.8069444444444445 0.01484375 0.03888888888888889
6 0.712890625 0.029166666666666667 0.01015625 0.027777777777777776
6 0.6578125 0.011805555555555555 0.009375 0.020833333333333332
6 0.512890625 0.025694444444444443 0.01015625 0.02361111111111111
6 0.5234375 0.013888888888888888 0.0109375 0.025
6 0.4984375 0.01597222222222222 0.0109375 0.02361111111111111
6 0.771484375 0.0763888888888889 0.00859375 0.025
