6 0.909765625 0.7763888888888889 0.03046875 0.058333333333333334
6 0.562890625 0.25555555555555554 0.01640625 0.044444444444444446
6 0.63828125 0.4861111111111111 0.021875 0.03888888888888889
6 0.964453125 0.7847222222222222 0.02421875 0.05277777777777778
6 0.51796875 0.21875 0.0109375 0.029166666666666667
6 0.268359375 0.15902777777777777 0.01953125 0.029166666666666667
6 0.2671875 0.2833333333333333 0.021875 0.044444444444444446
6 0.344140625 0.6527777777777778 0.02734375 0.03611111111111111
6 0.375 0.5972222222222222 0.0203125 0.044444444444444446
6 0.3328125 0.5576388888888889 0.0171875 0.029166666666666667
6 0.3375 0.4708333333333333 0.0140625 0.03888888888888889
6 0.8734375 0.6305555555555555 0.0234375 0.04722222222222222
6 0.586328125 0.4152777777777778 0.02265625 0.03333333333333333
6 0.60625 0.09930555555555555 0.0171875 0.0375
