6 0.36953125 0.17708333333333334 0.00625 0.02361111111111111
6 0.465625 0.9076388888888889 0.0234375 0.029166666666666667
6 0.490625 0.9055555555555556 0.021875 0.027777777777777776
6 0.59453125 0.9041666666666667 0.0125 0.03888888888888889
6 0.608984375 0.9479166666666666 0.01484375 0.04583333333333333
6 0.616796875 0.8861111111111111 0.01171875 0.03888888888888889
6 0.595703125 0.7048611111111112 0.01171875 0.034722222222222224
6 0.632421875 0.675 0.01171875 0.030555555555555555
6 0.621875 0.6118055555555556 0.009375 0.029166666666666667
6 0.57421875 0.5388888888888889 0.009375 0.027777777777777776
6 0.474609375 0.06666666666666667 0.00703125 0.022222222222222223
6 0.50234375 0.15347222222222223 0.00625 0.018055555555555554
6 0.578125 0.39791666666666664 0.009375 0.029166666666666667
6 0.604296875 0.375 0.01015625 0.025
6 0.68046875 0.6819444444444445 0.0109375 0.030555555555555555
6 0.7046875 0.6 0.009375 0.022222222222222223
6 0.7015625 0.5652777777777778 0.009375 0.027777777777777776
6 0.18515625 0.6555555555555556 0.0171875 0.027777777777777776
6 0.090625 0.79375 0.0234375 0.04027777777777778
6 0.548046875 0.7722222222222223 0.01015625 0.03611111111111111
6 0.484765625 0.5111111111111111 0.01015625 0.027777777777777776
6 0.3953125 0.03333333333333333 0.00625 0.013888888888888888
6 0.38984375 0.05277777777777778 0.00625 0.013888888888888888
6 0.413671875 0.8847222222222222 0.03046875 0.027777777777777776
6 0.5265625 0.1986111111111111 0.009375 0.022222222222222223
6 0.479296875 0.06319444444444444 0.00703125 0.018055555555555554
6 0.576953125 0.25625 0.00859375 0.02361111111111111
