6 0.66796875 0.22916666666666666 0.0171875 0.06111111111111111
6 0.448046875 0.17847222222222223 0.01484375 0.04583333333333333
6 0.737890625 0.30833333333333335 0.02578125 0.06666666666666667
6 0.396484375 0.15486111111111112 0.01640625 0.03194444444444444
6 0.625390625 0.1798611111111111 0.01484375 0.05416666666666667
6 0.495703125 0.075 0.01015625 0.03333333333333333
6 0.577734375 0.17847222222222223 0.01953125 0.04861111111111111
6 0.709375 0.22430555555555556 0.0203125 0.05694444444444444
6 0.445703125 0.06458333333333334 0.01171875 0.020833333333333332
6 0.389453125 0.09791666666666667 0.01328125 0.02638888888888889
6 0.405859375 0.06875 0.01328125 0.02638888888888889
