6 0.6984375 0.6055555555555555 0.015625 0.03888888888888889
6 0.38984375 0.8847222222222222 0.015625 0.04722222222222222
6 0.63203125 0.14583333333333334 0.0125 0.025
6 0.65703125 0.1284722222222222 0.0109375 0.029166666666666667
6 0.66015625 0.09375 0.0078125 0.02361111111111111
6 0.553125 0.3104166666666667 0.0109375 0.03194444444444444
6 0.544140625 0.2013888888888889 0.01015625 0.027777777777777776
6 0.734375 0.5465277777777777 0.015625 0.04027777777777778
6 0.67421875 0.81875 0.015625 0.04583333333333333
6 0.7421875 0.8743055555555556 0.0140625 0.04861111111111111
6 0.813671875 0.8736111111111111 0.01796875 0.03888888888888889
6 0.4453125 0.05694444444444444 0.0140625 0.025
6 0.491796875 0.34305555555555556 0.01796875 0.044444444444444446
6 0.35625 0.11180555555555556 0.0078125 0.018055555555555554
6 0.366796875 0.13333333333333333 0.01015625 0.025
6 0.353515625 0.15902777777777777 0.01171875 0.02638888888888889
6 0.38046875 0.029166666666666667 0.0078125 0.016666666666666666
6 0.3578125 0.22083333333333333 0.0125 0.027777777777777776
6 0.415625 0.3229166666666667 0.009375 0.02361111111111111
6 0.37890625 0.36041666666666666 0.009375 0.02361111111111111
6 0.38984375 0.69375 0.0125 0.029166666666666667
6 0.353515625 0.7340277777777777 0.01328125 0.03194444444444444
6 0.326953125 0.7138888888888889 0.01328125 0.03333333333333333
6 0.328515625 0.6541666666666667 0.01171875 0.030555555555555555
6 0.346484375 0.6888888888888889 0.01171875 0.03611111111111111
6 0.15390625 0.175 0.009375 0.022222222222222223
6 0.3921875 0.09305555555555556 0.009375 0.019444444444444445
6 0.364453125 0.059722222222222225 0.00859375 0.019444444444444445
6 0.374609375 0.05694444444444444 0.00859375 0.013888888888888888
6 0.595703125 0.13333333333333333 0.01015625 0.025
6 0.708203125 0.32083333333333336 0.01171875 0.03333333333333333
6 0.723046875 0.10416666666666667 0.00859375 0.027777777777777776
6 0.930078125 0.29305555555555557 0.02578125 0.027777777777777776
6 0.976171875 0.29583333333333334 0.02421875 0.030555555555555555
