6 0.148046875 0.8652777777777778 0.03828125 0.10277777777777777
6 0.35703125 0.6888888888888889 0.040625 0.06944444444444445
6 0.43359375 0.8347222222222223 0.0375 0.06944444444444445
6 0.51015625 0.21388888888888888 0.015625 0.027777777777777776
6 0.48359375 0.4166666666666667 0.0234375 0.041666666666666664
6 0.494921875 0.08125 0.00859375 0.020833333333333332
6 0.455859375 0.10902777777777778 0.01171875 0.018055555555555554
6 0.4765625 0.1451388888888889 0.009375 0.02361111111111111
6 0.475 0.08680555555555555 0.009375 0.018055555555555554
6 0.48203125 0.1 0.0078125 0.025
