6 0.709765625 0.5486111111111112 0.01640625 0.03611111111111111
6 0.76796875 0.9645833333333333 0.01875 0.04583333333333333
6 0.701953125 0.4638888888888889 0.01328125 0.03611111111111111
6 0.696875 0.3840277777777778 0.0125 0.029166666666666667
6 0.7171875 0.3701388888888889 0.0140625 0.034722222222222224
6 0.7125 0.6993055555555555 0.0171875 0.04583333333333333
6 0.678515625 0.03611111111111111 0.00859375 0.022222222222222223
6 0.730859375 0.2590277777777778 0.01171875 0.03194444444444444
6 0.783984375 0.8854166666666666 0.01953125 0.0375
6 0.857421875 0.07361111111111111 0.01328125 0.03611111111111111
6 0.3859375 0.5145833333333333 0.0125 0.034722222222222224
6 0.675390625 0.008333333333333333 0.00703125 0.016666666666666666
6 0.9140625 0.5861111111111111 0.01875 0.05277777777777778
6 0.958203125 0.2902777777777778 0.01328125 0.03888888888888889
