6 0.581640625 0.1326388888888889 0.01484375 0.043055555555555555
6 0.376953125 0.18819444444444444 0.01484375 0.034722222222222224
6 0.403515625 0.3277777777777778 0.02734375 0.05555555555555555
6 0.443359375 0.17222222222222222 0.01328125 0.03333333333333333
6 0.481640625 0.17916666666666667 0.01484375 0.044444444444444446
6 0.562109375 0.10694444444444444 0.01015625 0.041666666666666664
6 0.52890625 0.5048611111111111 0.0296875 0.0875
6 0.54609375 0.08819444444444445 0.0109375 0.034722222222222224
6 0.603125 0.12083333333333333 0.0109375 0.041666666666666664
6 0.503125 0.07569444444444444 0.0125 0.03194444444444444
