6 0.46875 0.0763888888888889 0.015625 0.04722222222222222
6 0.541015625 0.2298611111111111 0.02265625 0.0625
6 0.97578125 0.7013888888888888 0.0484375 0.11666666666666667
6 0.741015625 0.41388888888888886 0.04609375 0.09166666666666666
6 0.758203125 0.5381944444444444 0.06328125 0.14027777777777778
6 0.32890625 0.29791666666666666 0.025 0.06805555555555555
6 0.672265625 0.2881944444444444 0.03203125 0.0763888888888889
6 0.299609375 0.03888888888888889 0.01171875 0.030555555555555555
6 0.376953125 0.6354166666666666 0.03671875 0.11527777777777778
6 0.29453125 0.4166666666666667 0.03125 0.06388888888888888
