6 0.387890625 0.9013888888888889 0.01484375 0.03611111111111111
6 0.5359375 0.6604166666666667 0.0140625 0.034722222222222224
6 0.560546875 0.7055555555555556 0.01640625 0.044444444444444446
6 0.36640625 0.5826388888888889 0.0125 0.029166666666666667
6 0.593359375 0.7416666666666667 0.01484375 0.041666666666666664
6 0.66015625 0.6854166666666667 0.0140625 0.029166666666666667
6 0.67890625 0.6875 0.0125 0.030555555555555555
6 0.620703125 0.60625 0.01328125 0.034722222222222224
6 0.648828125 0.6326388888888889 0.01328125 0.04027777777777778
6 0.65 0.5958333333333333 0.0125 0.027777777777777776
6 0.38125 0.6194444444444445 0.01875 0.03888888888888889
6 0.35390625 0.5041666666666667 0.0125 0.022222222222222223
6 0.505859375 0.40902777777777777 0.01171875 0.02361111111111111
6 0.47890625 0.3715277777777778 0.0109375 0.020833333333333332
6 0.474609375 0.3375 0.01015625 0.019444444444444445
6 0.3640625 0.38680555555555557 0.0078125 0.020833333333333332
6 0.3578125 0.3625 0.0078125 0.016666666666666666
6 0.344921875 0.38055555555555554 0.01015625 0.022222222222222223
6 0.48125 0.30416666666666664 0.0078125 0.025
6 0.449609375 0.26875 0.00703125 0.020833333333333332
6 0.342578125 0.32222222222222224 0.00859375 0.022222222222222223
6 0.494921875 0.25069444444444444 0.00703125 0.020833333333333332
6 0.497265625 0.6506944444444445 0.01484375 0.04027777777777778
6 0.66796875 0.7194444444444444 0.0140625 0.030555555555555555
6 0.3265625 0.20208333333333334 0.00625 0.018055555555555554
6 0.411328125 0.14166666666666666 0.00546875 0.016666666666666666
6 0.398046875 0.12916666666666668 0.00546875 0.016666666666666666
6 0.401171875 0.11388888888888889 0.00546875 0.016666666666666666
6 0.45546875 0.13055555555555556 0.00625 0.016666666666666666
6 0.401171875 0.08055555555555556 0.00546875 0.016666666666666666
6 0.3421875 0.08333333333333333 0.00625 0.016666666666666666
6 0.3109375 0.008333333333333333 0.00625 0.011111111111111112
6 0.40078125 0.020833333333333332 0.00625 0.013888888888888888
6 0.4953125 0.1909722222222222 0.0078125 0.02361111111111111
6 0.435546875 0.07291666666666667 0.00703125 0.018055555555555554
