6 0.883 0.439622641509434 0.036 0.11320754716981132
6 0.7865 0.21415094339622642 0.037 0.06981132075471698
6 0.8235 0.8905660377358491 0.097 0.21132075471698114
6 0.027 0.7273584905660377 0.054 0.19056603773584907
6 0.4885 0.08584905660377358 0.023 0.04339622641509434
6 0.5595 0.12169811320754717 0.023 0.05849056603773585
6 0.794 0.04716981132075472 0.026 0.052830188679245285
6 0.8045 0.12830188679245283 0.027 0.06037735849056604
6 0.7675 0.15 0.031 0.06981132075471698
6 0.8385 0.09716981132075472 0.027 0.062264150943396226
6 0.8505 0.16132075471698112 0.031 0.07358490566037736
