6 0.425390625 0.6875 0.01953125 0.03611111111111111
6 0.64921875 0.6527777777777778 0.021875 0.04722222222222222
6 0.391015625 0.47152777777777777 0.01796875 0.034722222222222224
6 0.418359375 0.6222222222222222 0.01640625 0.030555555555555555
6 0.66953125 0.5222222222222223 0.01875 0.05
6 0.553125 0.3236111111111111 0.0171875 0.041666666666666664
6 0.631640625 0.2791666666666667 0.01171875 0.03333333333333333
6 0.33984375 0.3472222222222222 0.0125 0.030555555555555555
6 0.3109375 0.08958333333333333 0.0125 0.02361111111111111
6 0.31015625 0.16875 0.009375 0.029166666666666667
6 0.31953125 0.21180555555555555 0.0125 0.034722222222222224
6 0.32890625 0.2423611111111111 0.0140625 0.029166666666666667
6 0.46640625 0.11041666666666666 0.0140625 0.029166666666666667
6 0.478515625 0.07152777777777777 0.01328125 0.029166666666666667
6 0.367578125 0.44166666666666665 0.01484375 0.030555555555555555
6 0.387890625 0.42986111111111114 0.01484375 0.03194444444444444
6 0.336328125 0.022916666666666665 0.01015625 0.020833333333333332
6 0.42734375 0.013194444444444444 0.009375 0.02638888888888889
6 0.471484375 0.019444444444444445 0.01015625 0.027777777777777776
