6 0.9125 0.580441640378549 0.05 0.138801261829653
6 0.566015625 0.12302839116719243 0.01796875 0.04416403785488959
6 0.720703125 0.14274447949526814 0.01953125 0.061514195583596214
6 0.69609375 0.804416403785489 0.046875 0.19242902208201892
6 0.835546875 0.5165615141955836 0.03984375 0.1309148264984227
6 0.753125 0.5686119873817035 0.0421875 0.1529968454258675
6 0.782421875 0.7657728706624606 0.04765625 0.1750788643533123
6 0.75234375 0.13170347003154576 0.01875 0.0583596214511041
6 0.5375 0.01892744479495268 0.0109375 0.028391167192429023
6 0.701171875 0.07570977917981073 0.01484375 0.050473186119873815
6 0.512890625 0.02444794952681388 0.01328125 0.026813880126182965
6 0.689453125 0.03706624605678233 0.01484375 0.04258675078864353
6 0.713671875 0.09700315457413249 0.01640625 0.04889589905362776
