6 0.633984375 0.8979166666666667 0.01015625 0.0375
6 0.650390625 0.8993055555555556 0.01328125 0.029166666666666667
6 0.660546875 0.8722222222222222 0.00859375 0.030555555555555555
6 0.6140625 0.8236111111111111 0.0078125 0.025
6 0.61640625 0.9104166666666667 0.0109375 0.0375
6 0.616796875 0.8625 0.01171875 0.019444444444444445
6 0.618359375 0.7791666666666667 0.01015625 0.027777777777777776
6 0.612109375 0.6694444444444444 0.01015625 0.025
6 0.6140625 0.7416666666666667 0.009375 0.022222222222222223
6 0.608203125 0.5902777777777778 0.00859375 0.019444444444444445
6 0.725390625 0.8534722222222222 0.01484375 0.029166666666666667
6 0.71015625 0.8236111111111111 0.0140625 0.027777777777777776
6 0.67578125 0.8402777777777778 0.0140625 0.027777777777777776
6 0.671484375 0.7791666666666667 0.01484375 0.027777777777777776
6 0.66640625 0.6902777777777778 0.0140625 0.027777777777777776
6 0.311328125 0.7333333333333333 0.01484375 0.03333333333333333
6 0.377734375 0.5430555555555555 0.01171875 0.022222222222222223
6 0.375 0.6298611111111111 0.0125 0.03194444444444444
6 0.35234375 0.42777777777777776 0.0109375 0.016666666666666666
6 0.427734375 0.20347222222222222 0.01015625 0.015277777777777777
6 0.4203125 0.14652777777777778 0.00625 0.0125
6 0.419921875 0.11180555555555556 0.00703125 0.0125
6 0.419921875 0.052083333333333336 0.00546875 0.0125
6 0.41953125 0.027083333333333334 0.00625 0.009722222222222222
6 0.578125 0.8097222222222222 0.0078125 0.03333333333333333
6 0.6171875 0.7152777777777778 0.009375 0.022222222222222223
6 0.6703125 0.4534722222222222 0.00625 0.02638888888888889
6 0.6796875 0.4638888888888889 0.009375 0.013888888888888888
6 0.66796875 0.43194444444444446 0.009375 0.013888888888888888
6 0.64296875 0.40625 0.0078125 0.018055555555555554
6 0.52421875 0.1736111111111111 0.0046875 0.013888888888888888
6 0.52890625 0.18819444444444444 0.003125 0.0125
6 0.04375 0.9763888888888889 0.025 0.03611111111111111
6 0.135546875 0.8673611111111111 0.02109375 0.043055555555555555
6 0.394921875 0.14722222222222223 0.00859375 0.019444444444444445
6 0.51875 0.016666666666666666 0.0046875 0.022222222222222223
6 0.55703125 0.40625 0.0109375 0.02638888888888889
6 0.518359375 0.5604166666666667 0.01171875 0.03194444444444444
