6 0.650390625 0.8993055555555556 0.01328125 0.029166666666666667
6 0.660546875 0.8722222222222222 0.00859375 0.030555555555555555
6 0.633984375 0.8979166666666667 0.01015625 0.0375
6 0.61640625 0.9104166666666667 0.0109375 0.0375
6 0.616796875 0.8444444444444444 0.01015625 0.027777777777777776
6 0.618359375 0.7791666666666667 0.01015625 0.027777777777777776
6 0.61171875 0.7409722222222223 0.009375 0.02361111111111111
6 0.60703125 0.6888888888888889 0.009375 0.025
6 0.60546875 0.6055555555555555 0.0078125 0.030555555555555555
6 0.60703125 0.5548611111111111 0.0109375 0.02361111111111111
6 0.725390625 0.8534722222222222 0.01484375 0.029166666666666667
6 0.71015625 0.8236111111111111 0.0140625 0.027777777777777776
6 0.6921875 0.9465277777777777 0.0140625 0.03194444444444444
6 0.50234375 0.08680555555555555 0.00625 0.015277777777777777
6 0.50234375 0.06388888888888888 0.0046875 0.013888888888888888
6 0.50078125 0.04791666666666667 0.00625 0.015277777777777777
6 0.36171875 0.5923611111111111 0.0109375 0.020833333333333332
6 0.3625 0.45 0.009375 0.019444444444444445
6 0.383984375 0.4131944444444444 0.01015625 0.020833333333333332
6 0.346875 0.35208333333333336 0.009375 0.018055555555555554
6 0.399609375 0.26319444444444445 0.01015625 0.020833333333333332
6 0.4140625 0.21319444444444444 0.0078125 0.018055555555555554
6 0.401953125 0.21875 0.00703125 0.018055555555555554
6 0.39296875 0.08819444444444445 0.00625 0.015277777777777777
6 0.662109375 0.6569444444444444 0.01640625 0.027777777777777776
6 0.5171875 0.5604166666666667 0.0078125 0.02638888888888889
6 0.60859375 0.5138888888888888 0.0078125 0.030555555555555555
6 0.55390625 0.40555555555555556 0.0078125 0.019444444444444445
6 0.23359375 0.9513888888888888 0.0171875 0.019444444444444445
6 0.054296875 0.9166666666666666 0.01796875 0.041666666666666664
6 0.61484375 0.8236111111111111 0.0109375 0.030555555555555555
6 0.578125 0.8131944444444444 0.0078125 0.034722222222222224
6 0.52421875 0.18680555555555556 0.0078125 0.020833333333333332
6 0.523828125 0.12152777777777778 0.01015625 0.018055555555555554
6 0.66796875 0.45416666666666666 0.0109375 0.022222222222222223
