6 0.911328125 0.5263888888888889 0.05234375 0.08611111111111111
6 0.396484375 0.1701388888888889 0.01640625 0.0375
6 0.47265625 0.5361111111111111 0.0296875 0.08333333333333333
6 0.402734375 0.07847222222222222 0.01328125 0.02638888888888889
6 0.782421875 0.3486111111111111 0.04453125 0.08333333333333333
6 0.83359375 0.4666666666666667 0.05 0.10833333333333334
6 0.590234375 0.4326388888888889 0.03046875 0.0875
6 0.589453125 0.7805555555555556 0.04609375 0.1
6 0.383984375 0.34305555555555556 0.02265625 0.058333333333333334
6 0.707421875 0.9423611111111111 0.07890625 0.10694444444444444
6 0.417578125 0.22083333333333333 0.01953125 0.04722222222222222
6 0.5296875 0.05486111111111111 0.009375 0.03194444444444444
6 0.412109375 0.11458333333333333 0.01484375 0.029166666666666667
6 0.413671875 0.04652777777777778 0.01015625 0.02638888888888889
