6 0.9265625 0.8131944444444444 0.0421875 0.09027777777777778
6 0.2109375 0.8847222222222222 0.0375 0.10277777777777777
6 0.4875 0.4986111111111111 0.0265625 0.058333333333333334
6 0.326171875 0.41875 0.03046875 0.05416666666666667
6 0.365234375 0.2361111111111111 0.01953125 0.03611111111111111
6 0.424609375 0.18680555555555556 0.01484375 0.03194444444444444
6 0.505859375 0.1486111111111111 0.01328125 0.03333333333333333
6 0.523046875 0.06180555555555556 0.00859375 0.020833333333333332
6 0.508203125 0.06458333333333334 0.01171875 0.02361111111111111
6 0.42109375 0.13333333333333333 0.0140625 0.027777777777777776
6 0.439453125 0.12083333333333333 0.01171875 0.030555555555555555
6 0.487890625 0.0798611111111111 0.01015625 0.02361111111111111
6 0.426171875 0.09861111111111111 0.01171875 0.022222222222222223
