6 0.454 0.2 0.028 0.07169811320754717
6 0.942 0.057547169811320756 0.026 0.07735849056603773
6 0.319 0.6188679245283019 0.062 0.10566037735849057
6 0.3285 0.42735849056603775 0.053 0.09245283018867924
6 0.1345 0.7632075471698113 0.081 0.13773584905660377
6 0.4255 0.12641509433962264 0.025 0.05660377358490566
6 0.733 0.1018867924528302 0.024 0.06415094339622641
6 0.765 0.07735849056603773 0.02 0.052830188679245285
6 0.7755 0.12547169811320755 0.029 0.06981132075471698
6 0.8285 0.10849056603773585 0.027 0.062264150943396226
6 0.8395 0.17169811320754716 0.033 0.06792452830188679
6 0.806 0.22075471698113208 0.036 0.08679245283018867
6 0.897 0.3132075471698113 0.05 0.10943396226415095
