6 0.409765625 0.6458333333333334 0.01328125 0.022222222222222223
6 0.32890625 0.5909722222222222 0.0109375 0.02361111111111111
6 0.33203125 0.9479166666666666 0.015625 0.034722222222222224
6 0.459765625 0.5194444444444445 0.00859375 0.025
6 0.57109375 0.5534722222222223 0.0109375 0.03194444444444444
6 0.537109375 0.65625 0.01171875 0.0375
6 0.621875 0.6076388888888888 0.0140625 0.0375
6 0.45234375 0.43125 0.009375 0.018055555555555554
6 0.474609375 0.41388888888888886 0.00859375 0.016666666666666666
6 0.466015625 0.3958333333333333 0.00703125 0.019444444444444445
6 0.4265625 0.35 0.00625 0.019444444444444445
6 0.403515625 0.38333333333333336 0.00859375 0.016666666666666666
6 0.359765625 0.4979166666666667 0.01015625 0.02361111111111111
6 0.638671875 0.28958333333333336 0.00703125 0.020833333333333332
6 0.47890625 0.28194444444444444 0.00625 0.016666666666666666
6 0.55859375 0.26458333333333334 0.0078125 0.018055555555555554
6 0.553515625 0.2861111111111111 0.00703125 0.019444444444444445
6 0.583984375 0.24513888888888888 0.00546875 0.018055555555555554
6 0.5875 0.2791666666666667 0.00625 0.019444444444444445
6 0.492578125 0.17777777777777778 0.00546875 0.011111111111111112
6 0.484765625 0.15902777777777777 0.00546875 0.0125
6 0.369140625 0.15 0.00703125 0.013888888888888888
6 0.35625 0.12569444444444444 0.00625 0.0125
6 0.3140625 0.2986111111111111 0.00625 0.013888888888888888
6 0.317578125 0.3104166666666667 0.00703125 0.0125
6 0.33984375 0.3333333333333333 0.0078125 0.016666666666666666
6 0.32578125 0.375 0.00625 0.016666666666666666
6 0.305859375 0.2916666666666667 0.00546875 0.013888888888888888
6 0.732421875 0.44375 0.00859375 0.020833333333333332
6 0.7046875 0.34930555555555554 0.00625 0.020833333333333332
6 0.55546875 0.125 0.00625 0.016666666666666666
6 0.44609375 0.1673611111111111 0.00625 0.015277777777777777
6 0.481640625 0.11736111111111111 0.00546875 0.015277777777777777
6 0.32265625 0.02013888888888889 0.00625 0.0125
6 0.29921875 0.28402777777777777 0.0046875 0.0125
6 0.189453125 0.8597222222222223 0.01328125 0.03888888888888889
6 0.465625 0.03125 0.00625 0.0125
6 0.671484375 0.16875 0.00546875 0.015277777777777777
6 0.619921875 0.19930555555555557 0.00546875 0.015277777777777777
6 0.634765625 0.24513888888888888 0.00703125 0.020833333333333332
