6 0.48046875 0.21875 0.015625 0.034722222222222224
6 0.4875 0.16597222222222222 0.0125 0.02361111111111111
6 0.53828125 0.14375 0.009375 0.02361111111111111
6 0.430078125 0.12708333333333333 0.01171875 0.02361111111111111
6 0.412109375 0.13402777777777777 0.01171875 0.029166666666666667
6 0.4296875 0.125 0.0125 0.030555555555555555
6 0.44453125 0.05347222222222222 0.0109375 0.020833333333333332
6 0.493359375 0.0375 0.00703125 0.016666666666666666
6 0.499609375 0.07569444444444444 0.01171875 0.020833333333333332
6 0.5125 0.06597222222222222 0.0078125 0.02361111111111111
