6 0.32421875 0.9402777777777778 0.03125 0.03611111111111111
6 0.123046875 0.9041666666666667 0.02734375 0.044444444444444446
6 0.692578125 0.9736111111111111 0.01328125 0.041666666666666664
6 0.532421875 0.9305555555555556 0.02578125 0.030555555555555555
6 0.567578125 0.9368055555555556 0.02265625 0.04027777777777778
6 0.661328125 0.5076388888888889 0.00859375 0.029166666666666667
6 0.705859375 0.5277777777777778 0.01015625 0.03333333333333333
6 0.69375 0.5770833333333333 0.009375 0.03194444444444444
6 0.678515625 0.5611111111111111 0.01015625 0.027777777777777776
6 0.7 0.6243055555555556 0.009375 0.020833333333333332
6 0.721484375 0.6333333333333333 0.01015625 0.030555555555555555
6 0.666015625 0.6694444444444444 0.00859375 0.030555555555555555
6 0.775390625 0.65 0.01171875 0.030555555555555555
6 0.78203125 0.6083333333333333 0.0125 0.03333333333333333
6 0.769140625 0.5791666666666667 0.01015625 0.030555555555555555
6 0.830859375 0.7409722222222223 0.01015625 0.029166666666666667
6 0.851171875 0.7194444444444444 0.01015625 0.030555555555555555
6 0.848046875 0.7506944444444444 0.01171875 0.029166666666666667
6 0.684765625 0.23680555555555555 0.00703125 0.018055555555555554
6 0.619140625 0.275 0.00859375 0.022222222222222223
6 0.65078125 0.3729166666666667 0.0078125 0.020833333333333332
6 0.65390625 0.48333333333333334 0.0078125 0.019444444444444445
6 0.642578125 0.45555555555555555 0.00859375 0.019444444444444445
6 0.6125 0.4756944444444444 0.009375 0.02638888888888889
6 0.631640625 0.4354166666666667 0.00859375 0.02361111111111111
6 0.65390625 0.42291666666666666 0.0078125 0.02361111111111111
6 0.684765625 0.4409722222222222 0.01328125 0.03194444444444444
6 0.6671875 0.40694444444444444 0.009375 0.025
6 0.60234375 0.2513888888888889 0.0078125 0.016666666666666666
6 0.6109375 0.2465277777777778 0.00625 0.020833333333333332
6 0.593359375 0.21736111111111112 0.00703125 0.018055555555555554
6 0.6015625 0.1326388888888889 0.0078125 0.0125
6 0.6109375 0.12430555555555556 0.00625 0.018055555555555554
6 0.590625 0.11180555555555556 0.00625 0.015277777777777777
6 0.6015625 0.06180555555555556 0.00625 0.009722222222222222
6 0.589453125 0.035416666666666666 0.00546875 0.015277777777777777
6 0.596875 0.03263888888888889 0.00625 0.0125
6 0.5890625 0.0125 0.0046875 0.016666666666666666
6 0.580859375 0.006944444444444444 0.00546875 0.013888888888888888
6 0.5953125 0.009027777777777777 0.0046875 0.0125
6 0.446484375 0.38819444444444445 0.01171875 0.02638888888888889
6 0.089453125 0.9131944444444444 0.02578125 0.04583333333333333
6 0.894921875 0.8909722222222223 0.01171875 0.03194444444444444
6 0.83515625 0.6555555555555556 0.009375 0.030555555555555555
6 0.758984375 0.3798611111111111 0.00859375 0.02638888888888889
6 0.65859375 0.08819444444444445 0.00625 0.018055555555555554
6 0.6453125 0.043055555555555555 0.00625 0.013888888888888888
