6 0.28515625 0.5805555555555556 0.0125 0.030555555555555555
6 0.316015625 0.6916666666666667 0.01328125 0.044444444444444446
6 0.32734375 0.7111111111111111 0.0125 0.03333333333333333
6 0.356640625 0.7486111111111111 0.01640625 0.03888888888888889
6 0.323828125 0.7583333333333333 0.01328125 0.030555555555555555
6 0.432421875 0.75 0.01640625 0.03888888888888889
6 0.48515625 0.46319444444444446 0.0109375 0.02638888888888889
6 0.551171875 0.4097222222222222 0.00859375 0.030555555555555555
6 0.5546875 0.44305555555555554 0.0125 0.027777777777777776
6 0.2078125 0.21319444444444444 0.0140625 0.02638888888888889
6 0.235546875 0.23333333333333334 0.00859375 0.019444444444444445
6 0.244921875 0.2513888888888889 0.01484375 0.025
6 0.187109375 0.26805555555555555 0.01328125 0.027777777777777776
6 0.114453125 0.5916666666666667 0.01484375 0.030555555555555555
6 0.647265625 0.3701388888888889 0.00859375 0.03194444444444444
6 0.57265625 0.10625 0.0109375 0.02638888888888889
6 0.613671875 0.17708333333333334 0.01171875 0.02361111111111111
6 0.66875 0.09305555555555556 0.00625 0.022222222222222223
6 0.717578125 0.10555555555555556 0.00859375 0.027777777777777776
6 0.748046875 0.09444444444444444 0.00859375 0.025
6 0.735546875 0.21805555555555556 0.01328125 0.030555555555555555
6 0.706640625 0.5888888888888889 0.01171875 0.041666666666666664
6 0.71484375 0.55625 0.0140625 0.04027777777777778
6 0.7390625 0.5590277777777778 0.0140625 0.043055555555555555
6 0.7421875 0.6840277777777778 0.0140625 0.04583333333333333
6 0.311328125 0.06944444444444445 0.01015625 0.022222222222222223
6 0.28828125 0.034722222222222224 0.0140625 0.019444444444444445
6 0.725 0.08333333333333333 0.00625 0.027777777777777776
6 0.739453125 0.075 0.00859375 0.019444444444444445
6 0.74609375 0.7604166666666666 0.0140625 0.05138888888888889
6 0.6765625 0.775 0.0140625 0.044444444444444446
6 0.512109375 0.075 0.01171875 0.025
6 0.655859375 0.09166666666666666 0.00703125 0.022222222222222223
6 0.02265625 0.5569444444444445 0.0140625 0.03611111111111111
6 0.059375 0.33541666666666664 0.015625 0.03194444444444444
6 0.029296875 0.30416666666666664 0.01796875 0.03611111111111111
6 0.308203125 0.04861111111111111 0.00703125 0.019444444444444445
6 0.372265625 0.7791666666666667 0.01640625 0.03333333333333333
