6 0.687109375 0.8451388888888889 0.01171875 0.034722222222222224
6 0.703515625 0.8513888888888889 0.01484375 0.03333333333333333
6 0.72265625 0.8618055555555556 0.0140625 0.034722222222222224
6 0.712890625 0.8222222222222222 0.01171875 0.03611111111111111
6 0.671875 0.7298611111111111 0.0109375 0.034722222222222224
6 0.669921875 0.8118055555555556 0.01171875 0.02361111111111111
6 0.666015625 0.8569444444444444 0.01171875 0.03611111111111111
6 0.6640625 0.6416666666666667 0.0109375 0.025
6 0.669140625 0.6979166666666666 0.01328125 0.02638888888888889
6 0.6640625 0.6055555555555555 0.009375 0.016666666666666666
6 0.718359375 0.7875 0.01015625 0.025
6 0.41171875 0.5590277777777778 0.0140625 0.02361111111111111
6 0.11328125 0.8680555555555556 0.0234375 0.03888888888888889
6 0.18515625 0.9291666666666667 0.025 0.03611111111111111
6 0.1828125 0.9652777777777778 0.025 0.03611111111111111
6 0.632421875 0.7590277777777777 0.00859375 0.029166666666666667
6 0.668359375 0.7784722222222222 0.01171875 0.02361111111111111
6 0.673046875 0.6625 0.01328125 0.025
6 0.78046875 0.8222222222222222 0.015625 0.03333333333333333
6 0.8046875 0.6576388888888889 0.0109375 0.02638888888888889
6 0.458984375 0.3090277777777778 0.00859375 0.018055555555555554
6 0.458203125 0.25763888888888886 0.00859375 0.018055555555555554
6 0.437109375 0.24375 0.00703125 0.015277777777777777
6 0.450390625 0.2298611111111111 0.00703125 0.015277777777777777
6 0.251171875 0.14027777777777778 0.01640625 0.022222222222222223
6 0.46875 0.1701388888888889 0.0078125 0.018055555555555554
6 0.4671875 0.07430555555555556 0.009375 0.015277777777777777
6 0.49453125 0.04791666666666667 0.00625 0.015277777777777777
6 0.586328125 0.14097222222222222 0.00703125 0.018055555555555554
6 0.55859375 0.18263888888888888 0.0078125 0.018055555555555554
6 0.615234375 0.16527777777777777 0.00859375 0.019444444444444445
6 0.6140625 0.3576388888888889 0.009375 0.02638888888888889
6 0.658203125 0.14027777777777778 0.00859375 0.016666666666666666
6 0.66328125 0.16597222222222222 0.00625 0.018055555555555554
6 0.722265625 0.5027777777777778 0.00859375 0.030555555555555555
6 0.799609375 0.55 0.01015625 0.027777777777777776
