6 0.05 0.46319444444444446 0.0203125 0.04583333333333333
6 0.025 0.26180555555555557 0.0203125 0.04027777777777778
6 0.03359375 0.36666666666666664 0.021875 0.041666666666666664
6 0.277734375 0.4284722222222222 0.02109375 0.04027777777777778
6 0.358203125 0.40347222222222223 0.01640625 0.04027777777777778
6 0.420703125 0.3770833333333333 0.01796875 0.03194444444444444
6 0.430859375 0.3375 0.01640625 0.030555555555555555
6 0.50390625 0.5375 0.01875 0.03888888888888889
6 0.4671875 0.6513888888888889 0.021875 0.03888888888888889
6 0.948046875 0.6729166666666667 0.01953125 0.0375
6 0.575 0.5347222222222222 0.01875 0.030555555555555555
6 0.940625 0.5833333333333334 0.0265625 0.030555555555555555
6 0.880078125 0.41875 0.02109375 0.034722222222222224
6 0.51640625 0.3284722222222222 0.01875 0.0375
6 0.50625 0.06597222222222222 0.015625 0.03194444444444444
6 0.3671875 0.27708333333333335 0.015625 0.029166666666666667
6 0.177734375 0.07708333333333334 0.02265625 0.03194444444444444
6 0.480859375 0.16458333333333333 0.01953125 0.02638888888888889
6 0.388671875 0.11736111111111111 0.01640625 0.029166666666666667
6 0.69140625 0.22847222222222222 0.0203125 0.029166666666666667
6 0.0234375 0.07777777777777778 0.021875 0.03333333333333333
6 0.64296875 0.3625 0.0125 0.022222222222222223
