6 0.429296875 0.125 0.01328125 0.03611111111111111
6 0.466796875 0.37083333333333335 0.02265625 0.07222222222222222
6 0.419140625 0.4152777777777778 0.02734375 0.07222222222222222
6 0.6171875 0.1875 0.0171875 0.058333333333333334
6 0.47734375 0.13194444444444445 0.015625 0.03611111111111111
6 0.6453125 0.1625 0.021875 0.05277777777777778
6 0.46015625 0.1673611111111111 0.015625 0.0375
6 0.659765625 0.21041666666666667 0.02265625 0.05694444444444444
6 0.39609375 0.11388888888888889 0.0125 0.03611111111111111
6 0.412109375 0.06944444444444445 0.01015625 0.027777777777777776
6 0.60078125 0.15 0.0171875 0.041666666666666664
6 0.478515625 0.07152777777777777 0.01328125 0.02638888888888889
6 0.4 0.06180555555555556 0.0109375 0.020833333333333332
