6 0.709375 0.6166666666666667 0.0140625 0.041666666666666664
6 0.305859375 0.20902777777777778 0.01015625 0.02361111111111111
6 0.4265625 0.14444444444444443 0.0109375 0.03333333333333333
6 0.421875 0.04722222222222222 0.0109375 0.027777777777777776
6 0.355078125 0.7701388888888889 0.01484375 0.043055555555555555
6 0.276953125 0.9659722222222222 0.01796875 0.04583333333333333
6 0.465625 0.5319444444444444 0.015625 0.04722222222222222
6 0.483203125 0.45625 0.01484375 0.043055555555555555
6 0.755859375 0.7958333333333333 0.01484375 0.04722222222222222
6 0.657421875 0.4666666666666667 0.01328125 0.03611111111111111
6 0.677734375 0.48541666666666666 0.01484375 0.034722222222222224
6 0.55703125 0.1986111111111111 0.0125 0.030555555555555555
6 0.1078125 0.18125 0.0109375 0.029166666666666667
6 0.317578125 0.06180555555555556 0.00859375 0.018055555555555554
6 0.5390625 0.1361111111111111 0.0109375 0.030555555555555555
6 0.686328125 0.5430555555555555 0.01484375 0.041666666666666664
6 0.919921875 0.28958333333333336 0.01171875 0.03194444444444444
6 0.938671875 0.2916666666666667 0.02734375 0.030555555555555555
6 0.955078125 0.2861111111111111 0.01953125 0.03333333333333333
6 0.978515625 0.2881944444444444 0.02109375 0.03194444444444444
6 0.989453125 0.3034722222222222 0.00859375 0.0375
6 0.677734375 0.10138888888888889 0.01015625 0.027777777777777776
6 0.609765625 0.09583333333333334 0.01328125 0.027777777777777776
6 0.57265625 0.0375 0.0109375 0.025
6 0.60390625 0.011111111111111112 0.009375 0.022222222222222223
