6 0.738671875 0.6694444444444444 0.01796875 0.05
6 0.69921875 0.47430555555555554 0.0171875 0.04027777777777778
6 0.543359375 0.34305555555555556 0.01640625 0.03888888888888889
6 0.775 0.8090277777777778 0.0203125 0.043055555555555555
6 0.705859375 0.6590277777777778 0.01953125 0.043055555555555555
6 0.592578125 0.5875 0.01640625 0.044444444444444446
6 0.702734375 0.5875 0.01640625 0.041666666666666664
6 0.735546875 0.6006944444444444 0.01640625 0.04583333333333333
6 0.74609375 0.7527777777777778 0.0203125 0.06388888888888888
6 0.376171875 0.7131944444444445 0.01640625 0.04583333333333333
6 0.400390625 0.6722222222222223 0.01328125 0.03888888888888889
6 0.38359375 0.6465277777777778 0.0125 0.04027777777777778
6 0.361328125 0.6520833333333333 0.01328125 0.034722222222222224
6 0.396875 0.5888888888888889 0.0140625 0.04722222222222222
6 0.366796875 0.6027777777777777 0.01484375 0.03611111111111111
6 0.367578125 0.5291666666666667 0.01171875 0.03333333333333333
6 0.402734375 0.4548611111111111 0.01328125 0.0375
6 0.38828125 0.9104166666666667 0.0171875 0.04583333333333333
6 0.426953125 0.9090277777777778 0.01640625 0.04583333333333333
6 0.448046875 0.9652777777777778 0.01640625 0.04722222222222222
6 0.387109375 0.98125 0.01640625 0.03194444444444444
6 0.5 0.15694444444444444 0.0109375 0.030555555555555555
6 0.47734375 0.11666666666666667 0.0109375 0.030555555555555555
6 0.32734375 0.03680555555555556 0.009375 0.02638888888888889
6 0.338671875 0.22291666666666668 0.01015625 0.029166666666666667
6 0.30234375 0.2520833333333333 0.01875 0.034722222222222224
6 0.33984375 0.013194444444444444 0.0109375 0.02638888888888889
