6 0.596875 0.9020833333333333 0.015625 0.04861111111111111
6 0.386328125 0.7694444444444445 0.01171875 0.027777777777777776
6 0.398046875 0.7854166666666667 0.01328125 0.03194444444444444
6 0.42890625 0.7298611111111111 0.0140625 0.029166666666666667
6 0.408203125 0.7013888888888888 0.01015625 0.025
6 0.37890625 0.6527777777777778 0.0109375 0.025
6 0.435546875 0.6493055555555556 0.01015625 0.02638888888888889
6 0.3828125 0.5520833333333334 0.0109375 0.02361111111111111
6 0.382421875 0.51875 0.01015625 0.018055555555555554
6 0.3703125 0.49166666666666664 0.0109375 0.022222222222222223
6 0.51875 0.4340277777777778 0.0109375 0.03194444444444444
6 0.53046875 0.4263888888888889 0.009375 0.025
6 0.457421875 0.38333333333333336 0.00859375 0.025
6 0.54765625 0.3388888888888889 0.0078125 0.013888888888888888
6 0.533203125 0.32013888888888886 0.00859375 0.018055555555555554
6 0.427734375 0.30625 0.00859375 0.020833333333333332
6 0.441015625 0.28888888888888886 0.00703125 0.022222222222222223
6 0.448046875 0.2833333333333333 0.00546875 0.022222222222222223
6 0.341015625 0.3277777777777778 0.00546875 0.016666666666666666
6 0.3515625 0.32708333333333334 0.0078125 0.018055555555555554
6 0.347265625 0.36041666666666666 0.00703125 0.018055555555555554
6 0.36015625 0.31805555555555554 0.00625 0.019444444444444445
6 0.365234375 0.32430555555555557 0.00703125 0.018055555555555554
6 0.373828125 0.33194444444444443 0.00703125 0.019444444444444445
6 0.58125 0.6069444444444444 0.0140625 0.03888888888888889
6 0.6359375 0.6194444444444445 0.0140625 0.03611111111111111
6 0.66953125 0.5895833333333333 0.0125 0.034722222222222224
6 0.30703125 0.25416666666666665 0.00625 0.027777777777777776
6 0.299609375 0.24375 0.00546875 0.02361111111111111
6 0.29375 0.2388888888888889 0.00625 0.025
6 0.46015625 0.15763888888888888 0.0078125 0.02638888888888889
6 0.365234375 0.15138888888888888 0.00703125 0.022222222222222223
6 0.356640625 0.15486111111111112 0.00703125 0.015277777777777777
6 0.304296875 0.8868055555555555 0.02890625 0.034722222222222224
6 0.356640625 0.9083333333333333 0.01484375 0.022222222222222223
6 0.203515625 0.6888888888888889 0.01015625 0.025
6 0.21171875 0.6576388888888889 0.009375 0.02361111111111111
6 0.21015625 0.3263888888888889 0.0078125 0.019444444444444445
6 0.191015625 0.26805555555555555 0.00859375 0.022222222222222223
6 0.222265625 0.050694444444444445 0.00703125 0.009722222222222222
6 0.271484375 0.11597222222222223 0.00703125 0.015277777777777777
6 0.257421875 0.13055555555555556 0.00703125 0.013888888888888888
6 0.341796875 0.275 0.00859375 0.019444444444444445
6 0.309765625 0.11458333333333333 0.00859375 0.020833333333333332
6 0.45078125 0.2361111111111111 0.00625 0.019444444444444445
