6 0.6546875 0.6701388888888888 0.0203125 0.04861111111111111
6 0.601171875 0.6090277777777777 0.01640625 0.04027777777777778
6 0.3875 0.8347222222222223 0.01875 0.041666666666666664
6 0.382421875 0.5979166666666667 0.01328125 0.034722222222222224
6 0.39296875 0.7388888888888889 0.015625 0.041666666666666664
6 0.417578125 0.8534722222222222 0.01484375 0.04861111111111111
6 0.428515625 0.9076388888888889 0.01796875 0.05694444444444444
6 0.461328125 0.95625 0.01640625 0.05138888888888889
6 0.464453125 0.7965277777777777 0.01796875 0.04861111111111111
6 0.394921875 0.6826388888888889 0.01796875 0.043055555555555555
6 0.376953125 0.6583333333333333 0.01640625 0.041666666666666664
6 0.36796875 0.5048611111111111 0.0140625 0.0375
6 0.35625 0.37222222222222223 0.0125 0.03611111111111111
6 0.377734375 0.36875 0.01171875 0.034722222222222224
6 0.38828125 0.3138888888888889 0.0140625 0.027777777777777776
6 0.62890625 0.375 0.0109375 0.03888888888888889
6 0.624609375 0.33055555555555555 0.01328125 0.030555555555555555
6 0.528515625 0.18541666666666667 0.01328125 0.03194444444444444
6 0.503125 0.22013888888888888 0.0109375 0.029166666666666667
6 0.362890625 0.3368055555555556 0.01015625 0.029166666666666667
6 0.3453125 0.27361111111111114 0.0109375 0.03611111111111111
6 0.371484375 0.2763888888888889 0.01015625 0.027777777777777776
6 0.359375 0.2708333333333333 0.0109375 0.027777777777777776
6 0.347265625 0.23402777777777778 0.01328125 0.02638888888888889
6 0.3578125 0.21944444444444444 0.009375 0.027777777777777776
6 0.48359375 0.1486111111111111 0.0109375 0.027777777777777776
6 0.366796875 0.14097222222222222 0.01015625 0.020833333333333332
6 0.348046875 0.1798611111111111 0.01171875 0.020833333333333332
6 0.3375 0.12291666666666666 0.0109375 0.02638888888888889
6 0.37890625 0.09583333333333334 0.0109375 0.027777777777777776
6 0.6 0.17777777777777778 0.0125 0.022222222222222223
6 0.628515625 0.10625 0.00703125 0.02361111111111111
6 0.53828125 0.09722222222222222 0.0109375 0.027777777777777776
6 0.4640625 0.044444444444444446 0.0109375 0.027777777777777776
6 0.488671875 0.019444444444444445 0.01171875 0.027777777777777776
6 0.4265625 0.98125 0.015625 0.029166666666666667
6 0.968359375 0.9638888888888889 0.03203125 0.058333333333333334
6 0.303515625 0.23958333333333334 0.02109375 0.029166666666666667
