6 0.2515625 0.6166666666666667 0.0140625 0.025
6 0.228125 0.6472222222222223 0.0140625 0.025
6 0.61171875 0.9291666666666667 0.0140625 0.03888888888888889
6 0.597265625 0.9055555555555556 0.01484375 0.030555555555555555
6 0.6515625 0.975 0.0140625 0.03611111111111111
6 0.6390625 0.9020833333333333 0.0125 0.03194444444444444
6 0.667578125 0.9444444444444444 0.01328125 0.03333333333333333
6 0.702734375 0.8861111111111111 0.01484375 0.03611111111111111
6 0.61640625 0.7465277777777778 0.015625 0.034722222222222224
6 0.558203125 0.8465277777777778 0.01328125 0.0375
6 0.66640625 0.6875 0.0140625 0.030555555555555555
6 0.62890625 0.9381944444444444 0.0125 0.03194444444444444
6 0.494140625 0.5979166666666667 0.01015625 0.02361111111111111
6 0.54765625 0.5375 0.0109375 0.027777777777777776
6 0.597265625 0.5020833333333333 0.01171875 0.02638888888888889
6 0.32421875 0.025694444444444443 0.00625 0.009722222222222222
6 0.386328125 0.016666666666666666 0.00546875 0.011111111111111112
6 0.5171875 0.29097222222222224 0.0078125 0.020833333333333332
6 0.508984375 0.26875 0.00703125 0.018055555555555554
6 0.500390625 0.22083333333333333 0.00703125 0.016666666666666666
6 0.494921875 0.20277777777777778 0.00703125 0.016666666666666666
6 0.484765625 0.16180555555555556 0.00703125 0.015277777777777777
6 0.46875 0.0125 0.0078125 0.013888888888888888
6 0.769921875 0.9138888888888889 0.01328125 0.03333333333333333
6 0.5078125 0.30486111111111114 0.0078125 0.018055555555555554
