6 0.954296875 0.5354166666666667 0.01953125 0.04861111111111111
6 0.715234375 0.6895833333333333 0.01796875 0.043055555555555555
6 0.698046875 0.5465277777777777 0.01484375 0.04027777777777778
6 0.69296875 0.4423611111111111 0.0140625 0.034722222222222224
6 0.71640625 0.4597222222222222 0.015625 0.030555555555555555
6 0.724609375 0.35555555555555557 0.01328125 0.027777777777777776
6 0.940625 0.25555555555555554 0.009375 0.03333333333333333
6 0.719921875 0.8652777777777778 0.01796875 0.041666666666666664
6 0.662890625 0.03611111111111111 0.01015625 0.022222222222222223
6 0.66875 0.013888888888888888 0.0078125 0.019444444444444445
6 0.674609375 0.049305555555555554 0.00859375 0.02361111111111111
6 0.871875 0.3819444444444444 0.0171875 0.044444444444444446
