6 0.350390625 0.41458333333333336 0.00859375 0.018055555555555554
6 0.64609375 0.9763888888888889 0.0125 0.041666666666666664
6 0.711328125 0.9027777777777778 0.01171875 0.027777777777777776
6 0.6921875 0.8541666666666666 0.0125 0.030555555555555555
6 0.7296875 0.8541666666666666 0.0140625 0.030555555555555555
6 0.724609375 0.8965277777777778 0.01171875 0.03194444444444444
6 0.537890625 0.44513888888888886 0.00859375 0.020833333333333332
6 0.366015625 0.6020833333333333 0.01171875 0.03194444444444444
6 0.28046875 0.7805555555555556 0.015625 0.03333333333333333
6 0.71796875 0.7854166666666667 0.0125 0.029166666666666667
6 0.378125 0.3090277777777778 0.0078125 0.015277777777777777
6 0.370703125 0.30069444444444443 0.01015625 0.015277777777777777
6 0.39453125 0.28888888888888886 0.0078125 0.013888888888888888
6 0.40234375 0.30486111111111114 0.0078125 0.0125
6 0.426953125 0.31875 0.00859375 0.015277777777777777
6 0.07890625 0.9729166666666667 0.0328125 0.0375
6 0.39921875 0.1375 0.00625 0.011111111111111112
6 0.41171875 0.11944444444444445 0.00625 0.011111111111111112
6 0.646484375 0.8888888888888888 0.01328125 0.030555555555555555
6 0.729296875 0.7444444444444445 0.01015625 0.022222222222222223
6 0.641796875 0.9388888888888889 0.01171875 0.030555555555555555
6 0.628515625 0.9576388888888889 0.01171875 0.03194444444444444
6 0.615234375 0.9340277777777778 0.01328125 0.04027777777777778
6 0.605078125 0.9 0.01328125 0.030555555555555555
6 0.601171875 0.8645833333333334 0.01328125 0.03194444444444444
6 0.60234375 0.8236111111111111 0.0125 0.030555555555555555
6 0.60234375 0.7902777777777777 0.0125 0.030555555555555555
6 0.59296875 0.75625 0.0125 0.03194444444444444
6 0.5953125 0.7263888888888889 0.0125 0.030555555555555555
6 0.565625 0.8430555555555556 0.009375 0.027777777777777776
6 0.594921875 0.9326388888888889 0.01640625 0.034722222222222224
6 0.703515625 0.5805555555555556 0.00703125 0.025
6 0.706640625 0.6229166666666667 0.00703125 0.02361111111111111
6 0.48828125 0.1763888888888889 0.00625 0.011111111111111112
6 0.005859375 0.9222222222222223 0.01015625 0.03888888888888889
6 0.48203125 0.27708333333333335 0.00625 0.020833333333333332
6 0.69609375 0.5395833333333333 0.0109375 0.02361111111111111
6 0.705078125 0.5270833333333333 0.00859375 0.02361111111111111
