6 0.639453125 0.7298611111111111 0.01484375 0.0375
6 0.53671875 0.39861111111111114 0.0125 0.03333333333333333
6 0.42265625 0.5201388888888889 0.0125 0.03194444444444444
6 0.354296875 0.19236111111111112 0.00859375 0.018055555555555554
6 0.3546875 0.16666666666666666 0.009375 0.022222222222222223
6 0.351953125 0.13680555555555557 0.01015625 0.018055555555555554
6 0.452734375 0.1423611111111111 0.00703125 0.020833333333333332
6 0.476953125 0.1951388888888889 0.01015625 0.020833333333333332
6 0.472265625 0.21805555555555556 0.01015625 0.022222222222222223
6 0.5046875 0.25763888888888886 0.009375 0.02361111111111111
6 0.501953125 0.3138888888888889 0.00859375 0.027777777777777776
6 0.5125 0.30069444444444443 0.009375 0.02361111111111111
6 0.495703125 0.2791666666666667 0.00859375 0.025
6 0.76875 0.8326388888888889 0.01875 0.04861111111111111
6 0.740625 0.8222222222222222 0.0171875 0.04722222222222222
6 0.66796875 0.8215277777777777 0.0140625 0.04027777777777778
6 0.60234375 0.3736111111111111 0.0125 0.027777777777777776
6 0.52890625 0.34305555555555556 0.0109375 0.027777777777777776
6 0.6390625 0.4583333333333333 0.0125 0.030555555555555555
6 0.981640625 0.8527777777777777 0.03359375 0.05555555555555555
6 0.370703125 0.07847222222222222 0.00703125 0.015277777777777777
6 0.43125 0.02361111111111111 0.00625 0.016666666666666666
6 0.437890625 0.06041666666666667 0.00703125 0.018055555555555554
6 0.5 0.05486111111111111 0.00625 0.0125
6 0.6421875 0.12361111111111112 0.0109375 0.016666666666666666
