6 0.4425 0.17830188679245282 0.025 0.0509433962264151
6 0.2805 0.419811320754717 0.033 0.06981132075471698
6 0.2305 0.65 0.047 0.10377358490566038
6 0.1085 0.6839622641509434 0.061 0.15283018867924528
6 0.9685 0.39811320754716983 0.047 0.09433962264150944
6 0.3065 0.930188679245283 0.077 0.13584905660377358
6 0.4825 0.1320754716981132 0.021 0.04150943396226415
6 0.5105 0.08584905660377358 0.017 0.03207547169811321
6 0.5155 0.03962264150943396 0.017 0.033962264150943396
6 0.5735 0.03773584905660377 0.015 0.033962264150943396
6 0.619 0.05471698113207547 0.016 0.033962264150943396
6 0.856 0.12924528301886792 0.026 0.07358490566037736
