6 0.5390625 0.3958333333333333 0.009375 0.03333333333333333
6 0.66640625 0.45208333333333334 0.009375 0.029166666666666667
6 0.746484375 0.42569444444444443 0.01015625 0.034722222222222224
6 0.7265625 0.40208333333333335 0.009375 0.02638888888888889
6 0.688671875 0.2791666666666667 0.00859375 0.025
6 0.697265625 0.24375 0.00859375 0.02361111111111111
6 0.71015625 0.2326388888888889 0.009375 0.02361111111111111
6 0.54921875 0.050694444444444445 0.00625 0.018055555555555554
6 0.53671875 0.035416666666666666 0.0078125 0.015277777777777777
6 0.750390625 0.5881944444444445 0.01328125 0.034722222222222224
6 0.66171875 0.7111111111111111 0.0125 0.03888888888888889
6 0.808203125 0.7034722222222223 0.01171875 0.034722222222222224
6 0.340625 0.0375 0.0078125 0.019444444444444445
6 0.44921875 0.21458333333333332 0.0078125 0.018055555555555554
6 0.530859375 0.007638888888888889 0.00546875 0.015277777777777777
