6 0.881640625 0.8381944444444445 0.03984375 0.0875
6 0.06484375 0.9513888888888888 0.04375 0.08333333333333333
6 0.2875 0.5208333333333334 0.021875 0.06666666666666667
6 0.3296875 0.3784722222222222 0.021875 0.05138888888888889
6 0.40078125 0.3034722222222222 0.0171875 0.04861111111111111
6 0.43984375 0.30069444444444443 0.021875 0.04861111111111111
6 0.37890625 0.2673611111111111 0.0140625 0.034722222222222224
6 0.449609375 0.19027777777777777 0.01640625 0.03611111111111111
6 0.402734375 0.20833333333333334 0.01640625 0.03333333333333333
6 0.4234375 0.13819444444444445 0.0140625 0.029166666666666667
6 0.505859375 0.12361111111111112 0.01015625 0.025
6 0.419140625 0.09583333333333334 0.01015625 0.025
6 0.48515625 0.03680555555555556 0.0078125 0.020833333333333332
6 0.4734375 0.03888888888888889 0.0078125 0.013888888888888888
6 0.49453125 0.022916666666666665 0.0046875 0.0125
