6 0.325 0.4597222222222222 0.0109375 0.022222222222222223
6 0.71796875 0.8979166666666667 0.0140625 0.034722222222222224
6 0.54140625 0.4354166666666667 0.009375 0.02638888888888889
6 0.308203125 0.5791666666666667 0.01015625 0.025
6 0.725390625 0.7777777777777778 0.01328125 0.030555555555555555
6 0.403125 0.27291666666666664 0.0109375 0.018055555555555554
6 0.408203125 0.18055555555555555 0.00703125 0.016666666666666666
6 0.3984375 0.13402777777777777 0.00625 0.015277777777777777
6 0.4015625 0.11041666666666666 0.00625 0.0125
6 0.408984375 0.07847222222222222 0.00546875 0.0125
6 0.69921875 0.8493055555555555 0.0140625 0.034722222222222224
6 0.7296875 0.8916666666666667 0.0140625 0.03611111111111111
6 0.7375 0.8493055555555555 0.0140625 0.029166666666666667
6 0.736328125 0.7402777777777778 0.01328125 0.030555555555555555
6 0.75234375 0.74375 0.0125 0.029166666666666667
6 0.7421875 0.7159722222222222 0.0109375 0.02638888888888889
6 0.654296875 0.9645833333333333 0.01171875 0.034722222222222224
6 0.651953125 0.8895833333333333 0.01171875 0.034722222222222224
6 0.647265625 0.9340277777777778 0.01171875 0.034722222222222224
6 0.633203125 0.9576388888888889 0.01171875 0.034722222222222224
6 0.621875 0.9243055555555556 0.0125 0.034722222222222224
6 0.612890625 0.8965277777777778 0.01171875 0.034722222222222224
6 0.607421875 0.8534722222222222 0.01171875 0.034722222222222224
6 0.608203125 0.7854166666666667 0.01171875 0.034722222222222224
6 0.598828125 0.7520833333333333 0.01171875 0.034722222222222224
6 0.6 0.7152777777777778 0.009375 0.025
6 0.598828125 0.9305555555555556 0.01796875 0.027777777777777776
6 0.56953125 0.8340277777777778 0.009375 0.02361111111111111
6 0.486328125 0.26944444444444443 0.00546875 0.019444444444444445
6 0.5125 0.2326388888888889 0.00625 0.020833333333333332
6 0.4125 0.03888888888888889 0.003125 0.013888888888888888
6 0.419140625 0.029166666666666667 0.00390625 0.013888888888888888
6 0.7328125 0.6875 0.0109375 0.03333333333333333
6 0.58515625 0.21944444444444444 0.00625 0.022222222222222223
