6 0.578125 0.6256944444444444 0.021875 0.04861111111111111
6 0.3421875 0.6451388888888889 0.021875 0.043055555555555555
6 0.51640625 0.39861111111111114 0.0171875 0.041666666666666664
6 0.305859375 0.28680555555555554 0.01328125 0.02638888888888889
6 0.280078125 0.26875 0.01171875 0.029166666666666667
6 0.5125 0.19722222222222222 0.0109375 0.027777777777777776
6 0.532421875 0.20416666666666666 0.01171875 0.03611111111111111
6 0.428515625 0.10555555555555556 0.01328125 0.03333333333333333
6 0.401171875 0.09236111111111112 0.01171875 0.029166666666666667
6 0.2640625 0.18680555555555556 0.0109375 0.02638888888888889
6 0.553125 0.19444444444444445 0.0078125 0.016666666666666666
6 0.39609375 0.03819444444444445 0.0109375 0.02361111111111111
6 0.381640625 0.02013888888888889 0.01015625 0.02361111111111111
6 0.291796875 0.06597222222222222 0.00859375 0.029166666666666667
6 0.254296875 0.07361111111111111 0.01015625 0.025
6 0.26328125 0.04583333333333333 0.0078125 0.025
6 0.2265625 0.24305555555555555 0.0109375 0.025
6 0.191015625 0.3229166666666667 0.01796875 0.034722222222222224
