6 0.857421875 0.5951388888888889 0.03046875 0.06805555555555555
6 0.298046875 0.5104166666666666 0.02890625 0.043055555555555555
6 0.514453125 0.33194444444444443 0.02265625 0.04722222222222222
6 0.419921875 0.2375 0.01796875 0.03888888888888889
6 0.365234375 0.25833333333333336 0.01484375 0.041666666666666664
6 0.4453125 0.15486111111111112 0.0125 0.02638888888888889
6 0.423828125 0.15555555555555556 0.01484375 0.027777777777777776
6 0.425 0.12430555555555556 0.0125 0.02361111111111111
6 0.4328125 0.09097222222222222 0.0109375 0.029166666666666667
6 0.48984375 0.11388888888888889 0.0109375 0.025
6 0.49140625 0.06458333333333334 0.0078125 0.020833333333333332
6 0.522265625 0.09930555555555555 0.01015625 0.020833333333333332
6 0.505859375 0.041666666666666664 0.00859375 0.019444444444444445
6 0.524609375 0.044444444444444446 0.01015625 0.019444444444444445
