6 0.4921875 0.4354166666666667 0.0109375 0.03194444444444444
6 0.49453125 0.38333333333333336 0.009375 0.030555555555555555
6 0.5078125 0.3104166666666667 0.0078125 0.02638888888888889
6 0.8140625 0.9444444444444444 0.0171875 0.04722222222222222
6 0.59140625 0.4284722222222222 0.009375 0.029166666666666667
6 0.378125 0.6743055555555556 0.0125 0.02638888888888889
6 0.376171875 0.6090277777777777 0.01171875 0.02638888888888889
6 0.39375 0.5888888888888889 0.0109375 0.027777777777777776
6 0.49609375 0.9201388888888888 0.0140625 0.03194444444444444
6 0.4421875 0.9604166666666667 0.015625 0.0375
6 0.3890625 0.8465277777777778 0.0125 0.03194444444444444
6 0.445703125 0.15486111111111112 0.00546875 0.015277777777777777
6 0.455078125 0.1597222222222222 0.00546875 0.013888888888888888
6 0.448828125 0.16666666666666666 0.00546875 0.019444444444444445
6 0.495703125 0.20208333333333334 0.00859375 0.02638888888888889
6 0.375 0.17083333333333334 0.0078125 0.019444444444444445
6 0.317578125 0.21875 0.00703125 0.018055555555555554
6 0.3265625 0.24097222222222223 0.009375 0.020833333333333332
6 0.383984375 0.3451388888888889 0.00859375 0.020833333333333332
6 0.3953125 0.34305555555555556 0.009375 0.025
6 0.406640625 0.3590277777777778 0.00859375 0.02361111111111111
6 0.37421875 0.35138888888888886 0.0078125 0.022222222222222223
6 0.3625 0.34930555555555554 0.009375 0.020833333333333332
6 0.365625 0.40347222222222223 0.009375 0.02361111111111111
6 0.394140625 0.4152777777777778 0.01015625 0.025
6 0.358984375 0.06041666666666667 0.00703125 0.018055555555555554
6 0.41796875 0.18541666666666667 0.00625 0.018055555555555554
6 0.42265625 0.1798611111111111 0.0046875 0.015277777777777777
6 0.378515625 0.3111111111111111 0.00703125 0.019444444444444445
6 0.168359375 0.16805555555555557 0.00703125 0.013888888888888888
6 0.03046875 0.9402777777777778 0.028125 0.030555555555555555
6 0.248046875 0.041666666666666664 0.00703125 0.019444444444444445
6 0.28671875 0.09166666666666666 0.0078125 0.016666666666666666
6 0.300390625 0.18263888888888888 0.00859375 0.018055555555555554
6 0.337890625 0.25833333333333336 0.00859375 0.019444444444444445
6 0.346484375 0.26944444444444443 0.00859375 0.019444444444444445
6 0.35234375 0.07152777777777777 0.0078125 0.0125
6 0.3734375 0.09722222222222222 0.00625 0.019444444444444445
6 0.442578125 0.10555555555555556 0.00703125 0.016666666666666666
6 0.438671875 0.1125 0.00703125 0.019444444444444445
6 0.423828125 0.022916666666666665 0.00703125 0.018055555555555554
