6 0.569921875 0.7638888888888888 0.01328125 0.03888888888888889
6 0.40390625 0.44513888888888886 0.009375 0.018055555555555554
6 0.26328125 0.9048611111111111 0.01875 0.043055555555555555
6 0.695703125 0.2638888888888889 0.00703125 0.019444444444444445
6 0.551171875 0.7097222222222223 0.01328125 0.03888888888888889
6 0.55703125 0.4888888888888889 0.0125 0.030555555555555555
6 0.575390625 0.4791666666666667 0.01171875 0.030555555555555555
6 0.6578125 0.3368055555555556 0.009375 0.02638888888888889
6 0.4140625 0.41388888888888886 0.009375 0.019444444444444445
6 0.44375 0.33125 0.009375 0.018055555555555554
6 0.425390625 0.36875 0.01015625 0.018055555555555554
6 0.4375 0.2972222222222222 0.009375 0.019444444444444445
6 0.465625 0.20555555555555555 0.0078125 0.016666666666666666
6 0.44375 0.1736111111111111 0.0078125 0.016666666666666666
6 0.44296875 0.12152777777777778 0.0078125 0.015277777777777777
6 0.404296875 0.10208333333333333 0.00703125 0.0125
6 0.387890625 0.23194444444444445 0.00703125 0.016666666666666666
6 0.32890625 0.46597222222222223 0.009375 0.018055555555555554
6 0.331640625 0.38333333333333336 0.01015625 0.019444444444444445
6 0.283984375 0.09861111111111111 0.00703125 0.013888888888888888
6 0.280078125 0.04513888888888889 0.00703125 0.0125
6 0.286328125 0.035416666666666666 0.00703125 0.0125
6 0.271875 0.014583333333333334 0.00625 0.0125
6 0.222265625 0.48333333333333334 0.01015625 0.019444444444444445
6 0.2125 0.5340277777777778 0.009375 0.018055555555555554
6 0.221484375 0.6270833333333333 0.01328125 0.020833333333333332
6 0.24921875 0.3645833333333333 0.0078125 0.015277777777777777
6 0.23046875 0.3416666666666667 0.0078125 0.016666666666666666
6 0.149609375 0.9416666666666667 0.01171875 0.027777777777777776
6 0.753125 0.7979166666666667 0.0109375 0.020833333333333332
6 0.36796875 0.6305555555555555 0.0125 0.030555555555555555
6 0.4375 0.022916666666666665 0.00625 0.0125
6 0.634375 0.2013888888888889 0.00625 0.022222222222222223
6 0.620703125 0.16875 0.00546875 0.02361111111111111
6 0.671875 0.1326388888888889 0.0078125 0.020833333333333332
6 0.680859375 0.3013888888888889 0.00703125 0.019444444444444445
