6 0.7375 0.7159722222222222 0.0078125 0.034722222222222224
6 0.715625 0.7166666666666667 0.0109375 0.03333333333333333
6 0.726171875 0.7576388888888889 0.01015625 0.03194444444444444
6 0.679296875 0.8166666666666667 0.01171875 0.030555555555555555
6 0.741796875 0.8375 0.01328125 0.041666666666666664
6 0.700390625 0.6791666666666667 0.01015625 0.030555555555555555
6 0.651171875 0.66875 0.01171875 0.02361111111111111
6 0.63359375 0.6236111111111111 0.0109375 0.030555555555555555
6 0.6734375 0.5854166666666667 0.0078125 0.029166666666666667
6 0.687109375 0.5680555555555555 0.00703125 0.025
6 0.712890625 0.5631944444444444 0.01015625 0.03194444444444444
6 0.728515625 0.5944444444444444 0.01015625 0.030555555555555555
6 0.698046875 0.5270833333333333 0.01015625 0.029166666666666667
6 0.666015625 0.5506944444444445 0.01328125 0.02361111111111111
6 0.640625 0.4131944444444444 0.0078125 0.02361111111111111
6 0.65859375 0.4041666666666667 0.009375 0.025
6 0.640234375 0.3736111111111111 0.01015625 0.025
6 0.626171875 0.3680555555555556 0.01015625 0.025
6 0.621875 0.25416666666666665 0.0078125 0.019444444444444445
6 0.614453125 0.23402777777777778 0.00703125 0.020833333333333332
6 0.59453125 0.09861111111111111 0.00625 0.019444444444444445
6 0.6046875 0.10625 0.00625 0.018055555555555554
6 0.610546875 0.12291666666666666 0.00546875 0.015277777777777777
6 0.594921875 0.06597222222222222 0.00703125 0.018055555555555554
6 0.584765625 0.06527777777777778 0.00546875 0.013888888888888888
6 0.496875 0.1798611111111111 0.0078125 0.015277777777777777
6 0.5015625 0.21875 0.0078125 0.02361111111111111
6 0.590625 0.03194444444444444 0.0046875 0.013888888888888888
6 0.74921875 0.34444444444444444 0.0078125 0.016666666666666666
6 0.762890625 0.33819444444444446 0.01015625 0.02361111111111111
6 0.789453125 0.5416666666666666 0.00859375 0.03333333333333333
6 0.820703125 0.7534722222222222 0.01484375 0.0375
6 0.805078125 0.7736111111111111 0.01640625 0.041666666666666664
6 0.75 0.7951388888888888 0.009375 0.029166666666666667
6 0.06171875 0.8409722222222222 0.0140625 0.029166666666666667
6 0.301953125 0.5673611111111111 0.01640625 0.03194444444444444
6 0.198828125 0.8006944444444445 0.01796875 0.0375
6 0.45 0.9006944444444445 0.028125 0.03194444444444444
6 0.543359375 0.9243055555555556 0.03046875 0.029166666666666667
6 0.580078125 0.9263888888888889 0.02578125 0.041666666666666664
6 0.637890625 0.2847222222222222 0.00703125 0.016666666666666666
6 0.784375 0.47291666666666665 0.009375 0.02361111111111111
6 0.7953125 0.4638888888888889 0.009375 0.025
6 0.909765625 0.8805555555555555 0.01328125 0.03333333333333333
6 0.886328125 0.7986111111111112 0.01171875 0.030555555555555555
6 0.8703125 0.7243055555555555 0.009375 0.03194444444444444
