6 0.677734375 0.6979166666666666 0.02734375 0.04583333333333333
6 0.595703125 0.2826388888888889 0.01484375 0.029166666666666667
6 0.96953125 0.71875 0.01875 0.043055555555555555
6 0.8203125 0.6090277777777777 0.0203125 0.03194444444444444
6 0.49453125 0.4 0.0140625 0.019444444444444445
6 0.623828125 0.5048611111111111 0.01796875 0.02361111111111111
6 0.66796875 0.5430555555555555 0.015625 0.027777777777777776
6 0.5765625 0.06736111111111111 0.0078125 0.015277777777777777
6 0.581640625 0.08263888888888889 0.01171875 0.020833333333333332
6 0.79453125 0.6444444444444445 0.0171875 0.03333333333333333
6 0.834375 0.5090277777777777 0.021875 0.04583333333333333
