6 0.33671875 0.38680555555555557 0.0234375 0.04583333333333333
6 0.278515625 0.7069444444444445 0.03359375 0.06111111111111111
6 0.449609375 0.6513888888888889 0.02734375 0.08055555555555556
6 0.366015625 0.22916666666666666 0.01484375 0.025
6 0.504296875 0.18263888888888888 0.01640625 0.029166666666666667
6 0.427734375 0.16875 0.01484375 0.029166666666666667
6 0.4234375 0.12152777777777778 0.0140625 0.02638888888888889
6 0.4421875 0.10972222222222222 0.0125 0.025
6 0.48671875 0.07291666666666667 0.0109375 0.02638888888888889
6 0.512890625 0.07777777777777778 0.01171875 0.022222222222222223
6 0.526171875 0.06180555555555556 0.00859375 0.02361111111111111
