6 0.1875 0.5402777777777777 0.0265625 0.044444444444444446
6 0.244140625 0.9208333333333333 0.03984375 0.10277777777777777
6 0.294921875 0.9423611111111111 0.04453125 0.09305555555555556
6 0.43828125 0.45694444444444443 0.0234375 0.05
6 0.408203125 0.09930555555555555 0.01484375 0.02361111111111111
6 0.376953125 0.07222222222222222 0.01171875 0.022222222222222223
6 0.326953125 0.27708333333333335 0.01796875 0.034722222222222224
6 0.48203125 0.15902777777777777 0.015625 0.0375
6 0.435546875 0.11805555555555555 0.01171875 0.025
6 0.457421875 0.11805555555555555 0.01484375 0.025
