6 0.786328125 0.86875 0.02109375 0.04861111111111111
6 0.401171875 0.9354166666666667 0.01640625 0.03194444444444444
6 0.33046875 0.6618055555555555 0.0125 0.029166666666666667
6 0.38359375 0.5243055555555556 0.0140625 0.03194444444444444
6 0.630859375 0.48194444444444445 0.01015625 0.03611111111111111
6 0.3671875 0.02847222222222222 0.0078125 0.020833333333333332
6 0.3375 0.1527777777777778 0.009375 0.022222222222222223
6 0.335546875 0.2875 0.01171875 0.027777777777777776
6 0.333203125 0.31527777777777777 0.01015625 0.027777777777777776
6 0.345703125 0.3458333333333333 0.01328125 0.027777777777777776
6 0.359375 0.39444444444444443 0.0109375 0.027777777777777776
6 0.321484375 0.3715277777777778 0.01015625 0.020833333333333332
6 0.327734375 0.41180555555555554 0.01015625 0.029166666666666667
6 0.3171875 0.5319444444444444 0.0125 0.030555555555555555
6 0.364453125 0.7381944444444445 0.01640625 0.034722222222222224
6 0.372265625 0.9125 0.01640625 0.03333333333333333
6 0.31953125 0.8951388888888889 0.0140625 0.0375
6 0.72265625 0.7423611111111111 0.0171875 0.04027777777777778
6 0.552734375 0.37222222222222223 0.01171875 0.03333333333333333
6 0.66015625 0.29305555555555557 0.0109375 0.019444444444444445
6 0.6234375 0.16944444444444445 0.0125 0.027777777777777776
6 0.58125 0.16597222222222222 0.0078125 0.029166666666666667
6 0.643359375 0.10625 0.01015625 0.02361111111111111
6 0.455078125 0.175 0.01484375 0.03333333333333333
6 0.3609375 0.022222222222222223 0.00625 0.019444444444444445
6 0.476953125 0.2465277777777778 0.01171875 0.0375
6 0.570703125 0.23055555555555557 0.01171875 0.03333333333333333
6 0.634375 0.425 0.0140625 0.03611111111111111
6 0.64296875 0.5090277777777777 0.0140625 0.04027777777777778
6 0.659375 0.3236111111111111 0.0125 0.03333333333333333
6 0.63515625 0.014583333333333334 0.0078125 0.02361111111111111
6 0.95625 0.3138888888888889 0.0203125 0.03333333333333333
6 0.981640625 0.3138888888888889 0.02578125 0.03333333333333333
6 0.709765625 0.12152777777777778 0.01015625 0.029166666666666667
