6 0.566015625 0.7895833333333333 0.01953125 0.07361111111111111
6 0.4578125 0.6 0.0140625 0.044444444444444446
6 0.61015625 0.1625 0.0078125 0.025
6 0.549609375 0.21319444444444444 0.00859375 0.020833333333333332
6 0.4984375 0.3375 0.0125 0.027777777777777776
6 0.583984375 0.2048611111111111 0.01015625 0.02361111111111111
6 0.6 0.12638888888888888 0.009375 0.025
6 0.598828125 0.0763888888888889 0.00703125 0.019444444444444445
6 0.605859375 0.09305555555555556 0.00859375 0.019444444444444445
6 0.553515625 0.10277777777777777 0.01328125 0.022222222222222223
