6 0.3455 0.2509433962264151 0.029 0.052830188679245285
6 0.438 0.2037735849056604 0.026 0.04905660377358491
6 0.451 0.08018867924528301 0.02 0.035849056603773584
6 0.474 0.06415094339622641 0.018 0.03773584905660377
6 0.487 0.07547169811320754 0.016 0.033962264150943396
6 0.5515 0.06886792452830189 0.019 0.03207547169811321
6 0.584 0.05660377358490566 0.018 0.033962264150943396
6 0.829 0.1169811320754717 0.026 0.06037735849056604
6 0.711 0.016037735849056604 0.016 0.02830188679245283
6 0.5545 0.22924528301886793 0.029 0.05849056603773585
6 0.5235 0.21037735849056605 0.021 0.0660377358490566
