6 0.4953125 0.2916666666666667 0.009375 0.016666666666666666
6 0.51796875 0.5041666666666667 0.0140625 0.030555555555555555
6 0.547265625 0.37222222222222223 0.00859375 0.027777777777777776
6 0.53203125 0.3819444444444444 0.00625 0.019444444444444445
6 0.469921875 0.3645833333333333 0.00859375 0.018055555555555554
6 0.4828125 0.3645833333333333 0.009375 0.020833333333333332
6 0.4828125 0.3645833333333333 0.009375 0.020833333333333332
6 0.4828125 0.3645833333333333 0.009375 0.020833333333333332
6 0.4828125 0.3645833333333333 0.009375 0.020833333333333332
6 0.533203125 0.4305555555555556 0.00859375 0.022222222222222223
6 0.082421875 0.7722222222222223 0.01484375 0.03333333333333333
6 0.0859375 0.6777777777777778 0.015625 0.03333333333333333
6 0.215234375 0.7555555555555555 0.01484375 0.03888888888888889
6 0.03203125 0.5576388888888889 0.01875 0.02361111111111111
6 0.27578125 0.5125 0.0140625 0.027777777777777776
6 0.152734375 0.39444444444444443 0.01328125 0.025
6 0.219921875 0.3111111111111111 0.01640625 0.025
6 0.291796875 0.28541666666666665 0.01328125 0.020833333333333332
6 0.362109375 0.19305555555555556 0.01640625 0.022222222222222223
6 0.377734375 0.20416666666666666 0.01171875 0.019444444444444445
6 0.39296875 0.18819444444444444 0.0125 0.018055555555555554
6 0.34296875 0.20208333333333334 0.0171875 0.018055555555555554
6 0.423828125 0.13819444444444445 0.00703125 0.018055555555555554
6 0.46796875 0.09444444444444444 0.0109375 0.016666666666666666
6 0.48046875 0.018055555555555554 0.0109375 0.013888888888888888
6 0.91484375 0.8430555555555556 0.015625 0.041666666666666664
6 0.876953125 0.8152777777777778 0.01796875 0.041666666666666664
6 0.814453125 0.8388888888888889 0.01328125 0.03611111111111111
6 0.8328125 0.85625 0.0140625 0.02638888888888889
6 0.83046875 0.7034722222222223 0.0140625 0.043055555555555555
6 0.867578125 0.6583333333333333 0.01640625 0.03611111111111111
6 0.585546875 0.7833333333333333 0.01328125 0.03333333333333333
6 0.696875 0.6159722222222223 0.0125 0.029166666666666667
6 0.6796875 0.6347222222222222 0.0125 0.025
6 0.6359375 0.5909722222222222 0.0125 0.02638888888888889
6 0.598046875 0.5868055555555556 0.01328125 0.034722222222222224
6 0.65546875 0.5222222222222223 0.0125 0.03333333333333333
6 0.56640625 0.5152777777777777 0.015625 0.027777777777777776
6 0.831640625 0.5041666666666667 0.01328125 0.030555555555555555
6 0.81484375 0.5027777777777778 0.0109375 0.027777777777777776
6 0.87578125 0.46458333333333335 0.015625 0.029166666666666667
6 0.805859375 0.4340277777777778 0.01171875 0.03194444444444444
6 0.794140625 0.32430555555555557 0.01328125 0.029166666666666667
6 0.8453125 0.28125 0.009375 0.029166666666666667
6 0.8328125 0.24375 0.0109375 0.02638888888888889
6 0.846875 0.24444444444444444 0.009375 0.019444444444444445
6 0.783203125 0.11180555555555556 0.00859375 0.02638888888888889
6 0.1265625 0.3680555555555556 0.0171875 0.03888888888888889
6 0.386328125 0.044444444444444446 0.00859375 0.013888888888888888
6 0.423828125 0.013888888888888888 0.01015625 0.019444444444444445
6 0.496875 0.16805555555555557 0.0078125 0.022222222222222223
6 0.4375 0.5965277777777778 0.0125 0.043055555555555555
6 0.538671875 0.38055555555555554 0.00859375 0.025
6 0.768359375 0.009027777777777777 0.00859375 0.018055555555555554
6 0.844921875 0.050694444444444445 0.01015625 0.018055555555555554
6 0.8171875 0.07361111111111111 0.0109375 0.019444444444444445
6 0.798828125 0.06041666666666667 0.00859375 0.02361111111111111
6 0.791015625 0.052083333333333336 0.00703125 0.020833333333333332
6 0.771484375 0.09583333333333334 0.00859375 0.016666666666666666
6 0.841015625 0.21319444444444444 0.01015625 0.029166666666666667
6 0.88984375 0.50625 0.0109375 0.0375
6 0.821875 0.48125 0.0109375 0.034722222222222224
