6 0.344921875 0.5895833333333333 0.01640625 0.02638888888888889
6 0.2140625 0.6284722222222222 0.0171875 0.03194444444444444
6 0.22578125 0.5520833333333334 0.0171875 0.029166666666666667
6 0.196875 0.3701388888888889 0.0125 0.02361111111111111
6 0.21953125 0.20208333333333334 0.009375 0.018055555555555554
6 0.297265625 0.2611111111111111 0.01015625 0.019444444444444445
6 0.33046875 0.2722222222222222 0.0109375 0.019444444444444445
6 0.4609375 0.6236111111111111 0.0171875 0.041666666666666664
6 0.3734375 0.45416666666666666 0.0171875 0.025
6 0.42265625 0.07777777777777778 0.009375 0.019444444444444445
6 0.398828125 0.08125 0.00859375 0.015277777777777777
6 0.388671875 0.2048611111111111 0.00859375 0.020833333333333332
6 0.391015625 0.17291666666666666 0.00859375 0.018055555555555554
6 0.391796875 0.1451388888888889 0.00859375 0.018055555555555554
6 0.376953125 0.1986111111111111 0.00859375 0.016666666666666666
6 0.40078125 0.04097222222222222 0.0078125 0.015277777777777777
6 0.49375 0.18958333333333333 0.0078125 0.020833333333333332
6 0.505859375 0.18958333333333333 0.00859375 0.020833333333333332
6 0.492578125 0.09236111111111112 0.00859375 0.02361111111111111
6 0.50234375 0.05416666666666667 0.0078125 0.016666666666666666
6 0.60078125 0.15208333333333332 0.0078125 0.020833333333333332
6 0.65625 0.27152777777777776 0.0078125 0.020833333333333332
6 0.66015625 0.23541666666666666 0.0078125 0.020833333333333332
6 0.651171875 0.10208333333333333 0.00703125 0.018055555555555554
6 0.138671875 0.45416666666666666 0.01015625 0.019444444444444445
6 0.399609375 0.05625 0.00703125 0.018055555555555554
6 0.49140625 0.03194444444444444 0.00625 0.019444444444444445
6 0.51796875 0.06875 0.00625 0.020833333333333332
6 0.49453125 0.07083333333333333 0.0078125 0.016666666666666666
6 0.580078125 0.02847222222222222 0.00703125 0.020833333333333332
