6 0.5390625 0.11875 0.0171875 0.04583333333333333
6 0.583203125 0.1909722222222222 0.01796875 0.06805555555555555
6 0.4765625 0.029861111111111113 0.0125 0.04027777777777778
6 0.3484375 0.15833333333333333 0.0203125 0.03888888888888889
6 0.438671875 0.7777777777777778 0.04453125 0.11388888888888889
6 0.708984375 0.26805555555555555 0.03046875 0.07222222222222222
6 0.569140625 0.08819444444444445 0.01484375 0.043055555555555555
6 0.598046875 0.15763888888888888 0.01796875 0.0625
6 0.42265625 0.6104166666666667 0.0359375 0.0763888888888889
6 0.346484375 0.011805555555555555 0.01171875 0.02361111111111111
