6 0.834765625 0.81875 0.02265625 0.0625
6 0.83515625 0.9659722222222222 0.0203125 0.05138888888888889
6 0.781640625 0.8243055555555555 0.02578125 0.05694444444444444
6 0.781640625 0.43819444444444444 0.01640625 0.043055555555555555
6 0.81640625 0.35694444444444445 0.0125 0.044444444444444446
6 0.937890625 0.6423611111111112 0.01484375 0.04861111111111111
6 0.89140625 0.2638888888888889 0.0109375 0.03333333333333333
6 0.747265625 0.14722222222222223 0.01328125 0.03333333333333333
6 0.719921875 0.13472222222222222 0.01015625 0.044444444444444446
6 0.848828125 0.21319444444444444 0.01015625 0.0375
6 0.9328125 0.20555555555555555 0.0140625 0.030555555555555555
6 0.9375 0.08680555555555555 0.0125 0.02638888888888889
6 0.9109375 0.08402777777777778 0.0109375 0.02638888888888889
6 0.99140625 0.41875 0.0109375 0.034722222222222224
6 0.973046875 0.47291666666666665 0.01171875 0.03194444444444444
6 0.401171875 0.02013888888888889 0.01015625 0.03194444444444444
6 0.7375 0.014583333333333334 0.0109375 0.029166666666666667
6 0.826171875 0.01597222222222222 0.00859375 0.02361111111111111
