6 0.425 0.7083333333333334 0.0125 0.027777777777777776
6 0.409375 0.7451388888888889 0.0125 0.04583333333333333
6 0.491796875 0.6916666666666667 0.01171875 0.030555555555555555
6 0.54765625 0.8125 0.0171875 0.03888888888888889
6 0.60703125 0.7 0.0109375 0.03888888888888889
6 0.587109375 0.6895833333333333 0.01171875 0.0375
6 0.5296875 0.6722222222222223 0.0125 0.03333333333333333
6 0.5546875 0.6875 0.0125 0.03333333333333333
6 0.55859375 0.64375 0.0109375 0.029166666666666667
6 0.55078125 0.6513888888888889 0.0125 0.03333333333333333
6 0.57890625 0.6138888888888889 0.0109375 0.030555555555555555
6 0.554296875 0.5854166666666667 0.01015625 0.029166666666666667
6 0.559765625 0.3770833333333333 0.00703125 0.02361111111111111
6 0.574609375 0.39861111111111114 0.00859375 0.030555555555555555
6 0.26875 0.375 0.0109375 0.03611111111111111
6 0.50859375 0.5125 0.0109375 0.027777777777777776
6 0.439453125 0.13333333333333333 0.00546875 0.016666666666666666
6 0.240625 0.08263888888888889 0.00625 0.0125
6 0.067578125 0.48055555555555557 0.01015625 0.030555555555555555
6 0.224609375 0.018055555555555554 0.00703125 0.019444444444444445
6 0.32578125 0.07152777777777777 0.00625 0.0125
6 0.46484375 0.18333333333333332 0.0078125 0.022222222222222223
6 0.884375 0.5715277777777777 0.0234375 0.03194444444444444
6 0.910546875 0.5701388888888889 0.02578125 0.02638888888888889
6 0.93515625 0.5708333333333333 0.0234375 0.030555555555555555
