6 0.24453125 0.4361111111111111 0.0125 0.016666666666666666
6 0.262890625 0.5451388888888888 0.01171875 0.018055555555555554
6 0.319921875 0.5618055555555556 0.01328125 0.02638888888888889
6 0.32421875 0.5069444444444444 0.0109375 0.022222222222222223
6 0.384765625 0.5618055555555556 0.01171875 0.020833333333333332
6 0.296484375 0.6277777777777778 0.01171875 0.025
6 0.373046875 0.43680555555555556 0.01015625 0.020833333333333332
6 0.371875 0.4 0.0109375 0.019444444444444445
6 0.41953125 0.36527777777777776 0.0078125 0.013888888888888888
6 0.433984375 0.3625 0.01171875 0.019444444444444445
6 0.4328125 0.28680555555555554 0.00625 0.0125
6 0.439453125 0.25416666666666665 0.00703125 0.013888888888888888
6 0.448046875 0.2326388888888889 0.00703125 0.015277777777777777
6 0.43046875 0.24375 0.0078125 0.015277777777777777
6 0.430078125 0.20625 0.00546875 0.009722222222222222
6 0.361328125 0.6895833333333333 0.01171875 0.020833333333333332
6 0.622265625 0.4270833333333333 0.00546875 0.020833333333333332
6 0.6640625 0.4236111111111111 0.00625 0.022222222222222223
6 0.31328125 0.17708333333333334 0.00625 0.015277777777777777
6 0.23359375 0.1423611111111111 0.003125 0.009722222222222222
6 0.274609375 0.09652777777777778 0.00390625 0.009722222222222222
6 0.269140625 0.06875 0.00390625 0.0125
6 0.2640625 0.04722222222222222 0.0046875 0.008333333333333333
6 0.275390625 0.034027777777777775 0.00390625 0.009722222222222222
6 0.38828125 0.05138888888888889 0.003125 0.005555555555555556
6 0.467578125 0.07777777777777778 0.00390625 0.008333333333333333
6 0.523828125 0.22430555555555556 0.00546875 0.015277777777777777
6 0.429296875 0.1423611111111111 0.00390625 0.009722222222222222
6 0.44765625 0.18263888888888888 0.0046875 0.009722222222222222
6 0.431640625 0.22569444444444445 0.00390625 0.009722222222222222
6 0.4359375 0.1076388888888889 0.003125 0.006944444444444444
6 0.427734375 0.11736111111111111 0.00390625 0.009722222222222222
6 0.416796875 0.07569444444444444 0.00390625 0.009722222222222222
6 0.43359375 0.08333333333333333 0.003125 0.008333333333333333
6 0.41015625 0.052083333333333336 0.003125 0.006944444444444444
6 0.58203125 0.20972222222222223 0.0046875 0.011111111111111112
6 0.456640625 0.016666666666666666 0.00390625 0.008333333333333333
6 0.461328125 0.014583333333333334 0.00390625 0.009722222222222222
6 0.39296875 0.016666666666666666 0.003125 0.005555555555555556
6 0.397265625 0.021527777777777778 0.00234375 0.004166666666666667
6 0.4859375 0.09930555555555555 0.003125 0.009722222222222222
6 0.491015625 0.10069444444444445 0.00390625 0.009722222222222222
6 0.2296875 0.6854166666666667 0.009375 0.02361111111111111
6 0.159375 0.7083333333333334 0.0109375 0.019444444444444445
6 0.2359375 0.014583333333333334 0.003125 0.006944444444444444
6 0.874609375 0.05347222222222222 0.00703125 0.006944444444444444
6 0.63671875 0.24930555555555556 0.0078125 0.018055555555555554
6 0.603125 0.30486111111111114 0.0046875 0.020833333333333332
