6 0.54375 0.91875 0.0265625 0.034722222222222224
6 0.534375 0.9347222222222222 0.021875 0.025
6 0.73828125 0.6048611111111111 0.009375 0.029166666666666667
6 0.640234375 0.4798611111111111 0.00859375 0.02361111111111111
6 0.634765625 0.42291666666666666 0.00859375 0.02638888888888889
6 0.694140625 0.2708333333333333 0.00703125 0.027777777777777776
6 0.604296875 0.15069444444444444 0.00703125 0.020833333333333332
6 0.58828125 0.14375 0.00625 0.015277777777777777
6 0.579296875 0.10833333333333334 0.00703125 0.019444444444444445
6 0.571875 0.11180555555555556 0.00625 0.015277777777777777
6 0.570703125 0.08958333333333333 0.00703125 0.0125
6 0.55390625 0.09513888888888888 0.00625 0.020833333333333332
6 0.5671875 0.06388888888888888 0.00625 0.016666666666666666
6 0.569140625 0.04097222222222222 0.00703125 0.015277777777777777
6 0.572265625 0.027777777777777776 0.00546875 0.013888888888888888
6 0.568359375 0.01875 0.00546875 0.0125
6 0.353515625 0.5222222222222223 0.01328125 0.027777777777777776
6 0.84140625 0.8055555555555556 0.0125 0.03333333333333333
6 0.78359375 0.6819444444444445 0.0125 0.03611111111111111
