6 0.219921875 0.66875 0.03359375 0.08194444444444444
6 0.34765625 0.30625 0.0171875 0.04027777777777778
6 0.376171875 0.34305555555555556 0.01796875 0.044444444444444446
6 0.42734375 0.2111111111111111 0.015625 0.03888888888888889
6 0.405078125 0.20277777777777778 0.01484375 0.030555555555555555
6 0.513671875 0.18958333333333333 0.01640625 0.04027777777777778
6 0.46953125 0.1701388888888889 0.0140625 0.03194444444444444
6 0.419921875 0.15763888888888888 0.01328125 0.02638888888888889
6 0.442578125 0.12777777777777777 0.01484375 0.030555555555555555
6 0.423828125 0.1 0.01015625 0.025
