6 0.408203125 0.10625 0.01640625 0.0375
6 0.96640625 0.6104166666666667 0.0640625 0.14027777777777778
6 0.928125 0.5013888888888889 0.0546875 0.10277777777777777
6 0.44296875 0.05694444444444444 0.0109375 0.027777777777777776
6 0.60546875 0.09583333333333334 0.0125 0.041666666666666664
6 0.433984375 0.11527777777777778 0.01328125 0.03888888888888889
6 0.583984375 0.1 0.01328125 0.044444444444444446
6 0.406640625 0.04375 0.01171875 0.020833333333333332
6 0.769921875 0.3472222222222222 0.03359375 0.08333333333333333
6 0.428515625 0.0375 0.01171875 0.025
