6 0.38203125 0.4236111111111111 0.0109375 0.025
6 0.56171875 0.43333333333333335 0.009375 0.022222222222222223
6 0.575 0.40069444444444446 0.0078125 0.020833333333333332
6 0.653515625 0.40208333333333335 0.00703125 0.02638888888888889
6 0.45546875 0.3284722222222222 0.0078125 0.015277777777777777
6 0.553125 0.41180555555555554 0.0078125 0.020833333333333332
6 0.530078125 0.5076388888888889 0.00703125 0.02638888888888889
6 0.533984375 0.6076388888888888 0.00703125 0.02638888888888889
6 0.36640625 0.7680555555555556 0.0109375 0.025
6 0.40234375 0.6333333333333333 0.0109375 0.025
6 0.415625 0.5805555555555556 0.0109375 0.025
6 0.5375 0.15347222222222223 0.0046875 0.015277777777777777
6 0.453125 0.13819444444444445 0.0046875 0.015277777777777777
6 0.434765625 0.13055555555555556 0.00546875 0.013888888888888888
6 0.29921875 0.7263888888888889 0.0109375 0.025
6 0.262109375 0.725 0.00859375 0.019444444444444445
6 0.2828125 0.0625 0.00625 0.011111111111111112
6 0.241015625 0.1597222222222222 0.00546875 0.011111111111111112
6 0.223046875 0.1527777777777778 0.00546875 0.011111111111111112
6 0.44609375 0.09861111111111111 0.003125 0.011111111111111112
6 0.44921875 0.08819444444444445 0.003125 0.009722222222222222
6 0.4390625 0.07361111111111111 0.003125 0.011111111111111112
6 0.443359375 0.06041666666666667 0.00390625 0.009722222222222222
6 0.191796875 0.9201388888888888 0.01171875 0.029166666666666667
6 0.669921875 0.2361111111111111 0.00703125 0.016666666666666666
6 0.634765625 0.29097222222222224 0.00703125 0.020833333333333332
6 0.75 0.8888888888888888 0.009375 0.027777777777777776
6 0.74765625 0.5631944444444444 0.0109375 0.02361111111111111
