6 0.2865 0.30754716981132074 0.039 0.09433962264150944
6 0.8565 0.34056603773584904 0.039 0.07735849056603773
6 0.4145 0.22075471698113208 0.029 0.06037735849056604
6 0.3755 0.062264150943396226 0.019 0.03773584905660377
6 0.4365 0.01981132075471698 0.017 0.03207547169811321
6 0.506 0.04433962264150943 0.016 0.035849056603773584
6 0.7145 0.022641509433962263 0.015 0.03773584905660377
6 0.7455 0.06132075471698113 0.027 0.04716981132075472
6 0.7705 0.09528301886792453 0.023 0.05471698113207547
6 0.786 0.1330188679245283 0.024 0.05849056603773585
6 0.708 0.07358490566037736 0.024 0.033962264150943396
6 0.8225 0.2349056603773585 0.033 0.07735849056603773
