6 0.835546875 0.7334384858044164 0.05546875 0.14826498422712933
6 0.383984375 0.2578864353312303 0.01953125 0.052050473186119876
6 0.74375 0.3383280757097792 0.021875 0.0804416403785489
6 0.46171875 0.3659305993690852 0.0234375 0.06624605678233439
6 0.7078125 0.31309148264984227 0.0203125 0.07728706624605679
6 0.771484375 0.33753943217665616 0.02734375 0.08201892744479496
6 0.44453125 0.18217665615141956 0.0140625 0.04574132492113565
6 0.703515625 0.18217665615141956 0.01953125 0.055205047318611984
6 0.431640625 0.2539432176656151 0.01953125 0.050473186119873815
6 0.428515625 0.15930599369085174 0.01484375 0.04100946372239748
6 0.53671875 0.04652996845425868 0.0078125 0.026813880126182965
6 0.63828125 0.013406940063091483 0.009375 0.02050473186119874
6 0.649609375 0.026025236593059938 0.01015625 0.02996845425867508
6 0.667578125 0.11277602523659307 0.01484375 0.04574132492113565
