6 0.126953125 0.2388888888888889 0.01171875 0.027777777777777776
6 0.1734375 0.45416666666666666 0.0140625 0.030555555555555555
6 0.841015625 0.5361111111111111 0.01484375 0.044444444444444446
6 0.859765625 0.6229166666666667 0.01484375 0.04861111111111111
6 0.8265625 0.3326388888888889 0.0109375 0.043055555555555555
6 0.5515625 0.6590277777777778 0.0125 0.034722222222222224
6 0.603125 0.58125 0.0140625 0.034722222222222224
6 0.62734375 0.6972222222222222 0.01875 0.041666666666666664
6 0.4296875 0.6902777777777778 0.015625 0.03333333333333333
6 0.42578125 0.65625 0.0140625 0.034722222222222224
6 0.43046875 0.5652777777777778 0.015625 0.041666666666666664
6 0.384765625 0.5555555555555556 0.01640625 0.03888888888888889
6 0.398046875 0.5041666666666667 0.01640625 0.03888888888888889
6 0.348828125 0.47638888888888886 0.01171875 0.03611111111111111
6 0.338671875 0.4951388888888889 0.01015625 0.02361111111111111
6 0.379296875 0.2673611111111111 0.01015625 0.03194444444444444
6 0.381640625 0.2298611111111111 0.01015625 0.020833333333333332
6 0.56875 0.3013888888888889 0.0109375 0.030555555555555555
6 0.552734375 0.2722222222222222 0.01171875 0.013888888888888888
6 0.530859375 0.3034722222222222 0.01171875 0.029166666666666667
6 0.51640625 0.28958333333333336 0.0140625 0.02638888888888889
6 0.743359375 0.17569444444444443 0.01171875 0.03194444444444444
6 0.802734375 0.12152777777777778 0.01015625 0.029166666666666667
6 0.64453125 0.09513888888888888 0.0109375 0.03194444444444444
6 0.70546875 0.12986111111111112 0.015625 0.02638888888888889
6 0.1734375 0.6625 0.0125 0.03333333333333333
6 0.237890625 0.26805555555555555 0.01328125 0.027777777777777776
6 0.25859375 0.22291666666666668 0.0140625 0.029166666666666667
6 0.16875 0.21944444444444444 0.015625 0.030555555555555555
6 0.2796875 0.08055555555555556 0.0109375 0.013888888888888888
6 0.30703125 0.06180555555555556 0.0109375 0.02361111111111111
6 0.337109375 0.04583333333333333 0.01328125 0.027777777777777776
6 0.307421875 0.035416666666666666 0.01328125 0.02361111111111111
6 0.719140625 0.029861111111111113 0.00859375 0.02638888888888889
6 0.740625 0.027083333333333334 0.0109375 0.029166666666666667
6 0.646875 0.03333333333333333 0.0171875 0.030555555555555555
6 0.073046875 0.23194444444444445 0.01640625 0.05
6 0.1703125 0.15555555555555556 0.0140625 0.022222222222222223
6 0.194140625 0.14444444444444443 0.01171875 0.022222222222222223
6 0.521484375 0.08472222222222223 0.01015625 0.030555555555555555
6 0.352734375 0.008333333333333333 0.01015625 0.016666666666666666
6 0.01328125 0.9104166666666667 0.01875 0.04027777777777778
