6 0.8525 0.19056603773584907 0.041 0.07924528301886792
6 0.4135 0.31981132075471697 0.035 0.08113207547169811
6 0.3535 0.22830188679245284 0.031 0.06792452830188679
6 0.9325 0.35566037735849054 0.031 0.08867924528301886
6 0.2075 0.6962264150943396 0.071 0.12452830188679245
6 0.5665 0.04339622641509434 0.021 0.045283018867924525
6 0.7285 0.04245283018867924 0.019 0.0509433962264151
6 0.762 0.06415094339622641 0.02 0.052830188679245285
6 0.7805 0.1349056603773585 0.031 0.08113207547169811
6 0.817 0.10377358490566038 0.03 0.06792452830188679
6 0.805 0.0509433962264151 0.024 0.05660377358490566
6 0.868 0.06132075471698113 0.028 0.062264150943396226
6 0.91 0.02547169811320755 0.022 0.04716981132075472
