6 0.64296875 0.8909722222222223 0.01875 0.06805555555555555
6 0.6984375 0.94375 0.021875 0.0625
6 0.628515625 0.6951388888888889 0.01796875 0.05416666666666667
6 0.339453125 0.86875 0.02109375 0.04861111111111111
6 0.482421875 0.22569444444444445 0.01171875 0.0375
6 0.485546875 0.17152777777777778 0.01328125 0.02638888888888889
6 0.548828125 0.24930555555555556 0.01171875 0.029166666666666667
6 0.571484375 0.17430555555555555 0.01171875 0.029166666666666667
6 0.46796875 0.1701388888888889 0.0125 0.029166666666666667
6 0.301953125 0.3590277777777778 0.01484375 0.03194444444444444
6 0.2890625 0.22013888888888888 0.0109375 0.029166666666666667
6 0.307421875 0.18819444444444444 0.01171875 0.029166666666666667
6 0.331640625 0.19375 0.01171875 0.029166666666666667
6 0.48515625 0.058333333333333334 0.0078125 0.027777777777777776
