6 0.726953125 0.8618055555555556 0.02421875 0.05138888888888889
6 0.453515625 0.8423611111111111 0.01953125 0.03194444444444444
6 0.51328125 0.8361111111111111 0.0234375 0.03888888888888889
6 0.546875 0.9513888888888888 0.0203125 0.044444444444444446
6 0.429296875 0.5763888888888888 0.01640625 0.027777777777777776
6 0.6171875 0.5069444444444444 0.0203125 0.03888888888888889
6 0.615234375 0.4340277777777778 0.01640625 0.029166666666666667
6 0.510546875 0.11180555555555556 0.01171875 0.02638888888888889
6 0.766015625 0.5951388888888889 0.01484375 0.034722222222222224
6 0.62265625 0.2388888888888889 0.0125 0.027777777777777776
6 0.603125 0.18263888888888888 0.0109375 0.02638888888888889
6 0.579296875 0.11666666666666667 0.01171875 0.022222222222222223
6 0.56171875 0.11180555555555556 0.0109375 0.02361111111111111
6 0.572265625 0.08125 0.00859375 0.02361111111111111
6 0.558203125 0.059722222222222225 0.00859375 0.025
6 0.54296875 0.020833333333333332 0.0078125 0.019444444444444445
6 0.366015625 0.03333333333333333 0.00703125 0.016666666666666666
6 0.347265625 0.06944444444444445 0.01171875 0.022222222222222223
