6 0.290234375 0.667192429022082 0.05078125 0.15457413249211358
6 0.121484375 0.8785488958990536 0.07109375 0.19873817034700317
6 0.6625 0.1529968454258675 0.0140625 0.04100946372239748
6 0.52578125 0.1719242902208202 0.0125 0.0473186119873817
6 0.48671875 0.20741324921135645 0.0140625 0.0583596214511041
6 0.433203125 0.22397476340694006 0.01328125 0.04416403785488959
6 0.412109375 0.21451104100946372 0.01484375 0.04416403785488959
6 0.637890625 0.03706624605678233 0.00859375 0.026813880126182965
6 0.484375 0.21608832807570977 0.015625 0.031545741324921134
6 0.47734375 0.7152996845425867 0.0375 0.09621451104100946
6 0.479296875 0.5520504731861199 0.02734375 0.05993690851735016
6 0.45078125 0.1971608832807571 0.0140625 0.03470031545741325
6 0.454296875 0.14511041009463724 0.01171875 0.028391167192429023
6 0.455859375 0.09542586750788644 0.00859375 0.02365930599369085
