6 0.697265625 0.1719242902208202 0.01796875 0.056782334384858045
6 0.79140625 0.43690851735015773 0.0375 0.10410094637223975
6 0.4453125 0.5 0.028125 0.0914826498422713
6 0.395703125 0.2705047318611987 0.01796875 0.04574132492113565
6 0.482421875 0.04810725552050473 0.00859375 0.026813880126182965
6 0.49765625 0.06072555205047318 0.009375 0.02996845425867508
6 0.55546875 0.007886435331230283 0.0078125 0.015772870662460567
6 0.644140625 0.02996845425867508 0.00859375 0.022082018927444796
6 0.6328125 0.02996845425867508 0.009375 0.022082018927444796
6 0.67578125 0.13170347003154576 0.015625 0.04258675078864353
