6 0.44453125 0.9069444444444444 0.025 0.03611111111111111
6 0.479296875 0.9076388888888889 0.02578125 0.0375
6 0.640625 0.7423611111111111 0.0109375 0.034722222222222224
6 0.630078125 0.6861111111111111 0.01015625 0.03611111111111111
6 0.6203125 0.6298611111111111 0.00625 0.029166666666666667
6 0.632421875 0.6409722222222223 0.00859375 0.029166666666666667
6 0.662109375 0.6513888888888889 0.01171875 0.027777777777777776
6 0.575390625 0.6777777777777778 0.01015625 0.03611111111111111
6 0.5984375 0.5798611111111112 0.0078125 0.029166666666666667
6 0.603515625 0.55 0.01328125 0.030555555555555555
6 0.590625 0.5527777777777778 0.0125 0.027777777777777776
6 0.555078125 0.54375 0.00859375 0.029166666666666667
6 0.57421875 0.5201388888888889 0.0109375 0.029166666666666667
6 0.58515625 0.5194444444444445 0.0109375 0.027777777777777776
6 0.62578125 0.5013888888888889 0.009375 0.030555555555555555
6 0.608203125 0.4465277777777778 0.00703125 0.029166666666666667
6 0.617578125 0.4326388888888889 0.00859375 0.029166666666666667
6 0.635546875 0.47152777777777777 0.01015625 0.029166666666666667
6 0.643359375 0.5368055555555555 0.01015625 0.029166666666666667
6 0.62265625 0.47152777777777777 0.009375 0.02361111111111111
6 0.62890625 0.4465277777777778 0.0109375 0.02361111111111111
6 0.49140625 0.44930555555555557 0.009375 0.029166666666666667
6 0.7 0.8652777777777778 0.015625 0.03611111111111111
6 0.708203125 0.84375 0.01328125 0.034722222222222224
6 0.69375 0.7944444444444444 0.0125 0.03611111111111111
6 0.71484375 0.7527777777777778 0.0125 0.03333333333333333
6 0.73359375 0.7486111111111111 0.0125 0.03333333333333333
6 0.482421875 0.3770833333333333 0.01015625 0.03194444444444444
6 0.514453125 0.35833333333333334 0.00859375 0.025
6 0.5046875 0.3194444444444444 0.0078125 0.019444444444444445
6 0.51484375 0.3145833333333333 0.0109375 0.02638888888888889
6 0.49921875 0.25069444444444444 0.0078125 0.018055555555555554
6 0.48984375 0.2388888888888889 0.0078125 0.022222222222222223
6 0.561328125 0.2611111111111111 0.00703125 0.019444444444444445
6 0.572265625 0.2548611111111111 0.00859375 0.020833333333333332
6 0.4984375 0.19375 0.0078125 0.020833333333333332
6 0.477734375 0.11527777777777778 0.00546875 0.019444444444444445
6 0.48359375 0.1076388888888889 0.0046875 0.015277777777777777
6 0.48984375 0.11597222222222223 0.00625 0.015277777777777777
6 0.323828125 0.23541666666666666 0.01015625 0.02361111111111111
6 0.366796875 0.1673611111111111 0.01015625 0.018055555555555554
6 0.36328125 0.03263888888888889 0.00625 0.0125
6 0.373828125 0.015277777777777777 0.00546875 0.013888888888888888
6 0.073828125 0.8548611111111111 0.02109375 0.04027777777777778
6 0.434765625 0.12569444444444444 0.00703125 0.018055555555555554
