6 0.426171875 0.4037854889589905 0.02421875 0.0694006309148265
6 0.6671875 0.2279179810725552 0.01875 0.07097791798107256
6 0.72265625 0.3083596214511041 0.0296875 0.08990536277602523
6 0.834765625 0.37618296529968454 0.03359375 0.07728706624605679
6 0.341796875 0.5047318611987381 0.03046875 0.07255520504731862
6 0.788671875 0.556782334384858 0.03984375 0.14195583596214512
6 0.625 0.11987381703470032 0.0140625 0.056782334384858045
6 0.68515625 0.18138801261829654 0.0203125 0.07255520504731862
6 0.741015625 0.08675078864353312 0.01640625 0.05362776025236593
6 0.649609375 0.13643533123028392 0.01484375 0.055205047318611984
6 0.71171875 0.11829652996845426 0.015625 0.05362776025236593
6 0.48046875 0.15063091482649843 0.0140625 0.04889589905362776
6 0.469921875 0.09305993690851735 0.01171875 0.03785488958990536
6 0.421484375 0.3028391167192429 0.02109375 0.056782334384858045
6 0.54609375 0.007886435331230283 0.009375 0.015772870662460567
6 0.644140625 0.09227129337539432 0.01640625 0.04889589905362776
6 0.6703125 0.08990536277602523 0.0171875 0.056782334384858045
6 0.679296875 0.11987381703470032 0.01640625 0.06309148264984227
