6 0.41875 0.21056782334384858 0.0140625 0.04258675078864353
6 0.361328125 0.4834384858044164 0.02578125 0.06466876971608833
6 0.406640625 0.30757097791798105 0.01796875 0.05362776025236593
6 0.45078125 0.3422712933753943 0.0203125 0.056782334384858045
6 0.72890625 0.6837539432176656 0.0421875 0.13722397476340695
6 0.50546875 0.415615141955836 0.025 0.061514195583596214
6 0.39453125 0.555993690851735 0.0296875 0.0804416403785489
6 0.29609375 0.557570977917981 0.0265625 0.08675078864353312
6 0.308203125 0.4645110410094637 0.02421875 0.04574132492113565
6 0.63125 0.05914826498422713 0.0109375 0.033123028391167195
6 0.496875 0.033123028391167195 0.009375 0.022082018927444796
