6 0.7703125 0.9333333333333333 0.0203125 0.04722222222222222
6 0.75078125 0.9840277777777777 0.0265625 0.029166666666666667
6 0.483984375 0.8194444444444444 0.02109375 0.03333333333333333
6 0.49453125 0.9638888888888889 0.028125 0.03888888888888889
6 0.33671875 0.4465277777777778 0.015625 0.029166666666666667
6 0.73515625 0.5958333333333333 0.0171875 0.03333333333333333
6 0.354296875 0.3680555555555556 0.01640625 0.027777777777777776
6 0.328125 0.38680555555555557 0.0125 0.020833333333333332
6 0.38671875 0.33194444444444443 0.015625 0.016666666666666666
6 0.375 0.29097222222222224 0.0125 0.018055555555555554
6 0.299609375 0.1736111111111111 0.01015625 0.022222222222222223
6 0.299609375 0.1375 0.01015625 0.022222222222222223
6 0.57578125 0.40069444444444446 0.0125 0.029166666666666667
6 0.7234375 0.5368055555555555 0.01875 0.0375
6 0.6875 0.4097222222222222 0.015625 0.027777777777777776
6 0.531640625 0.2847222222222222 0.01484375 0.025
6 0.56796875 0.2423611111111111 0.015625 0.029166666666666667
6 0.47734375 0.19166666666666668 0.0125 0.025
6 0.504296875 0.1701388888888889 0.01015625 0.02361111111111111
6 0.478515625 0.1486111111111111 0.01328125 0.022222222222222223
6 0.43671875 0.09791666666666667 0.0140625 0.020833333333333332
6 0.378125 0.034027777777777775 0.0109375 0.020833333333333332
6 0.36875 0.35625 0.0140625 0.02638888888888889
6 0.798046875 0.6777777777777778 0.02109375 0.03888888888888889
6 0.46015625 0.11666666666666667 0.0140625 0.025
