6 0.729296875 0.8694444444444445 0.05546875 0.10277777777777777
6 0.42109375 0.30277777777777776 0.025 0.05555555555555555
6 0.3984375 0.21944444444444444 0.01875 0.044444444444444446
6 0.526953125 0.9236111111111112 0.05078125 0.12222222222222222
6 0.85625 0.44166666666666665 0.0453125 0.11388888888888889
6 0.73203125 0.33055555555555555 0.03125 0.075
6 0.98203125 0.5222222222222223 0.0328125 0.09722222222222222
6 0.4140625 0.06319444444444444 0.0125 0.03194444444444444
6 0.41328125 0.14652777777777778 0.0109375 0.03194444444444444
6 0.388671875 0.4875 0.03046875 0.08055555555555556
6 0.7875 0.36736111111111114 0.03125 0.04583333333333333
6 0.399609375 0.10347222222222222 0.01484375 0.03194444444444444
6 0.709765625 0.26666666666666666 0.02578125 0.06388888888888888
