6 0.2703125 0.7208333333333333 0.015625 0.03611111111111111
6 0.893359375 0.44166666666666665 0.01328125 0.03611111111111111
6 0.9109375 0.4513888888888889 0.0109375 0.03333333333333333
6 0.869921875 0.49375 0.01171875 0.043055555555555555
6 0.898828125 0.4777777777777778 0.01015625 0.027777777777777776
6 0.86640625 0.6736111111111112 0.0140625 0.044444444444444446
6 0.563671875 0.5513888888888889 0.01015625 0.03888888888888889
6 0.91796875 0.07569444444444444 0.009375 0.020833333333333332
6 0.900390625 0.09236111111111112 0.00859375 0.02361111111111111
6 0.894140625 0.13680555555555557 0.01015625 0.02638888888888889
6 0.91484375 0.13541666666666666 0.009375 0.02361111111111111
6 0.91953125 0.10833333333333334 0.0078125 0.019444444444444445
6 0.85703125 0.20972222222222223 0.0109375 0.027777777777777776
6 0.940234375 0.2972222222222222 0.01015625 0.027777777777777776
6 0.914453125 0.22083333333333333 0.01015625 0.027777777777777776
6 0.801171875 0.22361111111111112 0.01171875 0.030555555555555555
6 0.709375 0.2625 0.0109375 0.03888888888888889
6 0.7578125 0.26458333333333334 0.0109375 0.029166666666666667
6 0.761328125 0.28958333333333336 0.01171875 0.029166666666666667
6 0.808203125 0.04027777777777778 0.00703125 0.022222222222222223
6 0.703125 0.03194444444444444 0.0109375 0.022222222222222223
6 0.65859375 0.125 0.0109375 0.025
6 0.644140625 0.2 0.00859375 0.030555555555555555
6 0.613671875 0.17152777777777778 0.01171875 0.02638888888888889
6 0.594921875 0.16180555555555556 0.01171875 0.02638888888888889
6 0.598828125 0.2048611111111111 0.00859375 0.03194444444444444
6 0.35546875 0.31875 0.0140625 0.029166666666666667
6 0.41640625 0.15208333333333332 0.0125 0.03194444444444444
6 0.5 0.03819444444444445 0.0109375 0.020833333333333332
6 0.354296875 0.16319444444444445 0.01328125 0.02638888888888889
6 0.188671875 0.6694444444444444 0.01328125 0.03611111111111111
6 0.278125 0.5631944444444444 0.015625 0.0375
6 0.333984375 0.5069444444444444 0.01484375 0.030555555555555555
6 0.57109375 0.20416666666666666 0.0109375 0.025
6 0.551953125 0.22569444444444445 0.01171875 0.029166666666666667
6 0.57109375 0.2423611111111111 0.0140625 0.018055555555555554
6 0.585546875 0.21180555555555555 0.01015625 0.03194444444444444
6 0.74375 0.3923611111111111 0.0109375 0.03194444444444444
6 0.69453125 0.6326388888888889 0.0140625 0.02361111111111111
6 0.20390625 0.3138888888888889 0.021875 0.03888888888888889
6 0.7375 0.36527777777777776 0.0078125 0.027777777777777776
6 0.66953125 0.6256944444444444 0.0078125 0.03194444444444444
6 0.61171875 0.7868055555555555 0.015625 0.034722222222222224
6 0.501953125 0.06041666666666667 0.01171875 0.020833333333333332
6 0.7109375 0.008333333333333333 0.0078125 0.016666666666666666
6 0.519140625 0.4979166666666667 0.01015625 0.018055555555555554
6 0.878125 0.010416666666666666 0.0078125 0.018055555555555554
