6 0.5359375 0.7229166666666667 0.0140625 0.034722222222222224
6 0.526171875 0.6298611111111111 0.01328125 0.034722222222222224
6 0.616015625 0.5715277777777777 0.01328125 0.034722222222222224
6 0.643359375 0.5416666666666666 0.01171875 0.030555555555555555
6 0.54453125 0.48680555555555555 0.0125 0.029166666666666667
6 0.380859375 0.6458333333333334 0.01015625 0.025
6 0.381640625 0.7819444444444444 0.01171875 0.025
6 0.378515625 0.6048611111111111 0.01171875 0.02638888888888889
6 0.3796875 0.5729166666666666 0.0109375 0.02361111111111111
6 0.3953125 0.44375 0.009375 0.02361111111111111
6 0.468359375 0.7722222222222223 0.01484375 0.03333333333333333
6 0.3609375 0.42916666666666664 0.0078125 0.019444444444444445
6 0.367578125 0.3840277777777778 0.00703125 0.015277777777777777
6 0.3546875 0.38472222222222224 0.0078125 0.016666666666666666
6 0.372265625 0.38263888888888886 0.00703125 0.020833333333333332
6 0.3796875 0.3701388888888889 0.0078125 0.018055555555555554
6 0.38671875 0.3770833333333333 0.009375 0.020833333333333332
6 0.396875 0.38819444444444445 0.009375 0.020833333333333332
6 0.327734375 0.30972222222222223 0.00859375 0.019444444444444445
6 0.3828125 0.24444444444444444 0.0078125 0.016666666666666666
6 0.26484375 0.1798611111111111 0.00625 0.018055555555555554
6 0.27890625 0.15 0.0078125 0.025
6 0.47421875 0.2708333333333333 0.009375 0.027777777777777776
6 0.490234375 0.2743055555555556 0.00859375 0.018055555555555554
6 0.5 0.2826388888888889 0.00625 0.015277777777777777
6 0.48046875 0.2708333333333333 0.0046875 0.011111111111111112
6 0.47578125 0.3402777777777778 0.009375 0.019444444444444445
6 0.468359375 0.33402777777777776 0.00546875 0.009722222222222222
6 0.41953125 0.8875 0.0140625 0.03333333333333333
6 0.442578125 0.9138888888888889 0.01328125 0.03333333333333333
6 0.44140625 0.8381944444444445 0.0140625 0.034722222222222224
6 0.400390625 0.9222222222222223 0.01171875 0.03333333333333333
6 0.401953125 0.9763888888888889 0.01328125 0.03333333333333333
6 0.20078125 0.6659722222222222 0.0109375 0.020833333333333332
6 0.212109375 0.3819444444444444 0.00859375 0.022222222222222223
6 0.1140625 0.09444444444444444 0.0046875 0.011111111111111112
6 0.125390625 0.07777777777777778 0.00546875 0.013888888888888888
6 0.12421875 0.019444444444444445 0.00625 0.016666666666666666
6 0.10390625 0.013888888888888888 0.0046875 0.013888888888888888
6 0.2125 0.04722222222222222 0.00625 0.016666666666666666
6 0.2296875 0.08194444444444444 0.0078125 0.016666666666666666
6 0.278125 0.21944444444444444 0.0078125 0.016666666666666666
6 0.300390625 0.2743055555555556 0.00703125 0.015277777777777777
6 0.306640625 0.28541666666666665 0.00859375 0.018055555555555554
6 0.317578125 0.2986111111111111 0.00703125 0.016666666666666666
6 0.413671875 0.3194444444444444 0.01015625 0.027777777777777776
6 0.391796875 0.225 0.00859375 0.016666666666666666
6 0.397265625 0.21875 0.00703125 0.020833333333333332
