6 0.79375 0.4270833333333333 0.046875 0.10694444444444444
6 0.6171875 0.1840277777777778 0.01875 0.05416666666666667
6 0.567578125 0.16319444444444445 0.01796875 0.05138888888888889
6 0.30234375 0.10972222222222222 0.0125 0.03611111111111111
6 0.362109375 0.6458333333333334 0.03515625 0.10833333333333334
6 0.335546875 0.16944444444444445 0.01640625 0.03888888888888889
6 0.316796875 0.022916666666666665 0.01171875 0.03194444444444444
6 0.4125 0.04583333333333333 0.0109375 0.03333333333333333
6 0.574609375 0.13055555555555556 0.01015625 0.03333333333333333
6 0.302734375 0.04652777777777778 0.01484375 0.02638888888888889
