6 0.840234375 0.5222222222222223 0.06484375 0.12222222222222222
6 0.761328125 0.5479166666666667 0.06015625 0.14027777777777778
6 0.483203125 0.14305555555555555 0.01484375 0.05555555555555555
6 0.341796875 0.3902777777777778 0.03046875 0.06388888888888888
6 0.2953125 0.06805555555555555 0.0140625 0.03333333333333333
6 0.604296875 0.20555555555555555 0.02890625 0.06666666666666667
6 0.61640625 0.3326388888888889 0.0359375 0.08472222222222223
6 0.657421875 0.31527777777777777 0.03046875 0.08333333333333333
6 0.30859375 0.56875 0.0421875 0.08194444444444444
6 0.45 0.04722222222222222 0.015625 0.041666666666666664
