6 0.650390625 0.8993055555555556 0.01328125 0.029166666666666667
6 0.65234375 0.9472222222222222 0.0203125 0.03888888888888889
6 0.68203125 0.8236111111111111 0.009375 0.030555555555555555
6 0.615625 0.9090277777777778 0.0109375 0.0375
6 0.6171875 0.7847222222222222 0.0125 0.019444444444444445
6 0.602734375 0.7069444444444445 0.00859375 0.019444444444444445
6 0.603515625 0.6583333333333333 0.00859375 0.019444444444444445
6 0.59921875 0.5923611111111111 0.009375 0.020833333333333332
6 0.546875 0.4131944444444444 0.009375 0.018055555555555554
6 0.598046875 0.5555555555555556 0.00859375 0.019444444444444445
6 0.725390625 0.8534722222222222 0.01484375 0.029166666666666667
6 0.71015625 0.8236111111111111 0.0140625 0.027777777777777776
6 0.660546875 0.8722222222222222 0.00859375 0.030555555555555555
6 0.631640625 0.8965277777777778 0.01015625 0.0375
6 0.61796875 0.8472222222222222 0.009375 0.027777777777777776
6 0.57578125 0.8159722222222222 0.0125 0.020833333333333332
6 0.626171875 0.4048611111111111 0.01015625 0.02638888888888889
6 0.661328125 0.45555555555555555 0.00859375 0.025
6 0.215625 0.7659722222222223 0.0171875 0.03194444444444444
6 0.409375 0.10069444444444445 0.00625 0.015277777777777777
6 0.380078125 0.2125 0.00859375 0.016666666666666666
6 0.33125 0.30069444444444443 0.0109375 0.02361111111111111
6 0.511328125 0.5701388888888889 0.00859375 0.02638888888888889
6 0.609375 0.7458333333333333 0.0078125 0.027777777777777776
6 0.60390625 0.625 0.009375 0.019444444444444445
6 0.593359375 0.4465277777777778 0.01015625 0.02361111111111111
6 0.05078125 0.95625 0.0296875 0.043055555555555555
6 0.153515625 0.23472222222222222 0.01796875 0.022222222222222223
6 0.50078125 0.024305555555555556 0.0078125 0.018055555555555554
6 0.501953125 0.12986111111111112 0.00703125 0.018055555555555554
6 0.61328125 0.8291666666666667 0.0109375 0.027777777777777776
6 0.569921875 0.10833333333333334 0.00859375 0.016666666666666666
