6 0.605859375 0.6180555555555556 0.01796875 0.041666666666666664
6 0.607421875 0.4166666666666667 0.01328125 0.03611111111111111
6 0.447265625 0.8152777777777778 0.02109375 0.03888888888888889
6 0.464453125 0.7493055555555556 0.02109375 0.034722222222222224
6 0.503515625 0.5715277777777777 0.01796875 0.04583333333333333
6 0.4359375 0.4236111111111111 0.0203125 0.027777777777777776
6 0.4171875 0.3875 0.015625 0.025
6 0.53125 0.1673611111111111 0.0078125 0.02361111111111111
6 0.547265625 0.2361111111111111 0.01796875 0.027777777777777776
6 0.558203125 0.20694444444444443 0.01640625 0.027777777777777776
6 0.581640625 0.2875 0.01484375 0.030555555555555555
6 0.742578125 0.5340277777777778 0.01796875 0.04861111111111111
6 0.816015625 0.7340277777777777 0.02578125 0.04861111111111111
6 0.417578125 0.1125 0.00703125 0.019444444444444445
6 0.3765625 0.04583333333333333 0.00625 0.019444444444444445
6 0.399609375 0.04027777777777778 0.00703125 0.019444444444444445
6 0.399609375 0.04027777777777778 0.00703125 0.019444444444444445
6 0.402734375 0.018055555555555554 0.00703125 0.019444444444444445
6 0.3515625 0.07361111111111111 0.0125 0.019444444444444445
6 0.341015625 0.05486111111111111 0.01171875 0.020833333333333332
6 0.861328125 0.8493055555555555 0.02421875 0.0625
