6 0.2265 0.30471698113207546 0.033 0.07358490566037736
6 0.709 0.32452830188679244 0.032 0.07169811320754717
6 0.2485 0.20471698113207548 0.025 0.06981132075471698
6 0.274 0.8566037735849057 0.06 0.15471698113207547
6 0.8805 0.8075471698113208 0.079 0.16981132075471697
6 0.696 0.25754716981132075 0.032 0.05849056603773585
6 0.6955 0.1509433962264151 0.021 0.045283018867924525
6 0.61 0.15283018867924528 0.024 0.05660377358490566
6 0.277 0.25660377358490566 0.032 0.06792452830188679
6 0.664 0.1018867924528302 0.016 0.04150943396226415
