6 0.419921875 0.38819444444444445 0.00859375 0.020833333333333332
6 0.696484375 0.2875 0.00859375 0.025
6 0.703515625 0.23402777777777778 0.01015625 0.02361111111111111
6 0.561328125 0.2222222222222222 0.00703125 0.022222222222222223
6 0.520703125 0.14652777777777778 0.00859375 0.020833333333333332
6 0.698046875 0.17291666666666666 0.00859375 0.020833333333333332
6 0.606640625 0.052083333333333336 0.00703125 0.018055555555555554
6 0.379296875 0.02638888888888889 0.00859375 0.019444444444444445
6 0.514453125 0.009722222222222222 0.00703125 0.016666666666666666
6 0.673046875 0.3548611111111111 0.00859375 0.029166666666666667
