6 0.682421875 0.19873817034700317 0.01484375 0.05993690851735016
6 0.409765625 0.20504731861198738 0.01484375 0.04416403785488959
6 0.409765625 0.3264984227129338 0.01796875 0.05993690851735016
6 0.65859375 0.10488958990536278 0.0125 0.03627760252365931
6 0.728125 0.2831230283911672 0.01875 0.06466876971608833
6 0.63203125 0.1608832807570978 0.015625 0.056782334384858045
6 0.6515625 0.032334384858044164 0.009375 0.02365930599369085
6 0.479296875 0.06703470031545741 0.01171875 0.02365930599369085
6 0.54140625 0.06861198738170347 0.0109375 0.026813880126182965
6 0.5078125 0.05993690851735016 0.0078125 0.025236593059936908
6 0.55078125 0.014195583596214511 0.009375 0.01892744479495268
6 0.5109375 0.013406940063091483 0.00625 0.02050473186119874
6 0.637890625 0.025236593059936908 0.01015625 0.028391167192429023
