6 0.276953125 0.8444444444444444 0.02109375 0.03888888888888889
6 0.3265625 0.49930555555555556 0.0125 0.020833333333333332
6 0.317578125 0.5527777777777778 0.01171875 0.025
6 0.3046875 0.6020833333333333 0.0140625 0.02361111111111111
6 0.32265625 0.6347222222222222 0.0125 0.025
6 0.4109375 0.6173611111111111 0.0125 0.02638888888888889
6 0.343359375 0.40069444444444446 0.01171875 0.020833333333333332
6 0.465625 0.28888888888888886 0.009375 0.016666666666666666
6 0.455078125 0.24861111111111112 0.00859375 0.019444444444444445
6 0.559765625 0.36875 0.01171875 0.02361111111111111
6 0.569140625 0.2673611111111111 0.00859375 0.020833333333333332
6 0.5625 0.19583333333333333 0.00625 0.019444444444444445
6 0.45 0.18055555555555555 0.0078125 0.019444444444444445
6 0.45703125 0.175 0.0078125 0.016666666666666666
6 0.4625 0.14722222222222223 0.009375 0.016666666666666666
6 0.728125 0.9652777777777778 0.01875 0.025
6 0.583203125 0.9208333333333333 0.02109375 0.04722222222222222
6 0.578125 0.40208333333333335 0.009375 0.02638888888888889
6 0.724609375 0.6472222222222223 0.01015625 0.027777777777777776
6 0.6640625 0.37430555555555556 0.00625 0.02638888888888889
6 0.7078125 0.2972222222222222 0.0078125 0.016666666666666666
6 0.153515625 0.6881944444444444 0.01015625 0.02361111111111111
6 0.272265625 0.03263888888888889 0.00546875 0.0125
6 0.415625 0.0375 0.00625 0.013888888888888888
6 0.44453125 0.014583333333333334 0.00625 0.0125
6 0.49375 0.14930555555555555 0.00625 0.0125
6 0.501953125 0.03333333333333333 0.00703125 0.013888888888888888
6 0.50859375 0.018055555555555554 0.00625 0.019444444444444445
6 0.527734375 0.09930555555555555 0.00703125 0.018055555555555554
6 0.548828125 0.10833333333333334 0.00703125 0.019444444444444445
6 0.6421875 0.2423611111111111 0.009375 0.02361111111111111
6 0.701953125 0.13541666666666666 0.00703125 0.0125
6 0.680078125 0.17777777777777778 0.00703125 0.019444444444444445
6 0.62890625 0.20833333333333334 0.00625 0.016666666666666666
6 0.94140625 0.06805555555555555 0.0109375 0.013888888888888888
