6 0.40546875 0.41597222222222224 0.015625 0.03194444444444444
6 0.538671875 0.43680555555555556 0.01484375 0.05416666666666667
6 0.47265625 0.2388888888888889 0.009375 0.025
6 0.366015625 0.5395833333333333 0.01796875 0.04583333333333333
6 0.45234375 0.37916666666666665 0.0140625 0.03333333333333333
6 0.40234375 0.5201388888888889 0.015625 0.0375
6 0.344140625 0.8798611111111111 0.02578125 0.059722222222222225
6 0.431640625 0.3145833333333333 0.01015625 0.02638888888888889
6 0.521875 0.07152777777777777 0.00625 0.018055555555555554
6 0.527734375 0.03680555555555556 0.00546875 0.018055555555555554
6 0.463671875 0.1388888888888889 0.00859375 0.022222222222222223
