6 0.3546875 0.7965277777777777 0.015625 0.043055555555555555
6 0.757421875 0.7673611111111112 0.01796875 0.03194444444444444
6 0.733203125 0.7604166666666666 0.01484375 0.03194444444444444
6 0.63984375 0.2076388888888889 0.00625 0.018055555555555554
6 0.65703125 0.24097222222222223 0.00625 0.018055555555555554
6 0.649609375 0.2263888888888889 0.00546875 0.016666666666666666
6 0.656640625 0.2222222222222222 0.00703125 0.019444444444444445
6 0.58984375 0.2923611111111111 0.009375 0.018055555555555554
6 0.609375 0.3888888888888889 0.0078125 0.019444444444444445
6 0.625 0.41805555555555557 0.00625 0.019444444444444445
6 0.63203125 0.43125 0.0078125 0.020833333333333332
6 0.628515625 0.39791666666666664 0.00546875 0.015277777777777777
6 0.540234375 0.18819444444444444 0.00546875 0.0125
6 0.5109375 0.1798611111111111 0.0046875 0.015277777777777777
6 0.48671875 0.11527777777777778 0.00625 0.013888888888888888
6 0.484765625 0.08611111111111111 0.00390625 0.008333333333333333
6 0.478515625 0.07708333333333334 0.00390625 0.009722222222222222
6 0.48359375 0.052083333333333336 0.003125 0.006944444444444444
6 0.498046875 0.059027777777777776 0.00546875 0.009722222222222222
6 0.50625 0.08611111111111111 0.0046875 0.011111111111111112
6 0.258203125 0.825 0.01796875 0.03888888888888889
6 0.320703125 0.9076388888888889 0.01796875 0.043055555555555555
6 0.28046875 0.6534722222222222 0.009375 0.02361111111111111
6 0.28828125 0.6180555555555556 0.0109375 0.022222222222222223
6 0.305859375 0.5784722222222223 0.00859375 0.02361111111111111
6 0.43828125 0.5506944444444445 0.0109375 0.020833333333333332
6 0.71015625 0.2951388888888889 0.00625 0.018055555555555554
6 0.7015625 0.46944444444444444 0.0078125 0.019444444444444445
6 0.701171875 0.49166666666666664 0.00859375 0.016666666666666666
6 0.701953125 0.6145833333333334 0.00859375 0.02361111111111111
6 0.57578125 0.6819444444444445 0.0109375 0.03888888888888889
6 0.576953125 0.16597222222222222 0.00546875 0.015277777777777777
6 0.5734375 0.08819444444444445 0.0046875 0.0125
