6 0.334375 0.5229166666666667 0.0109375 0.04027777777777778
6 0.305078125 0.49583333333333335 0.01015625 0.030555555555555555
6 0.476171875 0.5534722222222223 0.01015625 0.03194444444444444
6 0.5015625 0.5555555555555556 0.0125 0.030555555555555555
6 0.542578125 0.5576388888888889 0.01015625 0.02638888888888889
6 0.5015625 0.6090277777777777 0.0109375 0.029166666666666667
6 0.452734375 0.5381944444444444 0.01015625 0.029166666666666667
6 0.431640625 0.5381944444444444 0.01015625 0.02638888888888889
6 0.40234375 0.5472222222222223 0.0125 0.03333333333333333
6 0.45234375 0.5076388888888889 0.0109375 0.020833333333333332
6 0.496875 0.49444444444444446 0.0109375 0.030555555555555555
6 0.4828125 0.46944444444444444 0.0109375 0.025
6 0.589453125 0.7381944444444445 0.01171875 0.03194444444444444
6 0.511328125 0.8236111111111111 0.01171875 0.03611111111111111
6 0.19765625 0.4534722222222222 0.0078125 0.02361111111111111
6 0.53515625 0.9388888888888889 0.0140625 0.03888888888888889
6 0.494140625 0.3194444444444444 0.00859375 0.022222222222222223
6 0.4875 0.29583333333333334 0.0078125 0.022222222222222223
6 0.396875 0.2013888888888889 0.0078125 0.019444444444444445
6 0.3828125 0.07430555555555556 0.0046875 0.0125
6 0.166796875 0.08402777777777778 0.00703125 0.018055555555555554
6 0.169921875 0.04722222222222222 0.00546875 0.013888888888888888
6 0.387890625 0.01597222222222222 0.00703125 0.018055555555555554
6 0.818359375 0.5833333333333334 0.02421875 0.030555555555555555
6 0.84375 0.5833333333333334 0.025 0.030555555555555555
6 0.869140625 0.5854166666666667 0.02421875 0.034722222222222224
6 0.883203125 0.5965277777777778 0.01171875 0.02638888888888889
6 0.569140625 0.40555555555555556 0.01015625 0.025
