6 0.38828125 0.17916666666666667 0.0109375 0.016666666666666666
6 0.430078125 0.7305555555555555 0.01484375 0.03611111111111111
6 0.429296875 0.5861111111111111 0.01328125 0.027777777777777776
6 0.406640625 0.55625 0.01171875 0.03194444444444444
6 0.41328125 0.3715277777777778 0.0109375 0.02361111111111111
6 0.411328125 0.11180555555555556 0.00703125 0.015277777777777777
6 0.445703125 0.06805555555555555 0.00703125 0.022222222222222223
6 0.429296875 0.24305555555555555 0.01015625 0.019444444444444445
6 0.556640625 0.3680555555555556 0.01328125 0.03611111111111111
6 0.637109375 0.5798611111111112 0.01640625 0.0375
6 0.641015625 0.7340277777777777 0.01484375 0.05138888888888889
6 0.675 0.6722222222222223 0.015625 0.044444444444444446
6 0.68671875 0.7902777777777777 0.01875 0.05
6 0.700390625 0.4791666666666667 0.01328125 0.03888888888888889
6 0.7109375 0.5506944444444445 0.015625 0.0375
6 0.83515625 0.8638888888888889 0.025 0.05277777777777778
