6 0.444921875 0.8643533123028391 0.04921875 0.12302839116719243
6 0.647265625 0.10962145110410094 0.01328125 0.04258675078864353
6 0.521484375 0.2302839116719243 0.01796875 0.04100946372239748
6 0.384375 0.2807570977917981 0.015625 0.05362776025236593
6 0.46484375 0.2886435331230284 0.0171875 0.05362776025236593
6 0.401953125 0.30362776025236593 0.01796875 0.055205047318611984
6 0.42890625 0.26813880126182965 0.01875 0.0473186119873817
6 0.43984375 0.19479495268138802 0.0140625 0.033123028391167195
6 0.476953125 0.2137223974763407 0.01640625 0.03943217665615142
6 0.44296875 0.12618296529968454 0.0140625 0.03470031545741325
