6 0.29921875 0.6194444444444445 0.0296875 0.06111111111111111
6 0.29765625 0.5541666666666667 0.0359375 0.041666666666666664
6 0.447265625 0.34097222222222223 0.01796875 0.034722222222222224
6 0.425 0.2708333333333333 0.01875 0.025
6 0.376171875 0.2861111111111111 0.01796875 0.03333333333333333
6 0.390234375 0.13402777777777777 0.01171875 0.02638888888888889
6 0.3515625 0.11527777777777778 0.0125 0.019444444444444445
6 0.401953125 0.03611111111111111 0.00859375 0.016666666666666666
6 0.408984375 0.04722222222222222 0.00859375 0.013888888888888888
6 0.398828125 0.07777777777777778 0.00859375 0.013888888888888888
