6 0.318359375 0.8763888888888889 0.01640625 0.03611111111111111
6 0.286328125 0.10277777777777777 0.00703125 0.013888888888888888
6 0.289453125 0.1673611111111111 0.00703125 0.020833333333333332
6 0.393359375 0.12430555555555556 0.00859375 0.015277777777777777
6 0.4015625 0.10069444444444445 0.00625 0.0125
6 0.37421875 0.2861111111111111 0.0078125 0.019444444444444445
6 0.43046875 0.2534722222222222 0.0109375 0.020833333333333332
6 0.43125 0.22430555555555556 0.0078125 0.015277777777777777
6 0.391015625 0.49930555555555556 0.01171875 0.018055555555555554
6 0.34296875 0.7736111111111111 0.015625 0.027777777777777776
6 0.345703125 0.7215277777777778 0.01328125 0.02361111111111111
6 0.248046875 0.78125 0.01484375 0.02638888888888889
6 0.557421875 0.6256944444444444 0.01484375 0.03194444444444444
6 0.702734375 0.8756944444444444 0.01484375 0.029166666666666667
6 0.713671875 0.4201388888888889 0.00859375 0.018055555555555554
6 0.723828125 0.5013888888888889 0.00859375 0.022222222222222223
6 0.640625 0.4097222222222222 0.0109375 0.030555555555555555
6 0.53984375 0.23541666666666666 0.0046875 0.018055555555555554
6 0.527734375 0.1736111111111111 0.00390625 0.013888888888888888
6 0.501171875 0.17291666666666666 0.00546875 0.0125
6 0.5140625 0.12777777777777777 0.0046875 0.011111111111111112
6 0.528515625 0.08819444444444445 0.00390625 0.0125
6 0.132421875 0.7416666666666667 0.01171875 0.022222222222222223
6 0.223046875 0.26180555555555557 0.00703125 0.015277777777777777
6 0.196875 0.2361111111111111 0.00625 0.013888888888888888
6 0.1984375 0.21319444444444444 0.00625 0.0125
6 0.176171875 0.06805555555555555 0.00703125 0.011111111111111112
6 0.40546875 0.019444444444444445 0.00625 0.011111111111111112
6 0.293359375 0.9534722222222223 0.01640625 0.034722222222222224
6 0.617578125 0.27708333333333335 0.00703125 0.020833333333333332
6 0.65390625 0.2111111111111111 0.00625 0.019444444444444445
6 0.603515625 0.24513888888888888 0.00703125 0.020833333333333332
6 0.682421875 0.15486111111111112 0.00703125 0.018055555555555554
6 0.675 0.1701388888888889 0.00625 0.015277777777777777
6 0.521875 0.06458333333333334 0.00625 0.0125
6 0.474609375 0.07708333333333334 0.00546875 0.015277777777777777
6 0.424609375 0.041666666666666664 0.00546875 0.011111111111111112
6 0.4296875 0.05 0.0046875 0.011111111111111112
6 0.425 0.06111111111111111 0.00625 0.011111111111111112
6 0.41640625 0.0625 0.00625 0.016666666666666666
6 0.42578125 0.08194444444444444 0.00625 0.013888888888888888
6 0.421875 0.11875 0.00625 0.0125
6 0.430859375 0.12361111111111112 0.00703125 0.013888888888888888
