6 0.88125 0.7350157728706624 0.05625 0.17034700315457413
6 0.3046875 0.4968454258675079 0.034375 0.07886435331230283
6 0.71015625 0.5615141955835962 0.04375 0.12302839116719243
6 0.77421875 0.5591482649842271 0.0390625 0.12145110410094637
6 0.71015625 0.2334384858044164 0.01875 0.06309148264984227
6 0.47578125 0.12302839116719243 0.0125 0.03785488958990536
6 0.658203125 0.07334384858044164 0.01171875 0.03627760252365931
6 0.465234375 0.0914826498422713 0.01171875 0.031545741324921134
6 0.51796875 0.021293375394321766 0.00625 0.02365930599369085
6 0.55 0.027602523659305992 0.009375 0.02365930599369085
6 0.67109375 0.08753943217665615 0.0140625 0.02996845425867508
