6 0.49375 0.8888888888888888 0.0125 0.03611111111111111
6 0.584765625 0.8277777777777777 0.01328125 0.03611111111111111
6 0.555859375 0.7611111111111111 0.01328125 0.03611111111111111
6 0.4578125 0.32222222222222224 0.00625 0.013888888888888888
6 0.36796875 0.4909722222222222 0.009375 0.020833333333333332
6 0.569140625 0.25277777777777777 0.00546875 0.025
6 0.56640625 0.23194444444444445 0.00625 0.022222222222222223
6 0.466015625 0.28125 0.00703125 0.015277777777777777
6 0.465234375 0.25833333333333336 0.00703125 0.013888888888888888
6 0.4703125 0.1625 0.00625 0.013888888888888888
6 0.42890625 0.2111111111111111 0.00625 0.013888888888888888
6 0.3671875 0.3402777777777778 0.0078125 0.019444444444444445
6 0.277734375 0.4826388888888889 0.00703125 0.018055555555555554
6 0.283203125 0.5069444444444444 0.00703125 0.016666666666666666
6 0.27109375 0.3763888888888889 0.0078125 0.016666666666666666
6 0.364453125 0.9069444444444444 0.01484375 0.03611111111111111
6 0.3765625 0.8013888888888889 0.0140625 0.03611111111111111
6 0.230859375 0.975 0.01484375 0.03611111111111111
6 0.287109375 0.825 0.01171875 0.027777777777777776
6 0.283984375 0.7770833333333333 0.01171875 0.029166666666666667
6 0.6578125 0.38263888888888886 0.00625 0.02361111111111111
6 0.178125 0.96875 0.0125 0.02638888888888889
6 0.2515625 0.6368055555555555 0.0078125 0.018055555555555554
6 0.641015625 0.2763888888888889 0.00703125 0.019444444444444445
6 0.67421875 0.22361111111111112 0.00625 0.016666666666666666
6 0.735546875 0.7548611111111111 0.01171875 0.018055555555555554
6 0.7421875 0.6791666666666667 0.009375 0.030555555555555555
