6 0.473828125 0.45555555555555555 0.02890625 0.075
6 0.625390625 0.23125 0.01796875 0.04861111111111111
6 0.53828125 0.5416666666666666 0.0328125 0.075
6 0.633984375 0.40347222222222223 0.02890625 0.06527777777777778
6 0.3328125 0.20902777777777778 0.0140625 0.04861111111111111
6 0.5265625 0.4375 0.025 0.06388888888888888
6 0.980078125 0.625 0.03828125 0.14444444444444443
6 0.726953125 0.32013888888888886 0.02265625 0.05694444444444444
6 0.8703125 0.7854166666666667 0.0765625 0.19027777777777777
6 0.445703125 0.059027777777777776 0.01171875 0.03194444444444444
6 0.46796875 0.07430555555555556 0.009375 0.029166666666666667
