6 0.603515625 0.88125 0.01171875 0.02361111111111111
6 0.56328125 0.8416666666666667 0.0109375 0.030555555555555555
6 0.653515625 0.9527777777777777 0.02265625 0.027777777777777776
6 0.637890625 0.9229166666666667 0.01171875 0.02638888888888889
6 0.64609375 0.9006944444444445 0.0109375 0.02638888888888889
6 0.61875 0.9236111111111112 0.0109375 0.027777777777777776
6 0.601953125 0.9298611111111111 0.01328125 0.02638888888888889
6 0.710546875 0.8805555555555555 0.01484375 0.03611111111111111
6 0.6859375 0.74375 0.0125 0.02638888888888889
6 0.665625 0.6256944444444444 0.0125 0.02638888888888889
6 0.640625 0.8388888888888889 0.0109375 0.030555555555555555
6 0.476953125 0.02847222222222222 0.00546875 0.015277777777777777
6 0.259765625 0.6020833333333333 0.01328125 0.029166666666666667
6 0.387109375 0.11805555555555555 0.00703125 0.013888888888888888
6 0.406640625 0.07916666666666666 0.00546875 0.011111111111111112
6 0.500390625 0.5888888888888889 0.01015625 0.025
6 0.56015625 0.5631944444444444 0.0109375 0.02361111111111111
6 0.57265625 0.3951388888888889 0.009375 0.02361111111111111
6 0.553125 0.3659722222222222 0.0109375 0.02361111111111111
6 0.57265625 0.3451388888888889 0.0078125 0.020833333333333332
6 0.545703125 0.33402777777777776 0.01015625 0.018055555555555554
6 0.5296875 0.3368055555555556 0.009375 0.020833333333333332
6 0.5171875 0.3034722222222222 0.009375 0.018055555555555554
6 0.52421875 0.2972222222222222 0.00625 0.019444444444444445
6 0.520703125 0.2777777777777778 0.00703125 0.016666666666666666
6 0.513671875 0.25277777777777777 0.00703125 0.019444444444444445
6 0.483203125 0.059722222222222225 0.00390625 0.013888888888888888
