6 0.5921875 0.9284722222222223 0.01875 0.0375
6 0.54453125 0.24861111111111112 0.0109375 0.03333333333333333
6 0.56015625 0.23541666666666666 0.0078125 0.029166666666666667
6 0.54765625 0.20833333333333334 0.009375 0.027777777777777776
6 0.56328125 0.20694444444444443 0.009375 0.027777777777777776
6 0.569921875 0.18333333333333332 0.01015625 0.027777777777777776
6 0.723828125 0.5479166666666667 0.01796875 0.04861111111111111
6 0.733984375 0.47708333333333336 0.01484375 0.04861111111111111
6 0.846484375 0.37083333333333335 0.01171875 0.03888888888888889
6 0.850390625 0.6486111111111111 0.01328125 0.044444444444444446
6 0.8671875 0.6944444444444444 0.0140625 0.041666666666666664
6 0.95078125 0.3923611111111111 0.0109375 0.03194444444444444
6 0.9640625 0.5347222222222222 0.0140625 0.044444444444444446
6 0.908203125 0.7027777777777777 0.01171875 0.041666666666666664
6 0.94140625 0.7965277777777777 0.0171875 0.04861111111111111
6 0.928125 0.8451388888888889 0.0140625 0.04027777777777778
6 0.902734375 0.9486111111111111 0.01953125 0.044444444444444446
6 0.965234375 0.8548611111111111 0.01640625 0.0375
6 0.57421875 0.09236111111111112 0.0078125 0.02361111111111111
6 0.583984375 0.08333333333333333 0.00859375 0.022222222222222223
6 0.55859375 0.04583333333333333 0.0078125 0.019444444444444445
6 0.787109375 0.17569444444444443 0.01015625 0.02361111111111111
6 0.786328125 0.05555555555555555 0.00703125 0.022222222222222223
6 0.864453125 0.46944444444444444 0.00859375 0.03333333333333333
6 0.878125 0.09027777777777778 0.009375 0.03333333333333333
6 0.797265625 0.11388888888888889 0.00859375 0.022222222222222223
6 0.506640625 0.8368055555555556 0.01640625 0.04027777777777778
6 0.362890625 0.08055555555555556 0.01015625 0.03611111111111111
