6 0.109765625 0.6305555555555555 0.01640625 0.027777777777777776
6 0.0609375 0.6298611111111111 0.0234375 0.0375
6 0.105859375 0.43472222222222223 0.01953125 0.027777777777777776
6 0.123046875 0.5361111111111111 0.01328125 0.030555555555555555
6 0.2625 0.5458333333333333 0.021875 0.030555555555555555
6 0.312890625 0.38680555555555557 0.01328125 0.029166666666666667
6 0.204296875 0.31527777777777777 0.01328125 0.022222222222222223
6 0.258984375 0.2388888888888889 0.01328125 0.025
6 0.36640625 0.16180555555555556 0.0125 0.020833333333333332
6 0.3859375 0.14652777777777778 0.0109375 0.020833333333333332
6 0.4015625 0.1527777777777778 0.009375 0.025
6 0.421875 0.1361111111111111 0.009375 0.022222222222222223
6 0.528515625 0.027777777777777776 0.01015625 0.013888888888888888
6 0.47109375 0.03611111111111111 0.009375 0.022222222222222223
6 0.517578125 0.5069444444444444 0.01015625 0.03611111111111111
6 0.550390625 0.3680555555555556 0.01171875 0.03333333333333333
6 0.81796875 0.8104166666666667 0.0234375 0.04861111111111111
6 0.877734375 0.78125 0.02265625 0.043055555555555555
6 0.59765625 0.5972222222222222 0.0109375 0.03611111111111111
6 0.6890625 0.6423611111111112 0.015625 0.04027777777777778
6 0.651953125 0.5590277777777778 0.01328125 0.02638888888888889
6 0.579296875 0.8027777777777778 0.01484375 0.03888888888888889
6 0.834765625 0.5923611111111111 0.01171875 0.034722222222222224
6 0.810546875 0.6208333333333333 0.01328125 0.03611111111111111
6 0.894921875 0.5902777777777778 0.01171875 0.03888888888888889
6 0.81328125 0.5138888888888888 0.0109375 0.03333333333333333
6 0.855078125 0.33611111111111114 0.00859375 0.03333333333333333
6 0.84453125 0.27152777777777776 0.0125 0.02361111111111111
6 0.85625 0.3076388888888889 0.0125 0.02638888888888889
6 0.840234375 0.3055555555555556 0.01015625 0.022222222222222223
6 0.7171875 0.1423611111111111 0.009375 0.02361111111111111
6 0.80078125 0.09583333333333334 0.0078125 0.022222222222222223
6 0.76875 0.06805555555555555 0.0078125 0.019444444444444445
6 0.776171875 0.02361111111111111 0.00859375 0.022222222222222223
6 0.038671875 0.46319444444444446 0.01953125 0.034722222222222224
6 0.518359375 0.014583333333333334 0.00859375 0.018055555555555554
6 0.502734375 0.16527777777777777 0.00859375 0.022222222222222223
6 0.43671875 0.5909722222222222 0.009375 0.04027777777777778
6 0.5 0.28888888888888886 0.0109375 0.025
6 0.484375 0.36180555555555555 0.0109375 0.020833333333333332
6 0.47421875 0.36527777777777776 0.0125 0.016666666666666666
6 0.540625 0.3784722222222222 0.0109375 0.02638888888888889
6 0.526953125 0.4638888888888889 0.01171875 0.030555555555555555
6 0.5171875 0.4756944444444444 0.0125 0.03194444444444444
6 0.67578125 0.6645833333333333 0.0125 0.034722222222222224
6 0.7875 0.2569444444444444 0.009375 0.030555555555555555
6 0.78984375 0.14444444444444443 0.009375 0.022222222222222223
6 0.781640625 0.13541666666666666 0.00859375 0.02638888888888889
6 0.81875 0.5770833333333333 0.0125 0.043055555555555555
6 0.71484375 0.5618055555555556 0.0125 0.02638888888888889
