6 0.392 0.75 0.052 0.13773584905660377
6 0.209 0.4877358490566038 0.042 0.1
6 0.072 0.5415094339622641 0.054 0.09811320754716982
6 0.3965 0.12358490566037736 0.021 0.04716981132075472
6 0.3735 0.10377358490566038 0.023 0.045283018867924525
6 0.38 0.045283018867924525 0.018 0.03773584905660377
6 0.4315 0.04905660377358491 0.017 0.03773584905660377
6 0.695 0.03773584905660377 0.016 0.04150943396226415
6 0.7785 0.1669811320754717 0.025 0.0509433962264151
6 0.9335 0.5622641509433962 0.061 0.13962264150943396
6 0.986 0.49150943396226415 0.026 0.10754716981132076
