6 0.05390625 0.5090277777777777 0.0171875 0.04027777777777778
6 0.21640625 0.30486111111111114 0.01875 0.034722222222222224
6 0.23671875 0.5375 0.0140625 0.03888888888888889
6 0.21328125 0.38263888888888886 0.0171875 0.03194444444444444
6 0.28515625 0.3548611111111111 0.0171875 0.034722222222222224
6 0.305078125 0.38263888888888886 0.01484375 0.04027777777777778
6 0.308203125 0.26458333333333334 0.01328125 0.0375
6 0.311328125 0.17152777777777778 0.01484375 0.034722222222222224
6 0.325390625 0.19791666666666666 0.01171875 0.034722222222222224
6 0.4015625 0.04513888888888889 0.0125 0.02638888888888889
6 0.4484375 0.07847222222222222 0.0125 0.02361111111111111
6 0.427734375 0.75625 0.01328125 0.04583333333333333
6 0.502734375 0.7763888888888889 0.01484375 0.03333333333333333
6 0.501171875 0.6215277777777778 0.01328125 0.0375
6 0.51640625 0.6055555555555555 0.0109375 0.03611111111111111
6 0.478515625 0.6152777777777778 0.01328125 0.041666666666666664
6 0.461328125 0.6444444444444445 0.01328125 0.044444444444444446
6 0.455859375 0.6881944444444444 0.01484375 0.034722222222222224
6 0.4390625 0.7180555555555556 0.015625 0.04722222222222222
6 0.428125 0.6527777777777778 0.015625 0.044444444444444446
6 0.4890625 0.49236111111111114 0.0125 0.03194444444444444
6 0.5421875 0.4513888888888889 0.0109375 0.03333333333333333
6 0.5125 0.39166666666666666 0.0125 0.03611111111111111
6 0.56640625 0.3423611111111111 0.0125 0.02638888888888889
6 0.473828125 0.2881944444444444 0.00859375 0.03194444444444444
6 0.458203125 0.27152777777777776 0.01328125 0.02361111111111111
6 0.51171875 0.21319444444444444 0.0078125 0.02638888888888889
6 0.60234375 0.18888888888888888 0.0109375 0.025
6 0.507421875 0.1840277777777778 0.00859375 0.020833333333333332
6 0.6984375 0.13819444444444445 0.0078125 0.02638888888888889
6 0.82421875 0.7916666666666666 0.0140625 0.03611111111111111
6 0.84453125 0.7902777777777777 0.0140625 0.044444444444444446
6 0.888671875 0.7756944444444445 0.01484375 0.04027777777777778
6 0.932421875 0.7527777777777778 0.01640625 0.04722222222222222
6 0.859375 0.61875 0.0140625 0.04027777777777778
6 0.85234375 0.5430555555555555 0.0109375 0.03611111111111111
6 0.8421875 0.47847222222222224 0.015625 0.034722222222222224
6 0.8375 0.40347222222222223 0.0125 0.02638888888888889
6 0.91328125 0.5083333333333333 0.0125 0.044444444444444446
6 0.6484375 0.5708333333333333 0.0140625 0.03888888888888889
6 0.599609375 0.5458333333333333 0.01328125 0.03611111111111111
6 0.73515625 0.3034722222222222 0.009375 0.034722222222222224
6 0.792578125 0.2951388888888889 0.01328125 0.0375
6 0.734765625 0.26875 0.01171875 0.02638888888888889
6 0.759375 0.50625 0.0125 0.034722222222222224
6 0.7671875 0.48541666666666666 0.0109375 0.02638888888888889
6 0.700390625 0.6263888888888889 0.01328125 0.03611111111111111
6 0.8515625 0.1423611111111111 0.009375 0.02638888888888889
6 0.16015625 0.3 0.0171875 0.03888888888888889
6 0.330078125 0.12013888888888889 0.01171875 0.02361111111111111
6 0.545703125 0.1326388888888889 0.00703125 0.02638888888888889
6 0.597265625 0.6881944444444444 0.01640625 0.0375
6 0.545703125 0.1326388888888889 0.00703125 0.02638888888888889
6 0.5859375 0.5895833333333333 0.0140625 0.034722222222222224
6 0.68984375 0.6555555555555556 0.0125 0.03611111111111111
6 0.576171875 0.04722222222222222 0.01171875 0.027777777777777776
6 0.803515625 0.024305555555555556 0.01171875 0.020833333333333332
