6 0.755859375 0.7583333333333333 0.01640625 0.03611111111111111
6 0.565234375 0.6451388888888889 0.01015625 0.03194444444444444
6 0.587109375 0.6111111111111112 0.01328125 0.030555555555555555
6 0.587890625 0.6527777777777778 0.01015625 0.03333333333333333
6 0.53203125 0.7444444444444445 0.0140625 0.03888888888888889
6 0.52421875 0.5263888888888889 0.0109375 0.030555555555555555
6 0.7 0.6743055555555556 0.0078125 0.02361111111111111
6 0.71171875 0.6909722222222222 0.009375 0.029166666666666667
6 0.709375 0.6319444444444444 0.009375 0.030555555555555555
6 0.96171875 0.8993055555555556 0.0234375 0.034722222222222224
6 0.64375 0.4152777777777778 0.009375 0.030555555555555555
6 0.652734375 0.34652777777777777 0.01015625 0.02361111111111111
6 0.649609375 0.3298611111111111 0.01015625 0.02361111111111111
6 0.6546875 0.28888888888888886 0.0078125 0.025
6 0.569140625 0.3486111111111111 0.00859375 0.025
6 0.458984375 0.4215277777777778 0.01015625 0.02361111111111111
6 0.473046875 0.3625 0.00703125 0.019444444444444445
6 0.4859375 0.33611111111111114 0.0078125 0.019444444444444445
6 0.517578125 0.22152777777777777 0.00546875 0.015277777777777777
6 0.41484375 0.38333333333333336 0.0078125 0.022222222222222223
6 0.088671875 0.9479166666666666 0.02890625 0.043055555555555555
6 0.145703125 0.8972222222222223 0.02265625 0.03611111111111111
6 0.19296875 0.8458333333333333 0.0171875 0.030555555555555555
6 0.285546875 0.6451388888888889 0.01171875 0.020833333333333332
6 0.31953125 0.5090277777777777 0.0078125 0.020833333333333332
6 0.359765625 0.4479166666666667 0.00703125 0.018055555555555554
6 0.573828125 0.11944444444444445 0.00546875 0.016666666666666666
6 0.57578125 0.1326388888888889 0.00625 0.018055555555555554
6 0.63828125 0.17569444444444443 0.00625 0.020833333333333332
6 0.719140625 0.2861111111111111 0.00703125 0.016666666666666666
6 0.509375 0.0875 0.0046875 0.011111111111111112
6 0.505078125 0.04583333333333333 0.00546875 0.011111111111111112
6 0.47890625 0.03333333333333333 0.0046875 0.008333333333333333
6 0.4734375 0.01875 0.003125 0.009722222222222222
