6 0.412109375 0.8493055555555555 0.04921875 0.14583333333333334
6 0.390234375 0.5854166666666667 0.02734375 0.09583333333333334
6 0.671484375 0.3506944444444444 0.03046875 0.06527777777777778
6 0.744921875 0.39375 0.03203125 0.07083333333333333
6 0.45703125 0.29305555555555557 0.015625 0.041666666666666664
6 0.346875 0.3548611111111111 0.0203125 0.05138888888888889
6 0.402734375 0.18819444444444444 0.01171875 0.02638888888888889
6 0.4171875 0.14097222222222222 0.009375 0.02361111111111111
6 0.454296875 0.18055555555555555 0.01171875 0.027777777777777776
6 0.446875 0.12222222222222222 0.00625 0.011111111111111112
6 0.516015625 0.14930555555555555 0.01015625 0.0375
6 0.402734375 0.1486111111111111 0.00859375 0.025
6 0.398828125 0.1638888888888889 0.00234375 0.0
