6 0.3155 0.9349056603773584 0.089 0.12641509433962264
6 0.8715 0.6433962264150943 0.087 0.1471698113207547
6 0.5625 0.5273584905660378 0.059 0.13773584905660377
6 0.1555 0.8037735849056604 0.065 0.21509433962264152
6 0.3045 0.1811320754716981 0.033 0.06792452830188679
6 0.622 0.10943396226415095 0.032 0.05660377358490566
6 0.6625 0.09245283018867924 0.025 0.07547169811320754
6 0.8035 0.2518867924528302 0.043 0.07735849056603773
6 0.866 0.3122641509433962 0.038 0.08490566037735849
6 0.944 0.3 0.104 0.19622641509433963
