6 0.5545 0.4235849056603774 0.031 0.0509433962264151
6 0.878 0.33962264150943394 0.03 0.033962264150943396
6 0.9035 0.34056603773584904 0.017 0.03207547169811321
6 0.8175 0.28867924528301886 0.017 0.03018867924528302
6 0.79 0.27075471698113207 0.016 0.02830188679245283
6 0.518 0.26037735849056604 0.014 0.026415094339622643
6 0.7735 0.85 0.065 0.14528301886792452
6 0.7145 0.24339622641509434 0.021 0.033962264150943396
6 0.3955 0.24716981132075472 0.013 0.026415094339622643
6 0.4125 0.23679245283018868 0.015 0.02830188679245283
