6 0.66 0.6933962264150944 0.06 0.08113207547169811
6 0.543 0.3132075471698113 0.02 0.03018867924528302
6 0.876 0.33773584905660375 0.03 0.06037735849056604
6 0.919 0.44433962264150945 0.05 0.02830188679245283
6 0.908 0.3311320754716981 0.032 0.0509433962264151
6 0.7495 0.2641509433962264 0.015 0.03773584905660377
6 0.7235 0.2481132075471698 0.017 0.03207547169811321
6 0.3695 0.26132075471698113 0.017 0.020754716981132074
6 0.563 0.2339622641509434 0.012 0.018867924528301886
6 0.965 0.4207547169811321 0.04 0.07547169811320754
6 0.9705 0.3622641509433962 0.031 0.04150943396226415
6 0.804 0.33679245283018866 0.02 0.062264150943396226
6 0.667 0.24339622641509434 0.014 0.033962264150943396
6 0.3945 0.24528301886792453 0.013 0.026415094339622643
6 0.411 0.24245283018867925 0.012 0.03207547169811321
6 0.4595 0.23962264150943396 0.011 0.022641509433962263
