6 0.1885 0.4386792452830189 0.055 0.1
6 0.3765 0.3160377358490566 0.029 0.05849056603773585
6 0.4185 0.32452830188679244 0.035 0.052830188679245285
6 0.5855 0.3122641509433962 0.023 0.04339622641509434
6 0.908 0.30471698113207546 0.018 0.035849056603773584
6 0.8475 0.2811320754716981 0.021 0.033962264150943396
6 0.5675 0.2688679245283019 0.011 0.03207547169811321
6 0.586 0.2358490566037736 0.012 0.033962264150943396
6 0.57 0.2339622641509434 0.01 0.026415094339622643
6 0.9795 0.4188679245283019 0.033 0.14339622641509434
6 0.886 0.30943396226415093 0.026 0.026415094339622643
