6 0.77421875 0.4013888888888889 0.0203125 0.044444444444444446
6 0.821875 0.42083333333333334 0.021875 0.04722222222222222
6 0.901171875 0.49166666666666664 0.02890625 0.044444444444444446
6 0.544921875 0.48680555555555555 0.01796875 0.05138888888888889
6 0.80390625 0.4979166666666667 0.0296875 0.0625
6 0.832421875 0.48541666666666666 0.02109375 0.05416666666666667
6 0.74765625 0.39791666666666664 0.0203125 0.043055555555555555
6 0.710546875 0.39652777777777776 0.01953125 0.034722222222222224
6 0.683984375 0.3402777777777778 0.01015625 0.03333333333333333
6 0.663671875 0.3368055555555556 0.01015625 0.034722222222222224
6 0.65 0.31805555555555554 0.009375 0.030555555555555555
6 0.635546875 0.30486111111111114 0.00859375 0.02361111111111111
6 0.787109375 0.2847222222222222 0.01015625 0.013888888888888888
6 0.513671875 0.325 0.00703125 0.019444444444444445
6 0.43828125 0.30625 0.0078125 0.02361111111111111
6 0.4484375 0.3034722222222222 0.009375 0.02638888888888889
6 0.4609375 0.3020833333333333 0.009375 0.02638888888888889
