6 0.34921875 0.8895833333333333 0.05 0.09027777777777778
6 0.411328125 0.4354166666666667 0.02890625 0.07361111111111111
6 0.59765625 0.11736111111111111 0.0109375 0.04027777777777778
6 0.62890625 0.12430555555555556 0.009375 0.0375
6 0.720703125 0.24375 0.02109375 0.04861111111111111
6 0.437890625 0.19722222222222222 0.01484375 0.044444444444444446
6 0.475 0.17916666666666667 0.009375 0.03611111111111111
6 0.5359375 0.20277777777777778 0.0109375 0.03333333333333333
6 0.4515625 0.13819444444444445 0.0125 0.029166666666666667
6 0.445703125 0.10902777777777778 0.00859375 0.02638888888888889
6 0.453125 0.01597222222222222 0.0046875 0.0125
6 0.4796875 0.035416666666666666 0.0046875 0.0125
6 0.465625 0.029166666666666667 0.0046875 0.011111111111111112
6 0.594140625 0.058333333333333334 0.00859375 0.022222222222222223
6 0.576953125 0.029861111111111113 0.00859375 0.02361111111111111
