6 0.57578125 0.08125 0.0078125 0.020833333333333332
6 0.460546875 0.07708333333333334 0.00546875 0.020833333333333332
6 0.70234375 0.25833333333333336 0.0203125 0.04722222222222222
6 0.722265625 0.3576388888888889 0.03046875 0.05416666666666667
6 0.4359375 0.5798611111111112 0.0390625 0.0763888888888889
6 0.357421875 0.5694444444444444 0.03203125 0.07777777777777778
6 0.4203125 0.3798611111111111 0.0265625 0.0625
6 0.44921875 0.21041666666666667 0.015625 0.034722222222222224
6 0.433984375 0.18472222222222223 0.01171875 0.030555555555555555
6 0.441015625 0.13055555555555556 0.00703125 0.022222222222222223
6 0.454296875 0.14097222222222222 0.01015625 0.02361111111111111
