6 0.391015625 0.36527777777777776 0.02578125 0.058333333333333334
6 0.44765625 0.22916666666666666 0.0125 0.03611111111111111
6 0.55234375 0.21180555555555555 0.0140625 0.04861111111111111
6 0.7421875 0.3902777777777778 0.028125 0.058333333333333334
6 0.590234375 0.3104166666666667 0.02109375 0.05694444444444444
6 0.775 0.5194444444444445 0.0421875 0.09444444444444444
6 0.548046875 0.14097222222222222 0.01328125 0.034722222222222224
6 0.53203125 0.10486111111111111 0.0125 0.02638888888888889
6 0.504296875 0.06319444444444444 0.01015625 0.020833333333333332
6 0.5140625 0.06180555555555556 0.0109375 0.0375
