6 0.83359375 0.5944444444444444 0.053125 0.08888888888888889
6 0.93046875 0.6305555555555555 0.05 0.1
6 0.56328125 0.23055555555555557 0.0140625 0.044444444444444446
6 0.36796875 0.23194444444444445 0.01875 0.044444444444444446
6 0.399609375 0.31319444444444444 0.01328125 0.04027777777777778
6 0.384375 0.35347222222222224 0.015625 0.04027777777777778
6 0.452734375 0.18541666666666667 0.01171875 0.03194444444444444
6 0.44921875 0.12708333333333333 0.00625 0.020833333333333332
6 0.442578125 0.09375 0.00703125 0.0125
6 0.405859375 0.13472222222222222 0.00703125 0.019444444444444445
6 0.424609375 0.09305555555555556 0.00859375 0.022222222222222223
6 0.57890625 0.15555555555555556 0.0078125 0.027777777777777776
