6 0.3095 0.35754716981132073 0.035 0.06981132075471698
6 0.415 0.2990566037735849 0.02 0.04716981132075472
6 0.4345 0.30377358490566037 0.025 0.04905660377358491
6 0.9145 0.30377358490566037 0.021 0.045283018867924525
6 0.7985 0.25754716981132075 0.015 0.035849056603773584
6 0.7475 0.26132075471698113 0.011 0.035849056603773584
6 0.7655 0.24433962264150944 0.015 0.03207547169811321
6 0.7055 0.24622641509433962 0.011 0.024528301886792454
6 0.574 0.27641509433962264 0.022 0.05849056603773585
6 0.6075 0.24150943396226415 0.013 0.018867924528301886
6 0.6395 0.24339622641509434 0.013 0.022641509433962263
6 0.813 0.2490566037735849 0.02 0.033962264150943396
6 0.9845 0.3839622641509434 0.023 0.06981132075471698
6 0.5755 0.2349056603773585 0.015 0.02830188679245283
