6 0.848 0.4358490566037736 0.044 0.07547169811320754
6 0.8955 0.43018867924528303 0.035 0.07924528301886792
6 0.9765 0.5669811320754717 0.047 0.09622641509433963
6 0.6565 0.35188679245283017 0.025 0.05849056603773585
6 0.695 0.3330188679245283 0.028 0.062264150943396226
6 0.586 0.27641509433962264 0.022 0.04716981132075472
6 0.3675 0.3424528301886792 0.029 0.05849056603773585
6 0.3655 0.4358490566037736 0.027 0.06037735849056604
6 0.3245 0.27735849056603773 0.019 0.04150943396226415
6 0.246 0.24150943396226415 0.012 0.022641509433962263
