6 0.109 0.47735849056603774 0.088 0.1320754716981132
6 0.655 0.5339622641509434 0.046 0.06792452830188679
6 0.541 0.3169811320754717 0.024 0.04905660377358491
6 0.5 0.25754716981132075 0.018 0.0509433962264151
6 0.787 0.30754716981132074 0.02 0.045283018867924525
6 0.816 0.3 0.024 0.03773584905660377
6 0.8885 0.33679245283018866 0.031 0.04339622641509434
6 0.8745 0.4037735849056604 0.027 0.07169811320754717
6 0.401 0.2679245283018868 0.02 0.045283018867924525
6 0.469 0.22358490566037736 0.01 0.020754716981132074
