6 0.3485 0.33962264150943394 0.037 0.06037735849056604
6 0.1255 0.49528301886792453 0.075 0.13773584905660377
6 0.406 0.35 0.042 0.06981132075471698
6 0.593 0.3311320754716981 0.022 0.04716981132075472
6 0.82 0.27075471698113207 0.016 0.02830188679245283
6 0.569 0.28867924528301886 0.014 0.03018867924528302
6 0.919 0.3320754716981132 0.022 0.045283018867924525
6 0.656 0.24716981132075472 0.012 0.022641509433962263
6 0.57 0.24056603773584906 0.012 0.024528301886792454
6 0.6045 0.23679245283018868 0.023 0.03207547169811321
6 0.872 0.28962264150943395 0.022 0.024528301886792454
