6 0.41796875 0.7083333333333334 0.009375 0.016666666666666666
6 0.41875 0.5902777777777778 0.009375 0.019444444444444445
6 0.242578125 0.6 0.01015625 0.016666666666666666
6 0.2828125 0.8604166666666667 0.0109375 0.018055555555555554
6 0.30390625 0.8597222222222223 0.009375 0.022222222222222223
6 0.32734375 0.6972222222222222 0.0109375 0.016666666666666666
6 0.398046875 0.46041666666666664 0.01171875 0.018055555555555554
6 0.421875 0.5277777777777778 0.0078125 0.016666666666666666
6 0.425390625 0.48194444444444445 0.00859375 0.016666666666666666
6 0.381640625 0.24722222222222223 0.00703125 0.016666666666666666
