6 0.447 0.21037735849056605 0.032 0.062264150943396226
6 0.2755 0.5943396226415094 0.055 0.16981132075471697
6 0.364 0.42735849056603775 0.05 0.13018867924528302
6 0.4885 0.3132075471698113 0.035 0.052830188679245285
6 0.259 0.04150943396226415 0.02 0.04150943396226415
6 0.9455 0.4377358490566038 0.075 0.1169811320754717
6 0.495 0.48962264150943396 0.054 0.09622641509433963
6 0.3055 0.3905660377358491 0.043 0.09433962264150944
6 0.6065 0.7415094339622641 0.073 0.1169811320754717
6 0.616 0.059433962264150944 0.028 0.05849056603773585
