6 0.55 0.9006944444444445 0.01875 0.05416666666666667
6 0.537890625 0.7263888888888889 0.01640625 0.03888888888888889
6 0.58203125 0.7180555555555556 0.01875 0.03611111111111111
6 0.564453125 0.5444444444444444 0.01484375 0.030555555555555555
6 0.51640625 0.6069444444444444 0.0125 0.030555555555555555
6 0.530859375 0.38472222222222224 0.01015625 0.03333333333333333
6 0.313671875 0.09722222222222222 0.01171875 0.022222222222222223
6 0.309375 0.1125 0.009375 0.025
6 0.327734375 0.11875 0.01015625 0.018055555555555554
6 0.329296875 0.17916666666666667 0.01015625 0.019444444444444445
6 0.32421875 0.1951388888888889 0.0109375 0.02361111111111111
6 0.2734375 0.06527777777777778 0.009375 0.027777777777777776
6 0.2640625 0.22777777777777777 0.0109375 0.019444444444444445
6 0.230078125 0.27569444444444446 0.01015625 0.02361111111111111
6 0.2984375 0.3645833333333333 0.0109375 0.02361111111111111
6 0.331640625 0.36875 0.01171875 0.02361111111111111
6 0.359375 0.24722222222222223 0.0125 0.025
6 0.37421875 0.32013888888888886 0.0125 0.02638888888888889
6 0.38125 0.3645833333333333 0.0109375 0.02361111111111111
6 0.363671875 0.35833333333333334 0.01015625 0.022222222222222223
6 0.347265625 0.33611111111111114 0.01015625 0.019444444444444445
6 0.359375 0.3888888888888889 0.0125 0.019444444444444445
6 0.344921875 0.37222222222222223 0.01015625 0.022222222222222223
6 0.350390625 0.4201388888888889 0.01015625 0.02361111111111111
6 0.353125 0.4666666666666667 0.0109375 0.027777777777777776
6 0.3390625 0.7222222222222222 0.0140625 0.025
6 0.33828125 0.8118055555555556 0.0125 0.02638888888888889
6 0.34765625 0.8611111111111112 0.0140625 0.027777777777777776
6 0.3359375 0.9118055555555555 0.0140625 0.029166666666666667
6 0.422265625 0.9145833333333333 0.01171875 0.034722222222222224
6 0.753125 0.4583333333333333 0.025 0.08611111111111111
6 0.711328125 0.22777777777777777 0.01171875 0.027777777777777776
6 0.6796875 0.21875 0.0109375 0.02361111111111111
6 0.695703125 0.10208333333333333 0.01171875 0.02638888888888889
6 0.729296875 0.12708333333333333 0.01015625 0.02361111111111111
6 0.696875 0.08472222222222223 0.0109375 0.016666666666666666
6 0.69609375 0.05555555555555555 0.0109375 0.016666666666666666
6 0.696875 0.03263888888888889 0.0109375 0.0125
6 0.70625 0.02638888888888889 0.0078125 0.016666666666666666
6 0.23984375 0.5277777777777778 0.0109375 0.025
6 0.057421875 0.6236111111111111 0.01796875 0.030555555555555555
6 0.024609375 0.7763888888888889 0.01328125 0.030555555555555555
6 0.16875 0.5506944444444445 0.0109375 0.03194444444444444
6 0.0625 0.1388888888888889 0.0109375 0.022222222222222223
6 0.49453125 0.23402777777777778 0.0140625 0.02638888888888889
