6 0.734 0.28773584905660377 0.016 0.03207547169811321
6 0.187 0.41320754716981134 0.08 0.13584905660377358
6 0.621 0.45660377358490567 0.038 0.045283018867924525
6 0.9335 0.36981132075471695 0.033 0.04150943396226415
6 0.866 0.32264150943396225 0.026 0.06415094339622641
6 0.535 0.2943396226415094 0.022 0.04150943396226415
6 0.401 0.26132075471698113 0.016 0.035849056603773584
6 0.772 0.2490566037735849 0.018 0.033962264150943396
6 0.831 0.3311320754716981 0.026 0.0509433962264151
6 0.96 0.47264150943396227 0.032 0.05849056603773585
6 0.499 0.24528301886792453 0.012 0.03773584905660377
