6 0.5735 0.480188679245283 0.045 0.08867924528301886
6 0.9345 0.42452830188679247 0.037 0.06415094339622641
6 0.8295 0.3179245283018868 0.025 0.035849056603773584
6 0.861 0.30849056603773584 0.024 0.03962264150943396
6 0.795 0.2792452830188679 0.018 0.045283018867924525
6 0.7675 0.26037735849056604 0.015 0.033962264150943396
6 0.3865 0.24716981132075472 0.017 0.04150943396226415
6 0.404 0.24150943396226415 0.014 0.033962264150943396
6 0.523 0.27358490566037735 0.014 0.04150943396226415
6 0.496 0.22358490566037736 0.006 0.020754716981132074
6 0.696 0.24339622641509434 0.016 0.03018867924528302
6 0.7255 0.28867924528301886 0.019 0.04150943396226415
6 0.4355 0.24150943396226415 0.007 0.022641509433962263
6 0.9845 0.41509433962264153 0.027 0.07169811320754717
