6 0.364 0.8632075471698113 0.058 0.16037735849056603
6 0.2785 0.7471698113207547 0.055 0.14339622641509434
6 0.4695 0.4716981132075472 0.049 0.10943396226415095
6 0.247 0.2537735849056604 0.032 0.08867924528301886
6 0.2475 0.5679245283018868 0.051 0.1018867924528302
6 0.352 0.5669811320754717 0.048 0.12264150943396226
6 0.4075 0.2018867924528302 0.043 0.1018867924528302
6 0.3 0.06132075471698113 0.028 0.0509433962264151
6 0.413 0.08867924528301886 0.02 0.045283018867924525
6 0.321 0.016981132075471698 0.022 0.033962264150943396
