6 0.3005 0.3490566037735849 0.051 0.07169811320754717
6 0.4035 0.35660377358490564 0.037 0.07169811320754717
6 0.447 0.25754716981132075 0.016 0.035849056603773584
6 0.408 0.25943396226415094 0.018 0.04339622641509434
6 0.583 0.3330188679245283 0.014 0.04339622641509434
6 0.5565 0.2830188679245283 0.015 0.045283018867924525
6 0.5765 0.2641509433962264 0.013 0.04150943396226415
6 0.9605 0.31981132075471697 0.021 0.03962264150943396
6 0.736 0.22169811320754718 0.014 0.020754716981132074
6 0.479 0.2320754716981132 0.012 0.026415094339622643
