6 0.8735 0.5009433962264151 0.059 0.11509433962264151
6 0.171 0.6528301886792452 0.05 0.1169811320754717
6 0.187 0.4490566037735849 0.044 0.07924528301886792
6 0.7865 0.3160377358490566 0.043 0.08490566037735849
6 0.6585 0.24433962264150944 0.029 0.06981132075471698
6 0.6715 0.17358490566037735 0.023 0.052830188679245285
6 0.2935 0.1650943396226415 0.025 0.04716981132075472
6 0.266 0.1311320754716981 0.014 0.04339622641509434
6 0.6285 0.13773584905660377 0.025 0.04905660377358491
6 0.3845 0.10754716981132076 0.027 0.04150943396226415
