6 0.388671875 0.6180555555555556 0.02734375 0.075
6 0.36015625 0.38055555555555554 0.015625 0.03333333333333333
6 0.337890625 0.5034722222222222 0.03046875 0.06527777777777778
6 0.24765625 0.9270833333333334 0.0359375 0.10416666666666667
6 0.440234375 0.33402777777777776 0.01484375 0.0375
6 0.42890625 0.28888888888888886 0.0109375 0.03333333333333333
6 0.40625 0.2604166666666667 0.0125 0.029166666666666667
6 0.390625 0.23819444444444443 0.0125 0.029166666666666667
6 0.383203125 0.22013888888888888 0.01015625 0.02361111111111111
6 0.440234375 0.24513888888888888 0.01015625 0.03194444444444444
6 0.696484375 0.37777777777777777 0.02734375 0.05277777777777778
