6 0.641 0.5424528301886793 0.036 0.07358490566037736
6 0.1905 0.3754716981132076 0.057 0.10566037735849057
6 0.33 0.2849056603773585 0.024 0.045283018867924525
6 0.893 0.35283018867924526 0.024 0.04905660377358491
6 0.9585 0.35660377358490564 0.025 0.04150943396226415
6 0.826 0.330188679245283 0.02 0.045283018867924525
6 0.85 0.3160377358490566 0.02 0.04716981132075472
6 0.796 0.28962264150943395 0.014 0.03962264150943396
6 0.365 0.2679245283018868 0.016 0.03773584905660377
6 0.383 0.27264150943396226 0.016 0.03207547169811321
6 0.6615 0.23679245283018868 0.013 0.03207547169811321
6 0.7495 0.2518867924528302 0.017 0.03207547169811321
6 0.7145 0.28867924528301886 0.019 0.04905660377358491
6 0.566 0.2320754716981132 0.012 0.033962264150943396
