6 0.311 0.7009433962264151 0.064 0.19433962264150945
6 0.525 0.24528301886792453 0.044 0.1018867924528302
6 0.455 0.22735849056603774 0.04 0.09245283018867924
6 0.237 0.24716981132075472 0.038 0.09056603773584905
6 0.344 0.10660377358490566 0.028 0.04716981132075472
6 0.2985 0.06037735849056604 0.021 0.03773584905660377
6 0.875 0.29339622641509433 0.048 0.08867924528301886
6 0.6675 0.0509433962264151 0.025 0.045283018867924525
6 0.5765 0.048113207547169815 0.017 0.03962264150943396
6 0.326 0.07169811320754717 0.02 0.06415094339622641
