6 0.383203125 0.7888888888888889 0.03359375 0.07777777777777778
6 0.40546875 0.46458333333333335 0.028125 0.0625
6 0.3765625 0.4111111111111111 0.025 0.05555555555555555
6 0.434375 0.5201388888888889 0.0234375 0.06527777777777778
6 0.42421875 0.3951388888888889 0.01875 0.04583333333333333
6 0.468359375 0.3298611111111111 0.01640625 0.0375
6 0.373046875 0.2652777777777778 0.01640625 0.041666666666666664
6 0.446484375 0.2263888888888889 0.01328125 0.03611111111111111
6 0.399609375 0.15138888888888888 0.00859375 0.022222222222222223
6 0.694921875 0.2798611111111111 0.02421875 0.05694444444444444
6 0.629296875 0.20208333333333334 0.01796875 0.043055555555555555
6 0.45234375 0.15833333333333333 0.009375 0.025
