6 0.55390625 0.8041666666666667 0.0234375 0.027777777777777776
6 0.466015625 0.73125 0.02109375 0.020833333333333332
6 0.770703125 0.69375 0.00703125 0.015277777777777777
6 0.2765625 0.8597222222222223 0.0203125 0.030555555555555555
6 0.292578125 0.6451388888888889 0.01015625 0.015277777777777777
6 0.373828125 0.6270833333333333 0.01796875 0.02638888888888889
6 0.234765625 0.5986111111111111 0.01015625 0.016666666666666666
6 0.29609375 0.5527777777777778 0.0140625 0.022222222222222223
6 0.47734375 0.53125 0.009375 0.018055555555555554
6 0.530859375 0.5020833333333333 0.01015625 0.015277777777777777
6 0.469140625 0.49930555555555556 0.01171875 0.015277777777777777
6 0.558203125 0.30625 0.00859375 0.018055555555555554
6 0.50234375 0.3423611111111111 0.0078125 0.015277777777777777
6 0.568359375 0.225 0.00703125 0.016666666666666666
6 0.575 0.16527777777777777 0.00625 0.013888888888888888
6 0.622265625 0.14305555555555555 0.00703125 0.011111111111111112
6 0.559765625 0.19444444444444445 0.00546875 0.008333333333333333
