6 0.400390625 0.8423611111111111 0.04296875 0.07916666666666666
6 0.316015625 0.7097222222222223 0.03203125 0.07222222222222222
6 0.535546875 0.5229166666666667 0.02578125 0.05416666666666667
6 0.398046875 0.25763888888888886 0.01484375 0.0375
6 0.693359375 0.575 0.04765625 0.09166666666666666
6 0.563671875 0.2125 0.01640625 0.05
6 0.58359375 0.20208333333333334 0.01875 0.034722222222222224
6 0.690625 0.3375 0.021875 0.030555555555555555
6 0.662109375 0.3138888888888889 0.01796875 0.019444444444444445
6 0.43671875 0.1701388888888889 0.0140625 0.029166666666666667
