6 0.655078125 0.5895833333333333 0.03359375 0.09583333333333334
6 0.85625 0.5069444444444444 0.0265625 0.075
6 0.52578125 0.43333333333333335 0.0203125 0.05277777777777778
6 0.79765625 0.3958333333333333 0.025 0.05277777777777778
6 0.698828125 0.33819444444444446 0.01171875 0.02638888888888889
6 0.67734375 0.3055555555555556 0.0109375 0.025
6 0.655078125 0.33055555555555555 0.01171875 0.025
6 0.6375 0.2791666666666667 0.009375 0.025
6 0.559375 0.2423611111111111 0.0078125 0.018055555555555554
6 0.909765625 0.5055555555555555 0.03203125 0.08055555555555556
