6 0.2225 0.4075471698113208 0.043 0.0830188679245283
6 0.929 0.7886792452830189 0.074 0.09056603773584905
6 0.5945 0.39716981132075474 0.029 0.0509433962264151
6 0.9265 0.35754716981132073 0.025 0.0509433962264151
6 0.8135 0.2650943396226415 0.021 0.03962264150943396
6 0.888 0.36792452830188677 0.026 0.06037735849056604
6 0.5285 0.2811320754716981 0.017 0.033962264150943396
6 0.5215 0.21320754716981133 0.011 0.026415094339622643
6 0.5015 0.20660377358490567 0.015 0.03962264150943396
6 0.079 0.47641509433962265 0.072 0.10754716981132076
6 0.4455 0.22358490566037736 0.011 0.02830188679245283
