6 0.0421875 0.06875 0.0109375 0.02361111111111111
6 0.0671875 0.14791666666666667 0.0109375 0.018055555555555554
6 0.0921875 0.1638888888888889 0.0125 0.022222222222222223
6 0.07421875 0.19652777777777777 0.0109375 0.02638888888888889
6 0.084375 0.275 0.0078125 0.019444444444444445
6 0.080859375 0.4173611111111111 0.01171875 0.02638888888888889
6 0.0421875 0.6777777777777778 0.0140625 0.027777777777777776
6 0.04375 0.7881944444444444 0.015625 0.05138888888888889
6 0.018359375 0.8368055555555556 0.01796875 0.05694444444444444
6 0.234765625 0.7305555555555555 0.01171875 0.030555555555555555
6 0.252734375 0.675 0.01484375 0.05277777777777778
6 0.1859375 0.5666666666666667 0.01875 0.05555555555555555
6 0.252734375 0.2722222222222222 0.01015625 0.025
6 0.23203125 0.19236111111111112 0.009375 0.020833333333333332
6 0.25703125 0.15763888888888888 0.0078125 0.015277777777777777
6 0.27734375 0.17569444444444443 0.0078125 0.018055555555555554
6 0.251953125 0.04375 0.01015625 0.020833333333333332
6 0.304296875 0.49166666666666664 0.00859375 0.022222222222222223
6 0.454296875 0.8958333333333334 0.01328125 0.03333333333333333
6 0.3578125 0.7465277777777778 0.0109375 0.03194444444444444
6 0.33828125 0.7131944444444445 0.0125 0.029166666666666667
6 0.340234375 0.4375 0.01171875 0.025
6 0.334375 0.38819444444444445 0.0109375 0.020833333333333332
6 0.32890625 0.35208333333333336 0.009375 0.02638888888888889
6 0.324609375 0.28541666666666665 0.01171875 0.034722222222222224
6 0.31875 0.22291666666666668 0.009375 0.02361111111111111
6 0.316015625 0.15208333333333332 0.01015625 0.020833333333333332
6 0.31796875 0.09375 0.009375 0.020833333333333332
6 0.305859375 0.0763888888888889 0.00859375 0.019444444444444445
6 0.299609375 0.013194444444444444 0.00703125 0.018055555555555554
6 0.4234375 0.07291666666666667 0.009375 0.02638888888888889
6 0.571875 0.8527777777777777 0.015625 0.041666666666666664
6 0.61953125 0.8895833333333333 0.0171875 0.04027777777777778
6 0.696875 0.03333333333333333 0.009375 0.016666666666666666
6 0.6953125 0.06041666666666667 0.0109375 0.02361111111111111
6 0.698046875 0.08680555555555555 0.01015625 0.020833333333333332
6 0.69609375 0.10625 0.009375 0.020833333333333332
6 0.71015625 0.22777777777777777 0.009375 0.025
6 0.171484375 0.47638888888888886 0.01328125 0.022222222222222223
6 0.203125 0.4597222222222222 0.0125 0.019444444444444445
