6 0.6075 0.4716981132075472 0.033 0.052830188679245285
6 0.223 0.3462264150943396 0.034 0.09245283018867924
6 0.337 0.2830188679245283 0.024 0.04150943396226415
6 0.778 0.2679245283018868 0.016 0.033962264150943396
6 0.832 0.32264150943396225 0.024 0.052830188679245285
6 0.8825 0.35566037735849054 0.021 0.04339622641509434
6 0.9115 0.35094339622641507 0.025 0.052830188679245285
6 0.9505 0.389622641509434 0.029 0.062264150943396226
6 0.6635 0.25754716981132075 0.009 0.02830188679245283
6 0.3885 0.2669811320754717 0.015 0.03207547169811321
6 0.37 0.2660377358490566 0.014 0.03018867924528302
6 0.6795 0.24056603773584906 0.015 0.024528301886792454
6 0.5065 0.23018867924528302 0.007 0.018867924528301886
6 0.5375 0.2330188679245283 0.011 0.024528301886792454
6 0.747 0.2679245283018868 0.018 0.04150943396226415
