6 0.344921875 0.4125 0.02734375 0.06666666666666667
6 0.858203125 0.44513888888888886 0.02578125 0.04861111111111111
6 0.96796875 0.5347222222222222 0.0359375 0.06944444444444445
6 0.769921875 0.7638888888888888 0.04140625 0.11944444444444445
6 0.244140625 0.47152777777777777 0.04609375 0.08472222222222223
6 0.5578125 0.42430555555555555 0.0203125 0.04583333333333333
6 0.74375 0.3951388888888889 0.015625 0.043055555555555555
6 0.51640625 0.3277777777777778 0.009375 0.025
6 0.709765625 0.36944444444444446 0.01171875 0.03888888888888889
6 0.688671875 0.3798611111111111 0.01484375 0.04027777777777778
6 0.65390625 0.30625 0.009375 0.02361111111111111
6 0.4453125 0.3034722222222222 0.009375 0.02361111111111111
