6 0.43 0.41320754716981134 0.05 0.13962264150943396
6 0.5945 0.19433962264150945 0.031 0.07547169811320754
6 0.7285 0.41415094339622643 0.061 0.09622641509433963
6 0.5585 0.9386792452830188 0.075 0.12264150943396226
6 0.211 0.35754716981132073 0.04 0.10377358490566038
6 0.075 0.4641509433962264 0.05 0.1471698113207547
6 0.7145 0.330188679245283 0.045 0.06792452830188679
6 0.3455 0.19339622641509435 0.035 0.08113207547169811
6 0.5915 0.1330188679245283 0.031 0.0660377358490566
6 0.698 0.12735849056603774 0.028 0.062264150943396226
6 0.239 0.022641509433962263 0.02 0.03773584905660377
6 0.831 0.27264150943396226 0.048 0.09245283018867924
