6 0.069921875 0.7048611111111112 0.01171875 0.029166666666666667
6 0.1234375 0.7201388888888889 0.0140625 0.029166666666666667
6 0.11640625 0.7625 0.0109375 0.019444444444444445
6 0.012890625 0.4513888888888889 0.01484375 0.022222222222222223
6 0.300390625 0.7638888888888888 0.01015625 0.025
6 0.255859375 0.7534722222222222 0.01015625 0.02361111111111111
6 0.27265625 0.6423611111111112 0.0078125 0.020833333333333332
6 0.25625 0.4083333333333333 0.0078125 0.019444444444444445
6 0.233203125 0.3763888888888889 0.00703125 0.013888888888888888
6 0.24765625 0.12222222222222222 0.00625 0.019444444444444445
6 0.294140625 0.027777777777777776 0.00546875 0.013888888888888888
6 0.274609375 0.11319444444444444 0.00546875 0.0125
6 0.275 0.12222222222222222 0.0046875 0.013888888888888888
6 0.276171875 0.13680555555555557 0.00546875 0.0125
6 0.285546875 0.13055555555555556 0.00546875 0.011111111111111112
6 0.294921875 0.14444444444444443 0.00546875 0.011111111111111112
6 0.300390625 0.27291666666666664 0.00546875 0.015277777777777777
6 0.307421875 0.27152777777777776 0.00703125 0.015277777777777777
6 0.304296875 0.29097222222222224 0.00703125 0.0125
6 0.29296875 0.35833333333333334 0.0078125 0.013888888888888888
6 0.2890625 0.33055555555555555 0.0078125 0.013888888888888888
6 0.2984375 0.3263888888888889 0.00625 0.013888888888888888
6 0.327734375 0.4166666666666667 0.00703125 0.013888888888888888
6 0.315234375 0.42569444444444443 0.00703125 0.015277777777777777
6 0.3375 0.6145833333333334 0.0078125 0.018055555555555554
6 0.3484375 0.6194444444444445 0.0078125 0.019444444444444445
6 0.367578125 0.9319444444444445 0.01328125 0.03333333333333333
6 0.4703125 0.9590277777777778 0.0140625 0.03194444444444444
6 0.51015625 0.8479166666666667 0.0109375 0.02638888888888889
6 0.479296875 0.74375 0.00859375 0.02638888888888889
6 0.425 0.6333333333333333 0.009375 0.022222222222222223
6 0.453125 0.6152777777777778 0.009375 0.022222222222222223
6 0.382421875 0.37916666666666665 0.00703125 0.016666666666666666
6 0.3890625 0.37083333333333335 0.00625 0.016666666666666666
6 0.36484375 0.3236111111111111 0.00625 0.016666666666666666
6 0.377734375 0.2875 0.00703125 0.013888888888888888
6 0.35390625 0.24930555555555556 0.0078125 0.015277777777777777
6 0.340625 0.1638888888888889 0.0078125 0.019444444444444445
6 0.346484375 0.1527777777777778 0.00703125 0.016666666666666666
6 0.352734375 0.17291666666666666 0.00703125 0.015277777777777777
6 0.34609375 0.10138888888888889 0.0046875 0.013888888888888888
6 0.344140625 0.06180555555555556 0.00546875 0.009722222222222222
6 0.346484375 0.07916666666666666 0.00546875 0.011111111111111112
6 0.65703125 0.2986111111111111 0.0078125 0.016666666666666666
