6 0.554 0.33490566037735847 0.022 0.035849056603773584
6 0.8365 0.3179245283018868 0.021 0.0509433962264151
6 0.91 0.32452830188679244 0.022 0.045283018867924525
6 0.361 0.2641509433962264 0.018 0.033962264150943396
6 0.549 0.23018867924528302 0.01 0.022641509433962263
6 0.99 0.38018867924528305 0.016 0.0509433962264151
6 0.858 0.39905660377358493 0.03 0.07358490566037736
6 0.8975 0.3905660377358491 0.019 0.052830188679245285
6 0.858 0.3113207547169811 0.02 0.045283018867924525
6 0.729 0.25 0.012 0.03962264150943396
6 0.716 0.2632075471698113 0.012 0.035849056603773584
6 0.39 0.2528301886792453 0.01 0.022641509433962263
6 0.404 0.2537735849056604 0.01 0.024528301886792454
6 0.704 0.24622641509433962 0.01 0.020754716981132074
6 0.464 0.23867924528301887 0.012 0.020754716981132074
