6 0.490625 0.8706624605678234 0.0109375 0.028391167192429023
6 0.49765625 0.8099369085173501 0.0109375 0.02365930599369085
6 0.55703125 0.7641955835962145 0.021875 0.03627760252365931
6 0.548046875 0.7350157728706624 0.01171875 0.01892744479495268
6 0.578125 0.7121451104100947 0.009375 0.017350157728706624
6 0.571484375 0.7113564668769716 0.00859375 0.01892744479495268
6 0.566015625 0.7003154574132492 0.01015625 0.022082018927444796
6 0.577734375 0.6805993690851735 0.01015625 0.02365930599369085
6 0.572265625 0.6309148264984227 0.01171875 0.01892744479495268
6 0.55703125 0.6419558359621451 0.0109375 0.01892744479495268
6 0.58203125 0.6253943217665615 0.009375 0.02050473186119874
6 0.587109375 0.6498422712933754 0.01171875 0.022082018927444796
6 0.6015625 0.6443217665615142 0.009375 0.02050473186119874
6 0.623828125 0.6585173501577287 0.01015625 0.02365930599369085
6 0.629296875 0.638801261829653 0.00859375 0.01892744479495268
6 0.626953125 0.6175078864353313 0.00859375 0.017350157728706624
6 0.609765625 0.6206624605678234 0.01171875 0.017350157728706624
6 0.620703125 0.6048895899053628 0.00859375 0.017350157728706624
6 0.60859375 0.6056782334384858 0.0109375 0.01892744479495268
6 0.60859375 0.554416403785489 0.0140625 0.02050473186119874
6 0.621875 0.5378548895899053 0.0078125 0.028391167192429023
6 0.633984375 0.5 0.00703125 0.022082018927444796
6 0.64296875 0.5023659305993691 0.0078125 0.02050473186119874
6 0.655078125 0.49290220820189273 0.00703125 0.02050473186119874
6 0.651953125 0.47634069400630913 0.00703125 0.01892744479495268
6 0.6390625 0.48186119873817035 0.00625 0.017350157728706624
6 0.6328125 0.47397476340694006 0.0078125 0.02050473186119874
6 0.64140625 0.4471608832807571 0.0078125 0.02050473186119874
6 0.66328125 0.4613564668769716 0.0078125 0.02050473186119874
6 0.654296875 0.4582018927444795 0.01015625 0.02050473186119874
6 0.67578125 0.4242902208201893 0.0078125 0.015772870662460567
6 0.668359375 0.42665615141955837 0.00703125 0.017350157728706624
6 0.683203125 0.4116719242902208 0.00703125 0.01892744479495268
6 0.67890625 0.4085173501577287 0.0046875 0.012618296529968454
6 0.655078125 0.3856466876971609 0.00859375 0.017350157728706624
6 0.6640625 0.37381703470031546 0.0078125 0.015772870662460567
6 0.672265625 0.3280757097791798 0.00859375 0.015772870662460567
6 0.684375 0.3249211356466877 0.0078125 0.01892744479495268
6 0.69375 0.31545741324921134 0.0078125 0.015772870662460567
6 0.726171875 0.11908517350157728 0.00859375 0.02365930599369085
6 0.504296875 0.3312302839116719 0.01484375 0.022082018927444796
6 0.6046875 0.306782334384858 0.0140625 0.02365930599369085
6 0.651953125 0.3028391167192429 0.01015625 0.022082018927444796
6 0.46875 0.639589905362776 0.0078125 0.017350157728706624
6 0.508984375 0.6182965299684543 0.00859375 0.022082018927444796
6 0.525 0.6269716088328076 0.0078125 0.02365930599369085
6 0.508203125 0.6916403785488959 0.01015625 0.02996845425867508
6 0.53046875 0.6080441640378549 0.00625 0.014195583596214511
6 0.72890625 0.018138801261829655 0.0078125 0.011041009463722398
6 0.773046875 0.221608832807571 0.00703125 0.02365930599369085
6 0.76328125 0.12381703470031545 0.00625 0.011041009463722398
6 0.769140625 0.11514195583596215 0.00546875 0.015772870662460567
6 0.7765625 0.11514195583596215 0.0078125 0.01892744479495268
6 0.767578125 0.2823343848580442 0.00703125 0.01892744479495268
6 0.728515625 0.5070977917981072 0.00859375 0.02050473186119874
6 0.729296875 0.5591482649842271 0.01015625 0.033123028391167195
6 0.71484375 0.6435331230283912 0.0125 0.031545741324921134
6 0.669921875 0.7712933753943217 0.00859375 0.028391167192429023
6 0.832421875 0.5780757097791798 0.01015625 0.02365930599369085
6 0.807421875 0.46529968454258674 0.00859375 0.022082018927444796
6 0.845703125 0.44952681388012616 0.01484375 0.022082018927444796
6 0.882421875 0.4400630914826498 0.01328125 0.022082018927444796
6 0.823828125 0.07413249211356467 0.01484375 0.028391167192429023
6 0.126171875 0.36829652996845424 0.00546875 0.02050473186119874
