6 0.448046875 0.4465277777777778 0.03203125 0.08194444444444444
6 0.41484375 0.33958333333333335 0.0203125 0.043055555555555555
6 0.392578125 0.7854166666666667 0.03359375 0.11805555555555555
6 0.972265625 0.7020833333333333 0.05390625 0.12083333333333333
6 0.7765625 0.44305555555555554 0.0328125 0.08055555555555556
6 0.6234375 0.2048611111111111 0.0125 0.0375
6 0.648828125 0.18819444444444444 0.01015625 0.034722222222222224
6 0.57578125 0.08402777777777778 0.0078125 0.020833333333333332
6 0.4296875 0.1125 0.0046875 0.022222222222222223
6 0.4375 0.049305555555555554 0.0046875 0.015277777777777777
6 0.486328125 0.08680555555555555 0.00859375 0.02638888888888889
6 0.469921875 0.08611111111111111 0.00859375 0.025
6 0.43125 0.22083333333333333 0.0125 0.03611111111111111
6 0.450390625 0.2423611111111111 0.01328125 0.04027777777777778
