6 0.812 0.37641509433962267 0.06 0.13018867924528302
6 0.451 0.22641509433962265 0.042 0.10566037735849057
6 0.3685 0.24433962264150944 0.045 0.09622641509433963
6 0.862 0.2509433962264151 0.042 0.09056603773584905
6 0.7885 0.15660377358490565 0.033 0.06037735849056604
6 0.3635 0.13773584905660377 0.033 0.07924528301886792
6 0.2945 0.04622641509433962 0.025 0.05849056603773585
6 0.707 0.09716981132075472 0.03 0.05849056603773585
6 0.4695 0.0660377358490566 0.025 0.04905660377358491
6 0.4115 0.04905660377358491 0.029 0.06037735849056604
