6 0.105078125 0.18472222222222223 0.01640625 0.019444444444444445
6 0.6078125 0.59375 0.01875 0.020833333333333332
6 0.562109375 0.4583333333333333 0.00859375 0.016666666666666666
6 0.496484375 0.3763888888888889 0.00859375 0.013888888888888888
6 0.5203125 0.3194444444444444 0.0078125 0.013888888888888888
6 0.55546875 0.23402777777777778 0.0078125 0.0125
6 0.5890625 0.9416666666666667 0.0203125 0.022222222222222223
6 0.598828125 0.925 0.01796875 0.019444444444444445
6 0.6109375 0.8930555555555556 0.0171875 0.019444444444444445
6 0.58046875 0.8743055555555556 0.01875 0.018055555555555554
6 0.52265625 0.84375 0.0203125 0.020833333333333332
6 0.5078125 0.7902777777777777 0.0171875 0.025
6 0.599609375 0.10416666666666667 0.00703125 0.013888888888888888
6 0.58984375 0.07361111111111111 0.0046875 0.011111111111111112
6 0.133984375 0.4486111111111111 0.01171875 0.016666666666666666
6 0.1125 0.45416666666666666 0.0171875 0.019444444444444445
6 0.024609375 0.31805555555555554 0.01171875 0.016666666666666666
6 0.046875 0.3 0.0140625 0.013888888888888888
6 0.068359375 0.29583333333333334 0.01328125 0.011111111111111112
6 0.205078125 0.4666666666666667 0.01171875 0.013888888888888888
6 0.1765625 0.4395833333333333 0.0125 0.009722222222222222
6 0.41171875 0.9263888888888889 0.0203125 0.027777777777777776
6 0.523046875 0.49722222222222223 0.01015625 0.016666666666666666
6 0.73828125 0.37777777777777777 0.0078125 0.016666666666666666
6 0.745703125 0.38125 0.00546875 0.015277777777777777
6 0.74296875 0.40902777777777777 0.00625 0.015277777777777777
6 0.774609375 0.4861111111111111 0.00703125 0.019444444444444445
6 0.777734375 0.5256944444444445 0.00546875 0.015277777777777777
6 0.791015625 0.6083333333333333 0.00859375 0.019444444444444445
6 0.7125 0.6090277777777777 0.0078125 0.020833333333333332
6 0.719921875 0.5840277777777778 0.00546875 0.015277777777777777
6 0.7359375 0.6069444444444444 0.0078125 0.016666666666666666
6 0.703515625 0.6625 0.00546875 0.016666666666666666
6 0.694921875 0.7006944444444444 0.00546875 0.015277777777777777
6 0.715234375 0.6694444444444444 0.00859375 0.022222222222222223
6 0.712890625 0.6472222222222223 0.00703125 0.019444444444444445
6 0.724609375 0.6347222222222222 0.00703125 0.013888888888888888
6 0.792578125 0.7222222222222222 0.01171875 0.013888888888888888
6 0.8046875 0.7138888888888889 0.0078125 0.016666666666666666
6 0.649609375 0.7701388888888889 0.00703125 0.015277777777777777
6 0.848046875 0.9159722222222222 0.00703125 0.020833333333333332
6 0.82578125 0.8888888888888888 0.00625 0.016666666666666666
6 0.838671875 0.8791666666666667 0.00703125 0.022222222222222223
6 0.8453125 0.8666666666666667 0.0078125 0.019444444444444445
6 0.83359375 0.85 0.00625 0.013888888888888888
6 0.857421875 0.8694444444444445 0.00859375 0.013888888888888888
6 0.71953125 0.19027777777777777 0.00625 0.016666666666666666
6 0.725390625 0.19166666666666668 0.00546875 0.016666666666666666
6 0.71796875 0.17569444444444443 0.00625 0.009722222222222222
6 0.72421875 0.17847222222222223 0.00625 0.015277777777777777
6 0.7109375 0.1798611111111111 0.0046875 0.015277777777777777
6 0.708984375 0.16597222222222222 0.00546875 0.0125
6 0.766796875 0.2048611111111111 0.00546875 0.0125
6 0.805078125 0.28680555555555554 0.00546875 0.015277777777777777
6 0.0359375 0.4840277777777778 0.0140625 0.009722222222222222
6 0.066796875 0.5159722222222223 0.01484375 0.015277777777777777
6 0.03671875 0.5034722222222222 0.0140625 0.0125
6 0.2828125 0.5444444444444444 0.0171875 0.016666666666666666
6 0.469140625 0.7388888888888889 0.01328125 0.019444444444444445
6 0.425 0.7319444444444444 0.015625 0.019444444444444445
6 0.457421875 0.9833333333333333 0.01796875 0.030555555555555555
6 0.50859375 0.3076388888888889 0.0078125 0.0125
6 0.652734375 0.04236111111111111 0.00703125 0.020833333333333332
6 0.475 0.7756944444444445 0.015625 0.018055555555555554
6 0.4359375 0.9263888888888889 0.0203125 0.025
6 0.405078125 0.8847222222222222 0.01484375 0.019444444444444445
6 0.244921875 0.8541666666666666 0.01640625 0.016666666666666666
6 0.689453125 0.03680555555555556 0.00703125 0.018055555555555554
