6 0.0625 0.5660377358490566 0.119 0.21132075471698114
6 0.441 0.3320754716981132 0.032 0.06415094339622641
6 0.5325 0.2943396226415094 0.019 0.045283018867924525
6 0.5195 0.2839622641509434 0.013 0.03962264150943396
6 0.9195 0.2688679245283019 0.015 0.03207547169811321
6 0.933 0.2660377358490566 0.012 0.022641509433962263
6 0.947 0.2622641509433962 0.014 0.03018867924528302
6 0.8855 0.25471698113207547 0.013 0.04150943396226415
6 0.639 0.2490566037735849 0.012 0.026415094339622643
6 0.745 0.23867924528301887 0.016 0.024528301886792454
6 0.877 0.25754716981132075 0.012 0.035849056603773584
6 0.6635 0.2688679245283019 0.017 0.03207547169811321
