6 0.2045 0.4367924528301887 0.041 0.07358490566037736
6 0.377 0.7820754716981132 0.072 0.19056603773584907
6 0.4215 0.9292452830188679 0.075 0.13773584905660377
6 0.2175 0.3150943396226415 0.031 0.09811320754716982
6 0.3025 0.12547169811320755 0.021 0.03962264150943396
6 0.7365 0.3481132075471698 0.041 0.08867924528301886
6 0.9125 0.45943396226415095 0.053 0.1
6 0.7165 0.22924528301886793 0.025 0.0660377358490566
6 0.6735 0.16981132075471697 0.027 0.05660377358490566
6 0.8485 0.3113207547169811 0.033 0.07169811320754717
6 0.6155 0.17830188679245282 0.023 0.05849056603773585
