6 0.5845 0.4169811320754717 0.031 0.04905660377358491
6 0.344 0.2783018867924528 0.018 0.035849056603773584
6 0.263 0.3339622641509434 0.03 0.07547169811320754
6 0.8715 0.33867924528301885 0.021 0.062264150943396226
6 0.81 0.2839622641509434 0.02 0.035849056603773584
6 0.3755 0.25849056603773585 0.017 0.033962264150943396
6 0.392 0.2641509433962264 0.016 0.026415094339622643
6 0.789 0.3132075471698113 0.024 0.04150943396226415
6 0.774 0.27169811320754716 0.018 0.026415094339622643
6 0.6945 0.24622641509433962 0.015 0.02830188679245283
6 0.662 0.24339622641509434 0.014 0.03018867924528302
6 0.5485 0.23679245283018868 0.011 0.016981132075471698
6 0.9855 0.3849056603773585 0.027 0.06792452830188679
6 0.956 0.41509433962264153 0.026 0.0830188679245283
6 0.5255 0.2349056603773585 0.011 0.016981132075471698
6 0.8915 0.36698113207547167 0.023 0.07358490566037736
