6 0.2828125 0.8406940063091483 0.0140625 0.031545741324921134
6 0.353515625 0.6238170347003155 0.01171875 0.026813880126182965
6 0.3671875 0.5725552050473186 0.0125 0.025236593059936908
6 0.396875 0.45425867507886436 0.0078125 0.028391167192429023
6 0.407421875 0.41246056782334384 0.00859375 0.02050473186119874
6 0.5171875 0.40141955835962145 0.0078125 0.033123028391167195
6 0.54453125 0.38091482649842273 0.009375 0.02996845425867508
6 0.54765625 0.32965299684542587 0.0078125 0.028391167192429023
6 0.53046875 0.22949526813880125 0.0078125 0.02050473186119874
6 0.526953125 0.250788643533123 0.00703125 0.01892744479495268
6 0.573046875 0.12460567823343849 0.00859375 0.01892744479495268
6 0.56640625 0.06624605678233439 0.009375 0.031545741324921134
6 0.50078125 0.10725552050473186 0.00625 0.015772870662460567
6 0.458203125 0.19085173501577288 0.00546875 0.022082018927444796
6 0.455078125 0.21845425867507887 0.00703125 0.017350157728706624
6 0.44296875 0.24842271293375395 0.009375 0.02365930599369085
6 0.42890625 0.2870662460567823 0.0078125 0.01892744479495268
6 0.399609375 0.3028391167192429 0.00859375 0.01892744479495268
6 0.415234375 0.2886435331230284 0.00859375 0.022082018927444796
6 0.4140625 0.2539432176656151 0.0078125 0.01892744479495268
6 0.426171875 0.2421135646687697 0.01015625 0.017350157728706624
6 0.3109375 0.022082018927444796 0.0109375 0.01892744479495268
6 0.583984375 0.48264984227129337 0.00859375 0.028391167192429023
6 0.715625 0.8840694006309149 0.0140625 0.04574132492113565
6 0.750390625 0.8517350157728707 0.01640625 0.04416403785488959
6 0.738671875 0.8107255520504731 0.01328125 0.031545741324921134
6 0.648828125 0.6506309148264984 0.01171875 0.02996845425867508
6 0.67265625 0.6222397476340694 0.009375 0.026813880126182965
6 0.6328125 0.5496845425867508 0.0078125 0.02996845425867508
6 0.632421875 0.49053627760252366 0.00859375 0.025236593059936908
6 0.65390625 0.49842271293375395 0.0078125 0.01892744479495268
6 0.65703125 0.5283911671924291 0.0078125 0.025236593059936908
6 0.659765625 0.4384858044164038 0.00859375 0.025236593059936908
6 0.641015625 0.01498422712933754 0.00859375 0.02050473186119874
6 0.354296875 0.9700315457413249 0.01171875 0.031545741324921134
6 0.3703125 0.8943217665615142 0.0125 0.028391167192429023
6 0.397265625 0.7468454258675079 0.01171875 0.02996845425867508
6 0.508984375 0.7318611987381703 0.00859375 0.03785488958990536
