6 0.394 0.389622641509434 0.032 0.05471698113207547
6 0.226 0.4688679245283019 0.048 0.09245283018867924
6 0.292 0.9207547169811321 0.076 0.15471698113207547
6 0.1495 0.7254716981132076 0.071 0.11509433962264151
6 0.3875 0.30566037735849055 0.043 0.07169811320754717
6 0.398 0.2009433962264151 0.028 0.04716981132075472
6 0.341 0.2490566037735849 0.036 0.06415094339622641
6 0.297 0.2179245283018868 0.026 0.04339622641509434
6 0.2765 0.18679245283018867 0.023 0.05660377358490566
6 0.7665 0.24245283018867925 0.035 0.08490566037735849
