6 0.671 0.26132075471698113 0.012 0.04716981132075472
6 0.6185 0.25660377358490566 0.011 0.03773584905660377
6 0.6795 0.23962264150943396 0.011 0.03773584905660377
6 0.653 0.2490566037735849 0.014 0.04150943396226415
6 0.588 0.2018867924528302 0.012 0.033962264150943396
6 0.605 0.2169811320754717 0.012 0.033962264150943396
6 0.6195 0.2188679245283019 0.013 0.033962264150943396
6 0.387 0.19056603773584907 0.008 0.018867924528301886
6 0.3945 0.19150943396226416 0.007 0.016981132075471698
6 0.4095 0.18962264150943398 0.009 0.024528301886792454
