6 0.4140625 0.3090277777777778 0.0140625 0.0375
6 0.440234375 0.2361111111111111 0.01328125 0.030555555555555555
6 0.3953125 0.2298611111111111 0.0140625 0.0375
6 0.42421875 0.22152777777777777 0.0140625 0.0375
6 0.392578125 0.16041666666666668 0.01171875 0.02638888888888889
6 0.45 0.14652777777777778 0.0109375 0.02638888888888889
6 0.887890625 0.5347222222222222 0.03046875 0.058333333333333334
6 0.72890625 0.3368055555555556 0.0328125 0.07361111111111111
6 0.6171875 0.18680555555555556 0.0203125 0.034722222222222224
6 0.59609375 0.14166666666666666 0.0171875 0.044444444444444446
