9 0.58359375 0.78125 0.0359375 0.1125
9 0.4765625 0.41388888888888886 0.028125 0.07222222222222222
9 0.312890625 0.5006944444444444 0.02421875 0.059722222222222225
9 0.31796875 0.3159722222222222 0.028125 0.05138888888888889
9 0.31171875 0.1763888888888889 0.015625 0.044444444444444446
9 0.330078125 0.1736111111111111 0.02109375 0.05
9 0.3359375 0.13333333333333333 0.01875 0.05
9 0.573828125 0.13472222222222222 0.01640625 0.03888888888888889
9 0.56015625 0.11805555555555555 0.028125 0.03888888888888889
9 0.4265625 0.05416666666666667 0.0171875 0.044444444444444446
9 0.41328125 0.029861111111111113 0.015625 0.04027777777777778
9 0.313671875 0.1486111111111111 0.01796875 0.04722222222222222
9 0.34453125 0.07291666666666667 0.0203125 0.05138888888888889
9 0.653515625 0.8465277777777778 0.03984375 0.10416666666666667
