9 0.440625 0.32222222222222224 0.025 0.06388888888888888
9 0.141015625 0.6986111111111111 0.03515625 0.10277777777777777
9 0.369921875 0.2902777777777778 0.02578125 0.06388888888888888
9 0.2828125 0.06319444444444444 0.0171875 0.03194444444444444
9 0.331640625 0.05694444444444444 0.01484375 0.03333333333333333
9 0.30859375 0.013888888888888888 0.0140625 0.025
9 0.540234375 0.17569444444444443 0.02109375 0.04027777777777778
9 0.4984375 0.14027777777777778 0.0234375 0.03888888888888889
9 0.480078125 0.12361111111111112 0.01484375 0.03333333333333333
9 0.46875 0.10694444444444444 0.0171875 0.03611111111111111
