9 0.54296875 0.21319444444444444 0.015625 0.04583333333333333
9 0.51171875 0.3909722222222222 0.0265625 0.08472222222222223
9 0.527734375 0.3506944444444444 0.01953125 0.06527777777777778
9 0.476953125 0.09652777777777778 0.01484375 0.04861111111111111
9 0.74296875 0.5965277777777778 0.03125 0.08194444444444444
9 0.708203125 0.47638888888888886 0.03046875 0.075
9 0.603515625 0.2534722222222222 0.01640625 0.043055555555555555
9 0.221875 0.6902777777777778 0.0609375 0.10555555555555556
9 0.34375 0.6027777777777777 0.0421875 0.08333333333333333
9 0.5390625 0.17708333333333334 0.015625 0.034722222222222224
