9 0.40390625 0.050694444444444445 0.0234375 0.0375
9 0.45390625 0.14027777777777778 0.028125 0.04722222222222222
9 0.3296875 0.8145833333333333 0.0546875 0.10972222222222222
9 0.625390625 0.7756944444444445 0.07265625 0.1486111111111111
9 0.25625 0.18263888888888888 0.0328125 0.059722222222222225
9 0.104296875 0.6868055555555556 0.05078125 0.10694444444444444
9 0.628125 0.09027777777777778 0.0359375 0.05
9 0.694140625 0.12777777777777777 0.03359375 0.03888888888888889
9 0.5828125 0.05694444444444444 0.021875 0.03888888888888889
9 0.5984375 0.075 0.0234375 0.044444444444444446
