9 0.0671875 0.8597222222222223 0.0703125 0.12222222222222222
9 0.66015625 0.6479166666666667 0.0296875 0.10416666666666667
9 0.665625 0.4375 0.03125 0.09444444444444444
9 0.699609375 0.9333333333333333 0.03203125 0.12222222222222222
9 0.610546875 0.40694444444444444 0.02421875 0.075
9 0.73828125 0.5270833333333333 0.03125 0.0875
9 0.582421875 0.45069444444444445 0.02421875 0.08472222222222223
9 0.723828125 0.4305555555555556 0.02578125 0.08333333333333333
9 0.679296875 0.18333333333333332 0.03359375 0.07222222222222222
9 0.5359375 0.03888888888888889 0.0140625 0.03888888888888889
9 0.602734375 0.225 0.01953125 0.06666666666666667
