9 0.6390625 0.66875 0.0375 0.11805555555555555
9 0.57890625 0.49444444444444446 0.0265625 0.07777777777777778
9 0.42578125 0.3451388888888889 0.0203125 0.05694444444444444
9 0.451171875 0.21041666666666667 0.01796875 0.043055555555555555
9 0.44765625 0.09861111111111111 0.01875 0.04722222222222222
9 0.466796875 0.10069444444444445 0.01953125 0.04583333333333333
9 0.700390625 0.12222222222222222 0.01484375 0.044444444444444446
9 0.68828125 0.10277777777777777 0.028125 0.041666666666666664
9 0.469140625 0.075 0.02109375 0.05
9 0.45078125 0.07569444444444444 0.015625 0.03194444444444444
9 0.549609375 0.07569444444444444 0.01640625 0.04861111111111111
9 0.574609375 0.12708333333333333 0.01953125 0.05138888888888889
9 0.473046875 0.015277777777777777 0.01953125 0.027777777777777776
9 0.540625 0.02013888888888889 0.0140625 0.034722222222222224
