9 0.676171875 0.8715277777777778 0.03046875 0.12916666666666668
9 0.584765625 0.40694444444444444 0.01953125 0.075
9 0.710546875 0.8138888888888889 0.03203125 0.13055555555555556
9 0.427734375 0.41458333333333336 0.03515625 0.06805555555555555
9 0.644921875 0.31527777777777777 0.02578125 0.07777777777777778
9 0.608203125 0.15833333333333333 0.01953125 0.05555555555555555
9 0.570703125 0.03819444444444445 0.01328125 0.04583333333333333
9 0.550390625 0.021527777777777778 0.01328125 0.0375
9 0.7140625 0.38958333333333334 0.025 0.06527777777777778
9 0.098828125 0.9048611111111111 0.07265625 0.1375
9 0.716796875 0.9430555555555555 0.03671875 0.1
