9 0.4125 0.47708333333333336 0.021875 0.06805555555555555
9 0.650390625 0.5520833333333334 0.02734375 0.0763888888888889
9 0.492578125 0.4409722222222222 0.02734375 0.0763888888888889
9 0.507421875 0.3875 0.02421875 0.06944444444444445
9 0.520703125 0.2611111111111111 0.01953125 0.04722222222222222
9 0.241015625 0.7152777777777778 0.03515625 0.07777777777777778
9 0.398828125 0.06180555555555556 0.01484375 0.0375
9 0.676953125 0.5333333333333333 0.03046875 0.08055555555555556
9 0.45703125 0.15138888888888888 0.015625 0.044444444444444446
9 0.47578125 0.08472222222222223 0.0125 0.030555555555555555
9 0.649609375 0.4444444444444444 0.02578125 0.06666666666666667
9 0.4984375 0.09166666666666666 0.0140625 0.03888888888888889
9 0.566796875 0.11180555555555556 0.01484375 0.03194444444444444
