9 0.513671875 0.6569444444444444 0.02890625 0.09166666666666666
9 0.568359375 0.7284722222222222 0.03046875 0.06527777777777778
9 0.252734375 0.6458333333333334 0.02734375 0.075
9 0.3609375 0.2263888888888889 0.0203125 0.058333333333333334
9 0.25 0.3590277777777778 0.0234375 0.05138888888888889
9 0.353515625 0.03194444444444444 0.01796875 0.041666666666666664
9 0.510546875 0.13958333333333334 0.01640625 0.04583333333333333
9 0.49609375 0.12152777777777778 0.028125 0.043055555555555555
9 0.241015625 0.22152777777777777 0.02109375 0.04861111111111111
9 0.2625 0.2152777777777778 0.0234375 0.058333333333333334
9 0.2453125 0.18819444444444444 0.01875 0.04861111111111111
9 0.267578125 0.1638888888888889 0.02109375 0.05555555555555555
9 0.278515625 0.09375 0.02109375 0.05694444444444444
9 0.335546875 0.02013888888888889 0.01640625 0.0375
