9 0.2890625 0.525 0.025 0.04722222222222222
9 0.371875 0.31875 0.021875 0.0625
9 0.646875 0.5576388888888889 0.028125 0.0763888888888889
9 0.4890625 0.45 0.0265625 0.07777777777777778
9 0.503515625 0.39444444444444443 0.02421875 0.06944444444444445
9 0.514453125 0.2638888888888889 0.01953125 0.04722222222222222
9 0.404296875 0.18333333333333332 0.02109375 0.06111111111111111
9 0.297265625 0.9111111111111111 0.05234375 0.1111111111111111
9 0.451953125 0.1597222222222222 0.01328125 0.05
9 0.494140625 0.09722222222222222 0.01328125 0.05
9 0.47109375 0.08819444444444445 0.0171875 0.029166666666666667
9 0.671484375 0.5375 0.02734375 0.07777777777777778
9 0.644921875 0.4465277777777778 0.02578125 0.07083333333333333
9 0.523046875 0.07291666666666667 0.01328125 0.034722222222222224
