9 0.501953125 0.48333333333333334 0.02734375 0.06666666666666667
9 0.47109375 0.45416666666666666 0.028125 0.06666666666666667
9 0.52890625 0.3229166666666667 0.01875 0.05416666666666667
9 0.545703125 0.26944444444444443 0.01796875 0.04722222222222222
9 0.635546875 0.2361111111111111 0.01171875 0.030555555555555555
9 0.6265625 0.22569444444444445 0.0203125 0.0375
9 0.611328125 0.21388888888888888 0.01328125 0.03333333333333333
9 0.6015625 0.19652777777777777 0.0171875 0.03194444444444444
9 0.527734375 0.22777777777777777 0.01640625 0.03611111111111111
9 0.4875 0.1451388888888889 0.0125 0.03194444444444444
9 0.281640625 0.3645833333333333 0.02890625 0.029166666666666667
