9 0.04765625 0.9159722222222222 0.0640625 0.10138888888888889
9 0.48046875 0.8694444444444445 0.0359375 0.12222222222222222
9 0.468359375 0.4527777777777778 0.02578125 0.08611111111111111
9 0.417578125 0.3951388888888889 0.02265625 0.07083333333333333
9 0.391015625 0.20208333333333334 0.01796875 0.05416666666666667
9 0.541796875 0.3 0.02109375 0.06666666666666667
9 0.374609375 0.0125 0.01171875 0.025
9 0.3890625 0.029166666666666667 0.0140625 0.030555555555555555
9 0.406640625 0.27361111111111114 0.01796875 0.05
9 0.38359375 0.11388888888888889 0.015625 0.044444444444444446
