9 0.4078125 0.2048611111111111 0.025 0.059722222222222225
9 0.748046875 0.65 0.03515625 0.08333333333333333
9 0.63671875 0.50625 0.028125 0.0763888888888889
9 0.476171875 0.39375 0.02421875 0.08194444444444444
9 0.491796875 0.3486111111111111 0.02421875 0.06944444444444445
9 0.501953125 0.21388888888888888 0.01953125 0.04722222222222222
9 0.371875 0.11319444444444444 0.015625 0.0375
9 0.3875 0.07847222222222222 0.025 0.05694444444444444
9 0.436328125 0.10347222222222222 0.01484375 0.04583333333333333
9 0.478515625 0.03958333333333333 0.01484375 0.04583333333333333
9 0.663671875 0.4875 0.02734375 0.07777777777777778
9 0.4546875 0.02847222222222222 0.0125 0.02638888888888889
