9 0.6890625 0.3923611111111111 0.0203125 0.07361111111111111
9 0.31875 0.5944444444444444 0.0421875 0.08055555555555556
9 0.52109375 0.1125 0.015625 0.04722222222222222
9 0.53046875 0.25069444444444444 0.0171875 0.05416666666666667
9 0.544140625 0.32916666666666666 0.02109375 0.06111111111111111
9 0.605859375 0.56875 0.03359375 0.10138888888888889
9 0.5578125 0.5076388888888889 0.025 0.09027777777777778
9 0.515234375 0.011111111111111112 0.01171875 0.022222222222222223
9 0.52890625 0.02847222222222222 0.0125 0.03194444444444444
9 0.540625 0.02847222222222222 0.0109375 0.034722222222222224
9 0.616796875 0.04027777777777778 0.01171875 0.019444444444444445
9 0.596875 0.05 0.0109375 0.022222222222222223
9 0.609765625 0.09652777777777778 0.01171875 0.020833333333333332
