7 0.59296875 0.6291666666666667 0.0234375 0.06944444444444445
7 0.14609375 0.48819444444444443 0.0140625 0.08194444444444444
7 0.1125 0.48680555555555555 0.0125 0.08194444444444444
7 0.13203125 0.48055555555555557 0.015625 0.07777777777777778
7 0.544921875 0.64375 0.01953125 0.06527777777777778
7 0.320703125 0.30416666666666664 0.01171875 0.058333333333333334
7 0.148046875 0.4701388888888889 0.01796875 0.07916666666666666
7 0.13046875 0.44513888888888886 0.0171875 0.04583333333333333
7 0.41171875 0.006944444444444444 0.0078125 0.013888888888888888
7 0.429296875 0.044444444444444446 0.00859375 0.013888888888888888
7 0.494921875 0.11597222222222223 0.01171875 0.02638888888888889
7 0.54765625 0.1840277777777778 0.009375 0.03194444444444444
7 0.5046875 0.08055555555555556 0.0078125 0.03611111111111111
7 0.46796875 0.034027777777777775 0.00625 0.02361111111111111
7 0.4578125 0.034027777777777775 0.0078125 0.015277777777777777
7 0.40859375 0.035416666666666666 0.00625 0.020833333333333332
