7 0.12578125 0.4875 0.015625 0.07222222222222222
7 0.10625 0.4895833333333333 0.0125 0.08194444444444444
7 0.14609375 0.48680555555555555 0.0125 0.08472222222222223
7 0.53203125 0.375 0.015625 0.03611111111111111
7 0.537890625 0.4583333333333333 0.01953125 0.058333333333333334
7 0.551171875 0.3763888888888889 0.01640625 0.05277777777777778
7 0.13828125 0.4777777777777778 0.0140625 0.07777777777777778
7 0.12421875 0.4479166666666667 0.01875 0.0375
7 0.5015625 0.09444444444444444 0.00625 0.03611111111111111
7 0.516015625 0.1361111111111111 0.00703125 0.03333333333333333
