7 0.38046875 0.6763888888888889 0.0109375 0.027777777777777776
7 0.383203125 0.41458333333333336 0.01171875 0.018055555555555554
7 0.45703125 0.24097222222222223 0.009375 0.020833333333333332
7 0.433203125 0.1701388888888889 0.00859375 0.015277777777777777
7 0.444921875 0.09444444444444444 0.00546875 0.016666666666666666
7 0.701953125 0.8944444444444445 0.01171875 0.019444444444444445
7 0.694140625 0.8208333333333333 0.01015625 0.019444444444444445
7 0.68203125 0.8819444444444444 0.0125 0.019444444444444445
7 0.662109375 0.8736111111111111 0.01328125 0.022222222222222223
7 0.647265625 0.8888888888888888 0.01328125 0.016666666666666666
7 0.645703125 0.8145833333333333 0.01328125 0.020833333333333332
7 0.640625 0.6194444444444445 0.0078125 0.025
7 0.640234375 0.6652777777777777 0.01171875 0.030555555555555555
7 0.60859375 0.7986111111111112 0.0078125 0.025
7 0.7703125 0.9444444444444444 0.009375 0.03333333333333333
7 0.7515625 0.8444444444444444 0.0109375 0.03333333333333333
7 0.186328125 0.7493055555555556 0.00859375 0.02361111111111111
7 0.0828125 0.7840277777777778 0.0109375 0.0375
7 0.06328125 0.7868055555555555 0.0109375 0.0375
7 0.09296875 0.7645833333333333 0.0109375 0.0375
7 0.0484375 0.7472222222222222 0.0109375 0.03611111111111111
7 0.35234375 0.8375 0.0125 0.03888888888888889
7 0.346875 0.8701388888888889 0.0109375 0.0375
7 0.690234375 0.5305555555555556 0.00859375 0.044444444444444446
7 0.400390625 0.9805555555555555 0.01015625 0.025
7 0.037890625 0.5388888888888889 0.01328125 0.030555555555555555
7 0.28671875 0.48819444444444443 0.009375 0.03194444444444444
7 0.266015625 0.48125 0.00703125 0.018055555555555554
7 0.421875 0.1638888888888889 0.00625 0.027777777777777776
7 0.30703125 0.29375 0.009375 0.02361111111111111
7 0.3203125 0.27291666666666664 0.0078125 0.02638888888888889
7 0.1234375 0.42430555555555555 0.0078125 0.015277777777777777
7 0.128515625 0.4097222222222222 0.00859375 0.030555555555555555
7 0.759375 0.9013888888888889 0.00625 0.025
7 0.75625 0.8784722222222222 0.009375 0.02361111111111111
7 0.66328125 0.8777777777777778 0.0109375 0.025
7 0.647265625 0.8506944444444444 0.01328125 0.02361111111111111
7 0.690625 0.8548611111111111 0.0109375 0.020833333333333332
7 0.648046875 0.7659722222222223 0.01015625 0.018055555555555554
7 0.64296875 0.7375 0.009375 0.019444444444444445
7 0.646484375 0.7041666666666667 0.00859375 0.025
7 0.639453125 0.6770833333333334 0.01015625 0.02361111111111111
7 0.640625 0.6465277777777778 0.0125 0.020833333333333332
7 0.63828125 0.4777777777777778 0.0078125 0.03333333333333333
7 0.587109375 0.4 0.01015625 0.016666666666666666
7 0.553515625 0.16805555555555557 0.00859375 0.019444444444444445
7 0.537890625 0.12291666666666666 0.00703125 0.018055555555555554
7 0.5953125 0.075 0.00625 0.019444444444444445
7 0.658984375 0.25069444444444444 0.01015625 0.020833333333333332
7 0.69453125 0.4131944444444444 0.0078125 0.015277777777777777
7 0.673046875 0.40208333333333335 0.00859375 0.018055555555555554
7 0.701171875 0.45069444444444445 0.00859375 0.020833333333333332
7 0.71171875 0.46458333333333335 0.009375 0.018055555555555554
7 0.080859375 0.4673611111111111 0.01015625 0.029166666666666667
7 0.558984375 0.07708333333333334 0.00546875 0.0125
7 0.53984375 0.2847222222222222 0.0078125 0.025
7 0.576953125 0.41180555555555554 0.00859375 0.020833333333333332
