7 0.233984375 0.7166666666666667 0.01015625 0.030555555555555555
7 0.423046875 0.85 0.01015625 0.03888888888888889
7 0.2421875 0.9402777777777778 0.0171875 0.041666666666666664
7 0.046484375 0.9583333333333334 0.01015625 0.030555555555555555
7 0.673828125 0.8298611111111112 0.01015625 0.02361111111111111
7 0.691015625 0.8152777777777778 0.01171875 0.025
7 0.709375 0.8291666666666667 0.009375 0.025
7 0.728515625 0.8354166666666667 0.01015625 0.02361111111111111
7 0.718359375 0.7979166666666667 0.00859375 0.02361111111111111
7 0.722265625 0.7611111111111111 0.01015625 0.030555555555555555
7 0.784765625 0.8013888888888889 0.01015625 0.025
7 0.6734375 0.7569444444444444 0.009375 0.022222222222222223
7 0.67578125 0.7875 0.0125 0.022222222222222223
7 0.6359375 0.7319444444444444 0.009375 0.027777777777777776
7 0.597265625 0.6729166666666667 0.00703125 0.0125
7 0.676171875 0.7076388888888889 0.01015625 0.02361111111111111
7 0.673046875 0.6715277777777777 0.01015625 0.02361111111111111
7 0.669921875 0.6159722222222223 0.00859375 0.02361111111111111
7 0.670703125 0.5826388888888889 0.00703125 0.020833333333333332
7 0.670703125 0.5555555555555556 0.00703125 0.019444444444444445
7 0.824609375 0.7 0.00859375 0.016666666666666666
7 0.847265625 0.6604166666666667 0.00859375 0.015277777777777777
7 0.217578125 0.46597222222222223 0.01015625 0.03194444444444444
7 0.2234375 0.7423611111111111 0.0140625 0.04861111111111111
7 0.204296875 0.7451388888888889 0.01015625 0.0375
7 0.2125 0.7583333333333333 0.009375 0.03888888888888889
7 0.182421875 0.7881944444444444 0.01015625 0.0375
7 0.141015625 0.7194444444444444 0.01015625 0.03888888888888889
7 0.205859375 0.7909722222222222 0.01015625 0.0375
7 0.2015625 0.7666666666666667 0.009375 0.03888888888888889
7 0.211328125 0.45902777777777776 0.01015625 0.03194444444444444
7 0.240625 0.41041666666666665 0.0109375 0.03194444444444444
7 0.175 0.39444444444444443 0.0109375 0.03333333333333333
7 0.426171875 0.24722222222222223 0.00859375 0.019444444444444445
7 0.489453125 0.12361111111111112 0.00859375 0.019444444444444445
7 0.4765625 0.016666666666666666 0.0046875 0.016666666666666666
7 0.48984375 0.016666666666666666 0.0046875 0.016666666666666666
7 0.67734375 0.6506944444444445 0.0109375 0.02361111111111111
7 0.69609375 0.4166666666666667 0.00625 0.03611111111111111
7 0.128515625 0.8902777777777777 0.01015625 0.030555555555555555
7 0.10546875 0.6958333333333333 0.0078125 0.030555555555555555
7 0.1 0.6986111111111111 0.0078125 0.030555555555555555
7 0.669921875 0.3138888888888889 0.00859375 0.03888888888888889
7 0.146484375 0.43125 0.00859375 0.03194444444444444
7 0.086328125 0.4625 0.01015625 0.03333333333333333
7 0.09765625 0.4125 0.009375 0.027777777777777776
7 0.728515625 0.48055555555555557 0.00859375 0.016666666666666666
7 0.6859375 0.22291666666666668 0.009375 0.020833333333333332
7 0.565625 0.16666666666666666 0.0078125 0.016666666666666666
7 0.592578125 0.12708333333333333 0.00703125 0.018055555555555554
7 0.571484375 0.1326388888888889 0.00703125 0.02638888888888889
7 0.111328125 0.7076388888888889 0.01171875 0.029166666666666667
7 0.33984375 0.22777777777777777 0.00625 0.025
7 0.670703125 0.15555555555555556 0.00703125 0.016666666666666666
7 0.573828125 0.06388888888888888 0.00546875 0.011111111111111112
7 0.69296875 0.31180555555555556 0.0078125 0.018055555555555554
