7 0.642578125 0.6659722222222222 0.01953125 0.0375
7 0.734765625 0.5847222222222223 0.01796875 0.027777777777777776
7 0.759375 0.8951388888888889 0.021875 0.043055555555555555
7 0.753125 0.5659722222222222 0.01875 0.05694444444444444
7 0.9078125 0.94375 0.0203125 0.05416666666666667
7 0.67578125 0.5888888888888889 0.0109375 0.03611111111111111
7 0.74140625 0.6979166666666666 0.0109375 0.02638888888888889
7 0.66953125 0.19305555555555556 0.0078125 0.022222222222222223
7 0.411328125 0.17847222222222223 0.01484375 0.02638888888888889
7 0.419140625 0.08194444444444444 0.01015625 0.025
7 0.437109375 0.22083333333333333 0.01015625 0.019444444444444445
7 0.414453125 0.22083333333333333 0.01328125 0.019444444444444445
7 0.74296875 0.2534722222222222 0.015625 0.04583333333333333
