7 0.647265625 0.5423611111111111 0.01796875 0.059722222222222225
7 0.167578125 0.6076388888888888 0.01640625 0.0763888888888889
7 0.1953125 0.60625 0.0171875 0.08194444444444444
7 0.2359375 0.5826388888888889 0.015625 0.0763888888888889
7 0.18203125 0.5875 0.0140625 0.08333333333333333
7 0.992578125 0.2763888888888889 0.01328125 0.03333333333333333
7 0.191015625 0.5763888888888888 0.01484375 0.08333333333333333
7 0.1734375 0.6041666666666666 0.0140625 0.07777777777777778
7 0.471875 0.09583333333333334 0.00625 0.019444444444444445
7 0.4625 0.17708333333333334 0.0078125 0.020833333333333332
