7 0.56640625 0.23402777777777778 0.0203125 0.06805555555555555
7 0.9234375 0.5055555555555555 0.040625 0.07222222222222222
7 0.981640625 0.23055555555555557 0.02578125 0.04722222222222222
7 0.836328125 0.22847222222222222 0.02421875 0.0625
7 0.675390625 0.12708333333333333 0.01328125 0.029166666666666667
7 0.503515625 0.34791666666666665 0.03359375 0.07361111111111111
7 0.64765625 0.1701388888888889 0.01875 0.04861111111111111
7 0.746484375 0.13333333333333333 0.01640625 0.041666666666666664
7 0.883984375 0.022222222222222223 0.01328125 0.022222222222222223
7 0.874609375 0.015277777777777777 0.01171875 0.022222222222222223
7 0.67109375 0.1840277777777778 0.01875 0.029166666666666667
7 0.760546875 0.10069444444444445 0.01640625 0.0375
