7 0.591015625 0.3909722222222222 0.03203125 0.09583333333333334
7 0.469921875 0.47708333333333336 0.03203125 0.10694444444444444
7 0.83671875 0.4284722222222222 0.0359375 0.10138888888888889
7 0.587109375 0.6923611111111111 0.04765625 0.1486111111111111
7 0.3953125 0.14097222222222222 0.01875 0.043055555555555555
7 0.41796875 0.18472222222222223 0.01875 0.03888888888888889
7 0.9125 0.5152777777777777 0.0359375 0.09166666666666666
7 0.383984375 0.29930555555555555 0.02890625 0.07361111111111111
7 0.587890625 0.6944444444444444 0.04921875 0.1
7 0.784765625 0.32013888888888886 0.02890625 0.0875
7 0.4125 0.08680555555555555 0.0140625 0.034722222222222224
7 0.77421875 0.30069444444444443 0.0171875 0.05416666666666667
7 0.403125 0.059027777777777776 0.015625 0.0375
7 0.591015625 0.3909722222222222 0.03203125 0.09583333333333334
7 0.59140625 0.3909722222222222 0.03125 0.07361111111111111
7 0.71640625 0.9451388888888889 0.0796875 0.10694444444444444
7 0.396875 0.14652777777777778 0.01875 0.043055555555555555
7 0.746484375 0.11527777777777778 0.02109375 0.03611111111111111
7 0.915625 0.5173611111111112 0.0296875 0.07083333333333333
