7 0.799609375 0.4638888888888889 0.02265625 0.05277777777777778
7 0.783984375 0.9625 0.03515625 0.06388888888888888
7 0.478515625 0.3840277777777778 0.02109375 0.04027777777777778
7 0.516796875 0.4 0.02421875 0.04722222222222222
7 0.559765625 0.32430555555555557 0.01640625 0.05694444444444444
7 0.466015625 0.23472222222222222 0.01796875 0.03611111111111111
7 0.508203125 0.21319444444444444 0.01640625 0.04027777777777778
7 0.51171875 0.25555555555555554 0.0171875 0.041666666666666664
7 0.378515625 0.23958333333333334 0.01640625 0.034722222222222224
7 0.34921875 0.20555555555555555 0.0140625 0.03611111111111111
7 0.439453125 0.12430555555555556 0.01015625 0.04583333333333333
7 0.509375 0.07916666666666666 0.0109375 0.022222222222222223
