7 0.18125 0.4791666666666667 0.0140625 0.022222222222222223
7 0.536328125 0.6576388888888889 0.01015625 0.029166666666666667
7 0.55078125 0.6048611111111111 0.0140625 0.03194444444444444
7 0.601171875 0.5513888888888889 0.01328125 0.025
7 0.66328125 0.5472222222222223 0.0109375 0.027777777777777776
7 0.63203125 0.6611111111111111 0.0125 0.03611111111111111
7 0.6203125 0.34375 0.0109375 0.03194444444444444
7 0.587890625 0.2708333333333333 0.01015625 0.022222222222222223
7 0.5640625 0.24861111111111112 0.0078125 0.022222222222222223
7 0.5640625 0.21388888888888888 0.009375 0.022222222222222223
7 0.515234375 0.24583333333333332 0.00859375 0.019444444444444445
7 0.509765625 0.21736111111111112 0.01015625 0.043055555555555555
7 0.521875 0.16875 0.0109375 0.04583333333333333
7 0.5203125 0.14930555555555555 0.009375 0.029166666666666667
7 0.659375 0.08402777777777778 0.0109375 0.020833333333333332
7 0.643359375 0.022916666666666665 0.00859375 0.02361111111111111
7 0.7390625 0.10138888888888889 0.009375 0.022222222222222223
7 0.750390625 0.0375 0.01015625 0.022222222222222223
7 0.41875 0.6430555555555556 0.0125 0.025
7 0.426953125 0.6111111111111112 0.01171875 0.025
7 0.4296875 0.5645833333333333 0.0109375 0.03194444444444444
7 0.8171875 0.6229166666666667 0.0078125 0.02638888888888889
7 0.83828125 0.4222222222222222 0.0109375 0.027777777777777776
7 0.825390625 0.3625 0.00859375 0.022222222222222223
7 0.803515625 0.1597222222222222 0.00859375 0.022222222222222223
7 0.79609375 0.05138888888888889 0.0046875 0.013888888888888888
7 0.394921875 0.4625 0.01328125 0.03611111111111111
7 0.4453125 0.43680555555555556 0.009375 0.03194444444444444
7 0.434375 0.40555555555555556 0.009375 0.027777777777777776
7 0.36484375 0.38263888888888886 0.009375 0.02638888888888889
7 0.34921875 0.4048611111111111 0.0109375 0.02638888888888889
7 0.43671875 0.1361111111111111 0.0078125 0.022222222222222223
7 0.40625 0.1486111111111111 0.009375 0.025
7 0.53671875 0.02013888888888889 0.0078125 0.020833333333333332
7 0.681640625 0.010416666666666666 0.00546875 0.018055555555555554
7 0.18515625 0.5319444444444444 0.0109375 0.030555555555555555
7 0.190234375 0.034722222222222224 0.01015625 0.03888888888888889
7 0.207421875 0.01875 0.01171875 0.0375
7 0.3109375 0.018055555555555554 0.0109375 0.019444444444444445
7 0.2515625 0.29930555555555555 0.0109375 0.029166666666666667
7 0.23046875 0.23541666666666666 0.0109375 0.029166666666666667
7 0.2046875 0.21388888888888888 0.0109375 0.03333333333333333
7 0.217578125 0.16666666666666666 0.01328125 0.03611111111111111
7 0.151171875 0.2833333333333333 0.01171875 0.03888888888888889
7 0.280078125 0.14722222222222223 0.01015625 0.027777777777777776
7 0.061328125 0.3090277777777778 0.01015625 0.029166666666666667
7 0.041015625 0.30694444444444446 0.00859375 0.030555555555555555
7 0.01015625 0.42916666666666664 0.0140625 0.03611111111111111
7 0.715234375 0.014583333333333334 0.00703125 0.018055555555555554
7 0.0703125 0.2222222222222222 0.0125 0.030555555555555555
