7 0.823046875 0.7819444444444444 0.03671875 0.058333333333333334
7 0.2453125 0.5666666666666667 0.0265625 0.044444444444444446
7 0.032421875 0.5680555555555555 0.01640625 0.07777777777777778
7 0.612890625 0.5541666666666667 0.02421875 0.044444444444444446
7 0.680078125 0.24166666666666667 0.01171875 0.044444444444444446
7 0.04375 0.5638888888888889 0.0125 0.06944444444444445
7 0.6015625 0.24861111111111112 0.0125 0.025
7 0.31796875 0.10625 0.0078125 0.018055555555555554
7 0.008203125 0.5777777777777777 0.01328125 0.08333333333333333
7 0.0109375 0.5479166666666667 0.0171875 0.04861111111111111
7 0.02109375 0.5263888888888889 0.015625 0.04722222222222222
7 0.503515625 0.38055555555555554 0.01953125 0.03333333333333333
