7 0.633203125 0.7548611111111111 0.01953125 0.05416666666666667
7 0.219921875 0.5548611111111111 0.01484375 0.08472222222222223
7 0.199609375 0.5555555555555556 0.01328125 0.08055555555555556
7 0.18828125 0.5555555555555556 0.0140625 0.075
7 0.533203125 0.34652777777777777 0.01328125 0.034722222222222224
7 0.391796875 0.2611111111111111 0.01171875 0.03888888888888889
7 0.625 0.30486111111111114 0.0140625 0.0375
7 0.223046875 0.5451388888888888 0.01328125 0.08194444444444444
7 0.218359375 0.5305555555555556 0.01484375 0.08333333333333333
7 0.205859375 0.5409722222222222 0.01171875 0.08472222222222223
7 0.494921875 0.1326388888888889 0.00859375 0.020833333333333332
7 0.53515625 0.06111111111111111 0.00625 0.022222222222222223
7 0.532421875 0.3375 0.01171875 0.030555555555555555
7 0.581640625 0.5131944444444444 0.01484375 0.04861111111111111
7 0.709765625 0.9791666666666666 0.03984375 0.027777777777777776
7 0.475390625 0.04791666666666667 0.00703125 0.02638888888888889
