7 0.44921875 0.42777777777777776 0.0171875 0.058333333333333334
7 0.472265625 0.4270833333333333 0.01640625 0.059722222222222225
7 0.460546875 0.4083333333333333 0.01640625 0.058333333333333334
7 0.69765625 0.30416666666666664 0.01875 0.027777777777777776
7 0.7046875 0.17847222222222223 0.0125 0.020833333333333332
7 0.730859375 0.1798611111111111 0.01171875 0.018055555555555554
7 0.73984375 0.10347222222222222 0.0140625 0.02361111111111111
7 0.719921875 0.04652777777777778 0.01328125 0.02361111111111111
7 0.7203125 0.015277777777777777 0.0125 0.013888888888888888
7 0.37265625 0.8097222222222222 0.0484375 0.058333333333333334
7 0.98203125 0.9465277777777777 0.0296875 0.07916666666666666
