7 0.36875 0.2973186119873817 0.0203125 0.08675078864353312
7 0.8203125 0.44952681388012616 0.034375 0.12933753943217666
7 0.775390625 0.4668769716088328 0.03359375 0.11356466876971609
7 0.3546875 0.16482649842271294 0.0140625 0.08990536277602523
7 0.8734375 0.5993690851735016 0.040625 0.14826498422712933
7 0.112109375 0.916403785488959 0.08046875 0.167192429022082
7 0.124609375 0.888801261829653 0.07578125 0.20031545741324921
7 0.97734375 0.7586750788643533 0.04375 0.1608832807570978
7 0.885546875 0.48186119873817035 0.04296875 0.12145110410094637
7 0.514453125 0.09936908517350158 0.01796875 0.056782334384858045
7 0.9484375 0.8824921135646687 0.0640625 0.14668769716088328
7 0.70859375 0.052050473186119876 0.015625 0.031545741324921134
7 0.71640625 0.10015772870662461 0.0171875 0.0583596214511041
7 0.737109375 0.03391167192429022 0.01640625 0.03943217665615142
