7 0.45390625 0.32222222222222224 0.05 0.1388888888888889
7 0.1375 0.4409722222222222 0.05 0.12638888888888888
7 0.262890625 0.4986111111111111 0.05703125 0.1361111111111111
7 0.564453125 0.8583333333333333 0.06328125 0.22777777777777777
7 0.47421875 0.16041666666666668 0.0265625 0.09861111111111111
7 0.667578125 0.10972222222222222 0.02890625 0.075
7 0.119140625 0.45208333333333334 0.06171875 0.12638888888888888
7 0.562890625 0.19444444444444445 0.03515625 0.09444444444444444
7 0.8328125 0.034722222222222224 0.0265625 0.06944444444444445
7 0.603515625 0.32916666666666666 0.04453125 0.14166666666666666
7 0.580859375 0.34097222222222223 0.04140625 0.12916666666666668
7 0.245703125 0.5138888888888888 0.06796875 0.14444444444444443
