7 0.601171875 0.6326388888888889 0.01953125 0.04861111111111111
7 0.700390625 0.85625 0.01640625 0.0375
7 0.36484375 0.8465277777777778 0.0234375 0.034722222222222224
7 0.333984375 0.7673611111111112 0.01953125 0.05138888888888889
7 0.346484375 0.64375 0.01640625 0.03194444444444444
7 0.310546875 0.6506944444444445 0.02109375 0.034722222222222224
7 0.32734375 0.43680555555555556 0.0125 0.04861111111111111
7 0.35546875 0.40694444444444444 0.0171875 0.027777777777777776
7 0.300390625 0.41041666666666665 0.01640625 0.034722222222222224
7 0.62109375 0.050694444444444445 0.0078125 0.018055555555555554
7 0.52421875 0.05347222222222222 0.0078125 0.018055555555555554
7 0.516015625 0.19722222222222222 0.01484375 0.030555555555555555
7 0.488671875 0.11041666666666666 0.01015625 0.029166666666666667
7 0.467578125 0.1875 0.01015625 0.030555555555555555
7 0.431640625 0.13194444444444445 0.01015625 0.030555555555555555
7 0.54140625 0.05347222222222222 0.0078125 0.018055555555555554
7 0.5203125 0.03263888888888889 0.0078125 0.018055555555555554
7 0.537109375 0.035416666666666666 0.00703125 0.018055555555555554
7 0.55078125 0.02847222222222222 0.0078125 0.018055555555555554
7 0.53515625 0.015277777777777777 0.0078125 0.019444444444444445
7 0.314453125 0.36875 0.01484375 0.04583333333333333
7 0.351953125 0.2965277777777778 0.01328125 0.04861111111111111
7 0.302734375 0.31805555555555554 0.01328125 0.04722222222222222
7 0.283203125 0.3333333333333333 0.01328125 0.03611111111111111
7 0.282421875 0.28194444444444444 0.01328125 0.03611111111111111
7 0.276171875 0.20555555555555555 0.01328125 0.03611111111111111
7 0.3234375 0.15833333333333333 0.0125 0.03611111111111111
7 0.273828125 0.10277777777777777 0.01328125 0.03611111111111111
7 0.25078125 0.027083333333333334 0.009375 0.04027777777777778
7 0.178125 0.4409722222222222 0.0109375 0.04861111111111111
7 0.1640625 0.4534722222222222 0.0109375 0.04861111111111111
7 0.20859375 0.3784722222222222 0.0109375 0.04861111111111111
7 0.225390625 0.22013888888888888 0.01015625 0.029166666666666667
7 0.209765625 0.23958333333333334 0.01015625 0.029166666666666667
7 0.215234375 0.2701388888888889 0.01015625 0.029166666666666667
7 0.178515625 0.3388888888888889 0.01171875 0.030555555555555555
7 0.1453125 0.46875 0.0140625 0.04027777777777778
7 0.241015625 0.32569444444444445 0.01171875 0.03194444444444444
7 0.2171875 0.2361111111111111 0.0078125 0.030555555555555555
7 0.092578125 0.03263888888888889 0.01015625 0.04027777777777778
7 0.2890625 0.11875 0.0125 0.02638888888888889
7 0.362109375 0.8513888888888889 0.01796875 0.041666666666666664
7 0.6015625 0.6368055555555555 0.0171875 0.04027777777777778
7 0.60234375 0.14930555555555555 0.0140625 0.03194444444444444
