7 0.383203125 0.3368055555555556 0.02265625 0.05138888888888889
7 0.758203125 0.2361111111111111 0.01796875 0.04722222222222222
7 0.739453125 0.41180555555555554 0.02421875 0.05138888888888889
7 0.14140625 0.4708333333333333 0.01875 0.08611111111111111
7 0.766796875 0.5527777777777778 0.02734375 0.05
7 0.13828125 0.8506944444444444 0.034375 0.06527777777777778
7 0.091796875 0.47291666666666665 0.02421875 0.0875
7 0.11484375 0.46944444444444444 0.015625 0.08055555555555556
7 0.116015625 0.4340277777777778 0.01328125 0.05138888888888889
7 0.135546875 0.44305555555555554 0.01484375 0.06111111111111111
