7 0.526953125 0.8430555555555556 0.03984375 0.05277777777777778
7 0.701953125 0.4097222222222222 0.02109375 0.044444444444444446
7 0.438671875 0.6104166666666667 0.02734375 0.05694444444444444
7 0.644921875 0.2534722222222222 0.01796875 0.029166666666666667
7 0.173828125 0.9479166666666666 0.03828125 0.10138888888888889
7 0.434765625 0.7402777777777778 0.03046875 0.041666666666666664
7 0.656640625 0.46041666666666664 0.01484375 0.03194444444444444
7 0.6640625 0.45694444444444443 0.0140625 0.027777777777777776
7 0.760546875 0.20416666666666666 0.01328125 0.022222222222222223
7 0.728515625 0.16527777777777777 0.01484375 0.022222222222222223
7 0.941015625 0.6416666666666667 0.02734375 0.04722222222222222
7 0.488671875 0.3659722222222222 0.01640625 0.0625
7 0.478125 0.38125 0.0125 0.05694444444444444
7 0.498046875 0.3819444444444444 0.01328125 0.058333333333333334
