7 0.36953125 0.44513888888888886 0.01875 0.08472222222222223
7 0.880859375 0.8784722222222222 0.03359375 0.07916666666666666
7 0.34453125 0.44930555555555557 0.0125 0.0763888888888889
7 0.35234375 0.4340277777777778 0.0125 0.0763888888888889
7 0.3703125 0.43472222222222223 0.0140625 0.08333333333333333
7 0.358984375 0.4284722222222222 0.01015625 0.07916666666666666
7 0.34921875 0.44513888888888886 0.009375 0.0763888888888889
7 0.50234375 0.20069444444444445 0.0140625 0.0375
7 0.6828125 0.03819444444444445 0.009375 0.02361111111111111
7 0.7140625 0.05416666666666667 0.0078125 0.030555555555555555
7 0.719140625 0.0625 0.00859375 0.03611111111111111
