7 0.2671875 0.75625 0.028125 0.034722222222222224
7 0.1765625 0.7291666666666666 0.0296875 0.03611111111111111
7 0.63359375 0.4083333333333333 0.0203125 0.03611111111111111
7 0.5796875 0.64375 0.0265625 0.04861111111111111
7 0.225 0.8104166666666667 0.0328125 0.04583333333333333
7 0.599609375 0.9076388888888889 0.03203125 0.043055555555555555
7 0.6234375 0.35208333333333336 0.0171875 0.04027777777777778
7 0.147265625 0.5006944444444444 0.02265625 0.0375
7 0.22890625 0.43333333333333335 0.025 0.044444444444444446
7 0.199609375 0.33194444444444443 0.02109375 0.041666666666666664
7 0.516015625 0.8673611111111111 0.02578125 0.043055555555555555
7 0.108203125 0.07013888888888889 0.01484375 0.03194444444444444
7 0.1359375 0.06805555555555555 0.0140625 0.027777777777777776
7 0.1296875 0.021527777777777778 0.015625 0.02361111111111111
7 0.10234375 0.029166666666666667 0.0171875 0.025
7 0.614453125 0.46597222222222223 0.01484375 0.04027777777777778
