7 0.407421875 0.7993055555555556 0.01484375 0.03194444444444444
7 0.730859375 0.7375 0.01484375 0.019444444444444445
7 0.41875 0.8701388888888889 0.015625 0.034722222222222224
7 0.409375 0.9361111111111111 0.0171875 0.03333333333333333
7 0.33828125 0.11875 0.0078125 0.015277777777777777
7 0.344140625 0.06319444444444444 0.00546875 0.015277777777777777
7 0.472265625 0.2298611111111111 0.01015625 0.020833333333333332
7 0.45703125 0.16944444444444445 0.0109375 0.016666666666666666
7 0.5015625 0.15416666666666667 0.0078125 0.019444444444444445
7 0.441796875 0.6680555555555555 0.01484375 0.027777777777777776
7 0.32578125 0.035416666666666666 0.00625 0.015277777777777777
7 0.323046875 0.007638888888888889 0.00703125 0.015277777777777777
7 0.44765625 0.1284722222222222 0.009375 0.015277777777777777
7 0.442578125 0.10555555555555556 0.00703125 0.013888888888888888
7 0.51484375 0.34444444444444444 0.0109375 0.019444444444444445
7 0.47109375 0.18888888888888888 0.0078125 0.03611111111111111
7 0.293359375 0.3416666666666667 0.00859375 0.030555555555555555
7 0.319921875 0.2708333333333333 0.00859375 0.019444444444444445
7 0.633984375 0.14027777777777778 0.00703125 0.022222222222222223
7 0.549609375 0.10555555555555556 0.00546875 0.022222222222222223
7 0.533203125 0.07430555555555556 0.00390625 0.018055555555555554
7 0.53046875 0.07430555555555556 0.0046875 0.020833333333333332
7 0.526953125 0.07291666666666667 0.00546875 0.015277777777777777
