7 0.31875 0.68125 0.040625 0.12361111111111112
7 0.3796875 0.6722222222222223 0.04375 0.125
7 0.673046875 0.36666666666666664 0.02421875 0.05555555555555555
7 0.565234375 0.2 0.01796875 0.03888888888888889
7 0.469921875 0.7229166666666667 0.04140625 0.12361111111111112
7 0.598828125 0.28680555555555554 0.02421875 0.05138888888888889
7 0.369921875 0.08680555555555555 0.00859375 0.015277777777777777
7 0.927734375 0.6 0.04453125 0.125
7 0.323828125 0.14652777777777778 0.01328125 0.02361111111111111
7 0.387890625 0.041666666666666664 0.00859375 0.019444444444444445
7 0.40859375 0.04583333333333333 0.0078125 0.019444444444444445
