7 0.5265625 0.6208333333333333 0.0203125 0.06666666666666667
7 0.129296875 0.48680555555555555 0.01484375 0.07361111111111111
7 0.147265625 0.49027777777777776 0.01640625 0.08611111111111111
7 0.111328125 0.49027777777777776 0.01328125 0.08055555555555556
7 0.541015625 0.3736111111111111 0.01796875 0.05555555555555555
7 0.14140625 0.4756944444444444 0.0140625 0.08194444444444444
7 0.131640625 0.4756944444444444 0.01640625 0.07916666666666666
7 0.12890625 0.44305555555555554 0.0171875 0.030555555555555555
7 0.44140625 0.02638888888888889 0.0078125 0.022222222222222223
7 0.50546875 0.08958333333333333 0.00625 0.034722222222222224
7 0.46953125 0.04583333333333333 0.0078125 0.025
