7 0.181640625 0.5180555555555556 0.01953125 0.08611111111111111
7 0.15078125 0.5201388888888889 0.015625 0.08472222222222223
7 0.1625 0.5201388888888889 0.0125 0.0763888888888889
7 0.490625 0.29930555555555555 0.0125 0.0375
7 0.362890625 0.1326388888888889 0.01015625 0.029166666666666667
7 0.5625 0.34791666666666665 0.0140625 0.04583333333333333
7 0.5390625 0.20069444444444445 0.009375 0.029166666666666667
7 0.184765625 0.5069444444444444 0.01484375 0.08055555555555556
7 0.176171875 0.5006944444444444 0.01484375 0.08472222222222223
7 0.167578125 0.5104166666666666 0.01171875 0.0875
7 0.447265625 0.03263888888888889 0.00703125 0.018055555555555554
7 0.523046875 0.1111111111111111 0.00703125 0.025
7 0.5328125 0.12291666666666666 0.0078125 0.034722222222222224
7 0.781640625 0.6347222222222222 0.02265625 0.06111111111111111
