7 0.323046875 0.275 0.00859375 0.027777777777777776
7 0.340234375 0.25 0.00703125 0.030555555555555555
7 0.327734375 0.22569444444444445 0.00703125 0.020833333333333332
7 0.32109375 0.1798611111111111 0.00625 0.02361111111111111
7 0.3453125 0.20416666666666666 0.0078125 0.019444444444444445
7 0.35078125 0.18611111111111112 0.0078125 0.019444444444444445
7 0.361328125 0.016666666666666666 0.00546875 0.016666666666666666
7 0.3625 0.06180555555555556 0.00625 0.015277777777777777
7 0.36953125 0.09652777777777778 0.0078125 0.018055555555555554
7 0.379296875 0.09791666666666667 0.00859375 0.015277777777777777
7 0.3921875 0.06805555555555555 0.0078125 0.013888888888888888
7 0.39921875 0.04375 0.0078125 0.018055555555555554
7 0.396484375 0.034722222222222224 0.00703125 0.016666666666666666
7 0.448828125 0.013194444444444444 0.00703125 0.0125
7 0.459765625 0.01597222222222222 0.00703125 0.0125
7 0.471484375 0.09375 0.00859375 0.015277777777777777
7 0.48125 0.13333333333333333 0.009375 0.019444444444444445
7 0.478515625 0.16944444444444445 0.00859375 0.022222222222222223
7 0.47890625 0.2125 0.009375 0.019444444444444445
7 0.494140625 0.26805555555555555 0.01015625 0.013888888888888888
7 0.49375 0.25763888888888886 0.009375 0.015277777777777777
7 0.54140625 0.25833333333333336 0.0078125 0.019444444444444445
7 0.603515625 0.5611111111111111 0.01640625 0.027777777777777776
7 0.591015625 0.6236111111111111 0.01640625 0.03333333333333333
7 0.626171875 0.6930555555555555 0.01640625 0.030555555555555555
7 0.653515625 0.8229166666666666 0.01640625 0.034722222222222224
7 0.676953125 0.7958333333333333 0.01484375 0.030555555555555555
7 0.66484375 0.5444444444444444 0.0125 0.025
7 0.66171875 0.54375 0.0140625 0.0375
7 0.5078125 0.021527777777777778 0.00625 0.0125
7 0.49921875 0.02361111111111111 0.00625 0.013888888888888888
7 0.491015625 0.022916666666666665 0.00703125 0.015277777777777777
7 0.741015625 0.3875 0.00859375 0.030555555555555555
7 0.433984375 0.32430555555555557 0.01015625 0.02361111111111111
7 0.423828125 0.28125 0.01171875 0.02361111111111111
7 0.437109375 0.2798611111111111 0.01015625 0.020833333333333332
7 0.39453125 0.24375 0.0109375 0.02361111111111111
7 0.585546875 0.4395833333333333 0.01328125 0.03194444444444444
7 0.471484375 0.6701388888888888 0.01484375 0.029166666666666667
7 0.470703125 0.7263888888888889 0.01953125 0.03888888888888889
7 0.41953125 0.7409722222222223 0.015625 0.029166666666666667
7 0.43359375 0.40625 0.0140625 0.02638888888888889
7 0.431640625 0.35347222222222224 0.01015625 0.02361111111111111
7 0.45 0.9395833333333333 0.0203125 0.034722222222222224
7 0.45 0.9305555555555556 0.0171875 0.03333333333333333
7 0.471875 0.6625 0.015625 0.025
