7 0.429 0.39622641509433965 0.04 0.09433962264150944
7 0.894 0.24339622641509434 0.04 0.09433962264150944
7 0.8995 0.2330188679245283 0.041 0.062264150943396226
7 0.444 0.04622641509433962 0.026 0.04339622641509434
7 0.4255 0.026415094339622643 0.021 0.03773584905660377
7 0.41 0.052830188679245285 0.028 0.045283018867924525
7 0.0825 0.49150943396226415 0.057 0.09245283018867924
7 0.1185 0.5764150943396227 0.057 0.1
7 0.1445 0.9386792452830188 0.101 0.11509433962264151
7 0.791 0.4962264150943396 0.03 0.06037735849056604
