7 0.051953125 0.19305555555555556 0.02265625 0.05277777777777778
7 0.03671875 0.41944444444444445 0.0234375 0.03888888888888889
7 0.871484375 0.4652777777777778 0.01953125 0.03611111111111111
7 0.9765625 0.39305555555555555 0.01875 0.030555555555555555
7 0.85234375 0.42916666666666664 0.015625 0.041666666666666664
7 0.892578125 0.26458333333333334 0.01015625 0.02638888888888889
7 0.980078125 0.30277777777777776 0.00859375 0.027777777777777776
7 0.98515625 0.34305555555555556 0.0125 0.030555555555555555
7 0.551171875 0.2833333333333333 0.01484375 0.03611111111111111
7 0.50625 0.4173611111111111 0.0171875 0.03194444444444444
7 0.8859375 0.49375 0.015625 0.043055555555555555
7 0.47421875 0.22708333333333333 0.0125 0.02638888888888889
7 0.45 0.35833333333333334 0.0171875 0.06111111111111111
7 0.453515625 0.20833333333333334 0.01640625 0.027777777777777776
7 0.4328125 0.18194444444444444 0.009375 0.041666666666666664
7 0.380859375 0.15625 0.01171875 0.029166666666666667
7 0.310546875 0.18680555555555556 0.01484375 0.029166666666666667
7 0.61796875 0.3506944444444444 0.0171875 0.03194444444444444
7 0.635546875 0.6048611111111111 0.01015625 0.020833333333333332
7 0.491015625 0.07152777777777777 0.01171875 0.029166666666666667
7 0.571875 0.625 0.0140625 0.05
