7 0.901953125 0.7652777777777777 0.01953125 0.10555555555555556
7 0.1453125 0.30069444444444443 0.0171875 0.07916666666666666
7 0.094140625 0.325 0.01640625 0.08611111111111111
7 0.1125 0.33402777777777776 0.01875 0.08194444444444444
7 0.6 0.7201388888888889 0.021875 0.0763888888888889
7 0.112109375 0.28125 0.01640625 0.05138888888888889
7 0.886328125 0.7736111111111111 0.01953125 0.1
7 0.559765625 0.42430555555555555 0.02109375 0.059722222222222225
7 0.5015625 0.2923611111111111 0.0140625 0.05138888888888889
7 0.716015625 0.45902777777777776 0.01328125 0.02361111111111111
7 0.5484375 0.15763888888888888 0.01875 0.05138888888888889
7 0.659375 0.74375 0.03125 0.06805555555555555
7 0.12109375 0.32569444444444445 0.0203125 0.08472222222222223
7 0.5125 0.02013888888888889 0.009375 0.029166666666666667
7 0.530078125 0.05625 0.01171875 0.020833333333333332
7 0.4875 0.3333333333333333 0.015625 0.05
7 0.559375 0.4340277777777778 0.025 0.059722222222222225
7 0.49609375 0.28194444444444444 0.0109375 0.044444444444444446
7 0.58984375 0.7145833333333333 0.0265625 0.09027777777777778
7 0.525390625 0.05347222222222222 0.00859375 0.02361111111111111
