7 0.83125 0.6638888888888889 0.01875 0.09444444444444444
7 0.814453125 0.6715277777777777 0.01796875 0.0875
7 0.09375 0.3541666666666667 0.0140625 0.07777777777777778
7 0.13828125 0.32430555555555557 0.0171875 0.0763888888888889
7 0.1078125 0.3458333333333333 0.0171875 0.08333333333333333
7 0.114453125 0.3159722222222222 0.01640625 0.08472222222222223
7 0.08984375 0.3138888888888889 0.0140625 0.03888888888888889
7 0.087109375 0.34791666666666665 0.01171875 0.08194444444444444
7 0.526953125 0.06597222222222222 0.01015625 0.0375
7 0.5328125 0.09791666666666667 0.0125 0.043055555555555555
