7 0.219140625 0.6840277777777778 0.01171875 0.0625
7 0.20390625 0.6916666666666667 0.009375 0.058333333333333334
7 0.327734375 0.44930555555555557 0.00859375 0.04861111111111111
7 0.316796875 0.2965277777777778 0.01171875 0.04861111111111111
7 0.230078125 0.44375 0.01015625 0.043055555555555555
7 0.80546875 0.71875 0.0171875 0.04583333333333333
7 0.310546875 0.43819444444444444 0.01015625 0.034722222222222224
7 0.730078125 0.46041666666666664 0.01484375 0.04027777777777778
7 0.8828125 0.3909722222222222 0.0109375 0.029166666666666667
7 0.73359375 0.21319444444444444 0.0125 0.029166666666666667
7 0.983984375 0.46319444444444446 0.01484375 0.03194444444444444
7 0.569140625 0.09166666666666666 0.00859375 0.027777777777777776
7 0.605078125 0.06041666666666667 0.01015625 0.02638888888888889
7 0.5703125 0.04861111111111111 0.0109375 0.022222222222222223
7 0.825 0.13819444444444445 0.0078125 0.02361111111111111
7 0.93203125 0.21875 0.009375 0.02638888888888889
7 0.946875 0.28541666666666665 0.0125 0.02361111111111111
7 0.9015625 0.4375 0.0109375 0.030555555555555555
7 0.9359375 0.5402777777777777 0.0140625 0.030555555555555555
7 0.9359375 0.5402777777777777 0.0140625 0.030555555555555555
7 0.94453125 0.7798611111111111 0.0140625 0.04583333333333333
7 0.201171875 0.6138888888888889 0.01328125 0.05555555555555555
7 0.337109375 0.28541666666666665 0.01171875 0.04583333333333333
7 0.31953125 0.48819444444444443 0.0109375 0.059722222222222225
7 0.390234375 0.18680555555555556 0.00703125 0.02638888888888889
7 0.34921875 0.07847222222222222 0.0109375 0.04027777777777778
7 0.825390625 0.07152777777777777 0.01171875 0.020833333333333332
7 0.883203125 0.013194444444444444 0.01171875 0.020833333333333332
