7 0.3335 0.26037735849056604 0.033 0.08679245283018867
7 0.387 0.25849056603773585 0.034 0.0830188679245283
7 0.747 0.35 0.042 0.11132075471698114
7 0.43 0.2160377358490566 0.028 0.07358490566037736
7 0.651 0.2028301886792453 0.03 0.06981132075471698
7 0.963 0.44622641509433963 0.048 0.09245283018867924
7 0.0645 0.5924528301886792 0.069 0.13962264150943396
7 0.465 0.05471698113207547 0.022 0.04905660377358491
7 0.7735 0.0330188679245283 0.019 0.02830188679245283
7 0.8875 0.15849056603773584 0.025 0.03773584905660377
