7 0.13984375 0.4673611111111111 0.0171875 0.08194444444444444
7 0.810546875 0.7638888888888888 0.03046875 0.08333333333333333
7 0.1578125 0.4708333333333333 0.0140625 0.08333333333333333
7 0.12109375 0.4736111111111111 0.0125 0.08333333333333333
7 0.330859375 0.2833333333333333 0.01015625 0.041666666666666664
7 0.626953125 0.39861111111111114 0.01796875 0.05277777777777778
7 0.69453125 0.43819444444444444 0.015625 0.059722222222222225
7 0.142578125 0.44722222222222224 0.01953125 0.08333333333333333
7 0.1640625 0.45625 0.0140625 0.08472222222222223
7 0.473046875 0.019444444444444445 0.00703125 0.022222222222222223
7 0.467578125 0.24027777777777778 0.01484375 0.03611111111111111
7 0.512890625 0.06666666666666667 0.00703125 0.03333333333333333
7 0.473828125 0.041666666666666664 0.00703125 0.019444444444444445
