7 0.681640625 0.8361111111111111 0.01640625 0.05
7 0.65078125 0.5152777777777777 0.0171875 0.044444444444444446
7 0.544921875 0.39166666666666666 0.01484375 0.025
7 0.34453125 0.38333333333333336 0.0140625 0.030555555555555555
7 0.35546875 0.4375 0.0171875 0.030555555555555555
7 0.327734375 0.2625 0.01171875 0.022222222222222223
7 0.330078125 0.29444444444444445 0.01015625 0.025
7 0.299609375 0.2847222222222222 0.01171875 0.027777777777777776
7 0.252734375 0.23055555555555557 0.00703125 0.03888888888888889
7 0.27734375 0.1909722222222222 0.0125 0.029166666666666667
7 0.440234375 0.10208333333333333 0.01328125 0.020833333333333332
7 0.59921875 0.2222222222222222 0.0125 0.03333333333333333
7 0.588671875 0.10625 0.01171875 0.04583333333333333
7 0.237109375 0.4909722222222222 0.01171875 0.04583333333333333
7 0.271484375 0.08263888888888889 0.01015625 0.029166666666666667
7 0.2609375 0.06388888888888888 0.0109375 0.027777777777777776
7 0.25390625 0.03611111111111111 0.0109375 0.027777777777777776
7 0.43828125 0.027777777777777776 0.0078125 0.022222222222222223
7 0.226171875 0.4895833333333333 0.01171875 0.04583333333333333
7 0.216015625 0.48819444444444443 0.01171875 0.04583333333333333
7 0.17421875 0.5201388888888889 0.0125 0.04583333333333333
7 0.183203125 0.5111111111111111 0.01171875 0.044444444444444446
7 0.171484375 0.33958333333333335 0.01171875 0.04583333333333333
7 0.76953125 0.8131944444444444 0.009375 0.059722222222222225
7 0.15234375 0.53125 0.0125 0.04027777777777778
7 0.135546875 0.5430555555555555 0.01484375 0.03333333333333333
7 0.115625 0.14305555555555555 0.0109375 0.022222222222222223
7 0.08203125 0.13402777777777777 0.0109375 0.04027777777777778
7 0.0921875 0.10416666666666667 0.0109375 0.03888888888888889
7 0.1328125 0.07569444444444444 0.00625 0.02361111111111111
