7 0.05078125 0.4340277777777778 0.025 0.034722222222222224
7 0.033984375 0.33541666666666664 0.02265625 0.034722222222222224
7 0.0234375 0.05138888888888889 0.021875 0.025
7 0.17734375 0.0625 0.01875 0.058333333333333334
7 0.4421875 0.4375 0.0171875 0.058333333333333334
7 0.18828125 0.021527777777777778 0.0109375 0.029166666666666667
7 0.02578125 0.23819444444444443 0.0171875 0.04027777777777778
7 0.362890625 0.3819444444444444 0.01328125 0.030555555555555555
7 0.278125 0.40625 0.015625 0.03194444444444444
7 0.37109375 0.24861111111111112 0.0140625 0.03888888888888889
7 0.478125 0.14305555555555555 0.0140625 0.03611111111111111
7 0.47421875 0.29444444444444445 0.009375 0.07222222222222222
7 0.428515625 0.3194444444444444 0.01171875 0.044444444444444446
7 0.41875 0.35138888888888886 0.0125 0.03333333333333333
7 0.466015625 0.6270833333333333 0.02109375 0.04027777777777778
7 0.503125 0.5118055555555555 0.0140625 0.04027777777777778
7 0.576953125 0.5166666666666667 0.01484375 0.03611111111111111
7 0.948828125 0.6465277777777778 0.01171875 0.0375
7 0.93515625 0.5611111111111111 0.025 0.04722222222222222
7 0.99140625 0.45555555555555555 0.0140625 0.04722222222222222
7 0.879296875 0.3951388888888889 0.01640625 0.04583333333333333
7 0.5046875 0.04652777777777778 0.00625 0.02638888888888889
7 0.519140625 0.3076388888888889 0.01171875 0.03194444444444444
7 0.64140625 0.3451388888888889 0.009375 0.02361111111111111
7 0.3921875 0.09652777777777778 0.0125 0.02361111111111111
