7 0.434765625 0.4270833333333333 0.02734375 0.04583333333333333
7 0.363671875 0.3736111111111111 0.01796875 0.03888888888888889
7 0.418359375 0.3298611111111111 0.02265625 0.0375
7 0.177734375 0.9694444444444444 0.04453125 0.058333333333333334
7 0.4828125 0.21597222222222223 0.0109375 0.043055555555555555
7 0.497265625 0.21597222222222223 0.01171875 0.04583333333333333
7 0.226171875 0.8111111111111111 0.03359375 0.08055555555555556
7 0.392578125 0.16597222222222222 0.01171875 0.02638888888888889
7 0.41953125 0.08125 0.0109375 0.020833333333333332
7 0.4125 0.044444444444444446 0.00625 0.013888888888888888
7 0.320703125 0.16111111111111112 0.01328125 0.03611111111111111
