7 0.400390625 0.5597222222222222 0.01796875 0.07222222222222222
7 0.252734375 0.49236111111111114 0.01796875 0.08472222222222223
7 0.659375 0.29930555555555555 0.0140625 0.034722222222222224
7 0.228515625 0.49722222222222223 0.01484375 0.08055555555555556
7 0.241015625 0.4791666666666667 0.00859375 0.08333333333333333
7 0.25234375 0.4840277777777778 0.01875 0.08194444444444444
7 0.237109375 0.4847222222222222 0.01328125 0.08055555555555556
7 0.589453125 0.08333333333333333 0.00859375 0.027777777777777776
7 0.597265625 0.09027777777777778 0.00859375 0.03333333333333333
7 0.72265625 0.28888888888888886 0.0078125 0.05277777777777778
7 0.733203125 0.29444444444444445 0.01015625 0.05555555555555555
7 0.708203125 0.34791666666666665 0.01328125 0.04583333333333333
