7 0.45703125 0.75 0.0140625 0.030555555555555555
7 0.443359375 0.6298611111111111 0.01328125 0.029166666666666667
7 0.643359375 0.6680555555555555 0.01484375 0.027777777777777776
7 0.59296875 0.4041666666666667 0.0109375 0.019444444444444445
7 0.451953125 0.8881944444444444 0.01796875 0.034722222222222224
7 0.453125 0.9819444444444444 0.015625 0.019444444444444445
7 0.488671875 0.9833333333333333 0.01640625 0.019444444444444445
7 0.420703125 0.5854166666666667 0.01328125 0.029166666666666667
7 0.426171875 0.5347222222222222 0.01171875 0.025
7 0.443359375 0.48541666666666666 0.01328125 0.029166666666666667
7 0.466796875 0.4708333333333333 0.01328125 0.030555555555555555
7 0.41015625 0.5 0.0125 0.025
7 0.40390625 0.3326388888888889 0.0109375 0.02361111111111111
7 0.5109375 0.30833333333333335 0.0109375 0.022222222222222223
7 0.526171875 0.1986111111111111 0.01015625 0.016666666666666666
7 0.432421875 0.1361111111111111 0.01015625 0.019444444444444445
7 0.52578125 0.34375 0.0109375 0.02361111111111111
7 0.4640625 0.10694444444444444 0.0078125 0.016666666666666666
7 0.327734375 0.2673611111111111 0.00703125 0.029166666666666667
7 0.354296875 0.2520833333333333 0.00703125 0.02638888888888889
7 0.346484375 0.2298611111111111 0.00703125 0.02361111111111111
7 0.28046875 0.06527777777777778 0.00625 0.016666666666666666
7 0.393359375 0.04791666666666667 0.00859375 0.015277777777777777
7 0.3953125 0.02361111111111111 0.00625 0.013888888888888888
7 0.395703125 0.1388888888888889 0.01015625 0.019444444444444445
7 0.389453125 0.2125 0.00859375 0.019444444444444445
7 0.403125 0.28680555555555554 0.0125 0.02638888888888889
7 0.440625 0.40069444444444446 0.0109375 0.029166666666666667
7 0.462109375 0.6354166666666666 0.01328125 0.029166666666666667
7 0.4515625 0.9020833333333333 0.0140625 0.02638888888888889
7 0.465234375 0.029166666666666667 0.00703125 0.013888888888888888
7 0.487109375 0.05625 0.00859375 0.015277777777777777
7 0.5390625 0.25763888888888886 0.009375 0.018055555555555554
7 0.676171875 0.7805555555555556 0.01171875 0.05
7 0.68671875 0.84375 0.0171875 0.029166666666666667
7 0.5265625 0.11180555555555556 0.0078125 0.018055555555555554
7 0.53671875 0.08541666666666667 0.00625 0.015277777777777777
7 0.525390625 0.08125 0.00703125 0.0125
7 0.520703125 0.09236111111111112 0.00703125 0.015277777777777777
