7 0.11953125 0.5284722222222222 0.0140625 0.0763888888888889
7 0.100390625 0.5347222222222222 0.01484375 0.08333333333333333
7 0.13984375 0.5326388888888889 0.01875 0.07361111111111111
7 0.133984375 0.5201388888888889 0.01328125 0.07916666666666666
7 0.12734375 0.4986111111111111 0.0109375 0.05555555555555555
7 0.48828125 0.13055555555555556 0.00625 0.03333333333333333
7 0.492578125 0.12569444444444444 0.00546875 0.034722222222222224
7 0.58515625 0.37430555555555556 0.015625 0.04861111111111111
7 0.382421875 0.06111111111111111 0.00703125 0.022222222222222223
7 0.40546875 0.08263888888888889 0.00625 0.018055555555555554
