7 0.161328125 0.55625 0.02265625 0.09027777777777778
7 0.496484375 0.1375 0.01171875 0.027777777777777776
7 0.511328125 0.13125 0.01328125 0.029166666666666667
7 0.48671875 0.10902777777777778 0.009375 0.018055555555555554
7 0.48203125 0.07916666666666666 0.009375 0.019444444444444445
7 0.51640625 0.050694444444444445 0.009375 0.018055555555555554
7 0.534375 0.022916666666666665 0.009375 0.015277777777777777
7 0.08515625 0.59375 0.021875 0.0875
7 0.0453125 0.5972222222222222 0.01875 0.08055555555555556
7 0.059375 0.5840277777777778 0.0109375 0.07916666666666666
7 0.06796875 0.5715277777777777 0.0171875 0.09027777777777778
