7 0.351953125 0.43194444444444446 0.02734375 0.075
7 0.345703125 0.18541666666666667 0.01640625 0.0375
7 0.919140625 0.5840277777777778 0.03359375 0.14027777777777778
7 0.309375 0.23541666666666666 0.01875 0.04861111111111111
7 0.424609375 0.5479166666666667 0.04140625 0.12361111111111112
7 0.65625 0.2722222222222222 0.01875 0.05277777777777778
7 0.58125 0.18055555555555555 0.015625 0.03611111111111111
7 0.93125 0.6027777777777777 0.0421875 0.12222222222222222
7 0.33515625 0.2298611111111111 0.01875 0.04861111111111111
7 0.3578125 0.044444444444444446 0.0078125 0.016666666666666666
