7 0.11484375 0.2263888888888889 0.0078125 0.03333333333333333
7 0.75546875 0.7722222222222223 0.0140625 0.025
7 0.029296875 0.4618055555555556 0.01015625 0.043055555555555555
7 0.482421875 0.42916666666666664 0.01328125 0.019444444444444445
7 0.557421875 0.18333333333333332 0.01171875 0.019444444444444445
7 0.46484375 0.5006944444444444 0.015625 0.020833333333333332
7 0.011328125 0.4979166666666667 0.01015625 0.04583333333333333
7 0.656640625 0.4409722222222222 0.01171875 0.020833333333333332
7 0.68671875 0.5194444444444445 0.0140625 0.022222222222222223
7 0.676953125 0.4652777777777778 0.01171875 0.030555555555555555
7 0.35390625 0.7444444444444445 0.0140625 0.030555555555555555
7 0.052734375 0.43194444444444446 0.01015625 0.044444444444444446
7 0.04140625 0.4375 0.0109375 0.044444444444444446
7 0.7015625 0.6513888888888889 0.015625 0.022222222222222223
7 0.2765625 0.9319444444444445 0.01875 0.03611111111111111
7 0.359375 0.9729166666666667 0.015625 0.0375
7 0.30546875 0.19305555555555556 0.0109375 0.022222222222222223
7 0.426953125 0.12222222222222222 0.01328125 0.019444444444444445
7 0.421484375 0.030555555555555555 0.01015625 0.016666666666666666
7 0.708984375 0.5944444444444444 0.01328125 0.027777777777777776
7 0.08125 0.3951388888888889 0.0109375 0.05138888888888889
7 0.11796875 0.40694444444444444 0.0078125 0.027777777777777776
7 0.038671875 0.3020833333333333 0.01015625 0.0375
7 0.12890625 0.24583333333333332 0.0109375 0.027777777777777776
7 0.081640625 0.1798611111111111 0.01015625 0.04027777777777778
7 0.1421875 0.1798611111111111 0.0078125 0.04027777777777778
7 0.318359375 0.04722222222222222 0.01015625 0.022222222222222223
7 0.538671875 0.11875 0.01015625 0.020833333333333332
7 0.658984375 0.2833333333333333 0.01015625 0.044444444444444446
7 0.676953125 0.4527777777777778 0.01171875 0.025
7 0.9359375 0.27569444444444446 0.0109375 0.03194444444444444
7 0.952734375 0.27291666666666664 0.00859375 0.034722222222222224
7 0.98046875 0.27708333333333335 0.009375 0.034722222222222224
7 0.894140625 0.3402777777777778 0.00859375 0.041666666666666664
7 0.926171875 0.33194444444444443 0.01015625 0.044444444444444446
7 0.93515625 0.3375 0.0078125 0.03611111111111111
7 0.67109375 0.14930555555555555 0.009375 0.034722222222222224
7 0.6296875 0.019444444444444445 0.009375 0.022222222222222223
7 0.609765625 0.0798611111111111 0.01015625 0.018055555555555554
7 0.572265625 0.022222222222222223 0.01171875 0.016666666666666666
