7 0.477734375 0.444794952681388 0.03359375 0.11356466876971609
7 0.325 0.5141955835962145 0.04375 0.11987381703470032
7 0.10546875 0.916403785488959 0.065625 0.15772870662460567
7 0.746875 0.14826498422712933 0.0171875 0.05362776025236593
7 0.48984375 0.111198738170347 0.015625 0.04889589905362776
7 0.721875 0.11750788643533124 0.0203125 0.055205047318611984
7 0.318359375 0.5252365930599369 0.03671875 0.11987381703470032
7 0.7015625 0.13958990536277602 0.0171875 0.061514195583596214
7 0.706640625 0.055993690851735015 0.01328125 0.02996845425867508
7 0.68984375 0.01498422712933754 0.0125 0.02996845425867508
