7 0.173828125 0.8930555555555556 0.01953125 0.09444444444444444
7 0.28828125 0.8902777777777777 0.0296875 0.06944444444444445
7 0.762109375 0.4576388888888889 0.01484375 0.04027777777777778
7 0.5953125 0.6090277777777777 0.0171875 0.05416666666666667
7 0.592578125 0.16527777777777777 0.01015625 0.025
7 0.758203125 0.5027777777777778 0.01328125 0.04722222222222222
7 0.3625 0.9590277777777778 0.028125 0.0625
7 0.748046875 0.38958333333333334 0.01171875 0.04861111111111111
7 0.361328125 0.9652777777777778 0.02421875 0.05
7 0.6640625 0.12291666666666666 0.00625 0.03194444444444444
