7 0.7953125 0.7923611111111111 0.0296875 0.08472222222222223
7 0.92734375 0.7784722222222222 0.0265625 0.06527777777777778
7 0.9234375 0.7756944444444445 0.0390625 0.0875
7 0.20703125 0.8680555555555556 0.03125 0.08611111111111111
7 0.48671875 0.48125 0.03125 0.059722222222222225
7 0.32578125 0.40555555555555556 0.0234375 0.05555555555555555
7 0.24609375 0.46944444444444444 0.025 0.06111111111111111
7 0.18125 0.5402777777777777 0.015625 0.044444444444444446
7 0.169140625 0.5458333333333333 0.01015625 0.027777777777777776
7 0.2890625 0.39652777777777776 0.01875 0.05694444444444444
7 0.32890625 0.26944444444444443 0.015625 0.044444444444444446
7 0.3625 0.22569444444444445 0.0140625 0.03194444444444444
7 0.424609375 0.17777777777777778 0.01484375 0.027777777777777776
7 0.50546875 0.14027777777777778 0.015625 0.030555555555555555
7 0.5078125 0.05625 0.009375 0.020833333333333332
7 0.5234375 0.05 0.0078125 0.027777777777777776
7 0.439453125 0.11388888888888889 0.01015625 0.022222222222222223
7 0.421875 0.125 0.0109375 0.022222222222222223
7 0.487109375 0.07152777777777777 0.00859375 0.02361111111111111
7 0.426171875 0.08125 0.01015625 0.02361111111111111
