7 0.581640625 0.7958333333333333 0.02109375 0.03611111111111111
7 0.33203125 0.8923611111111112 0.01875 0.0375
7 0.786328125 0.7069444444444445 0.01640625 0.03888888888888889
7 0.31328125 0.5652777777777778 0.015625 0.03611111111111111
7 0.82265625 0.44027777777777777 0.0109375 0.04722222222222222
7 0.71875 0.5125 0.015625 0.03611111111111111
7 0.55 0.4826388888888889 0.015625 0.034722222222222224
7 0.338671875 0.5645833333333333 0.01328125 0.034722222222222224
7 0.57109375 0.4652777777777778 0.015625 0.044444444444444446
7 0.613671875 0.5597222222222222 0.01484375 0.03611111111111111
7 0.54921875 0.5347222222222222 0.01875 0.027777777777777776
7 0.41484375 0.21319444444444444 0.0109375 0.02361111111111111
7 0.41328125 0.18472222222222223 0.0125 0.022222222222222223
7 0.46328125 0.20416666666666666 0.009375 0.019444444444444445
7 0.39140625 0.09722222222222222 0.0125 0.019444444444444445
7 0.28984375 0.33819444444444446 0.009375 0.029166666666666667
7 0.3 0.30972222222222223 0.0109375 0.03333333333333333
7 0.2828125 0.28194444444444444 0.0125 0.030555555555555555
7 0.310546875 0.2611111111111111 0.01171875 0.03611111111111111
7 0.16953125 0.0375 0.0109375 0.03333333333333333
7 0.6578125 0.20069444444444445 0.0109375 0.043055555555555555
7 0.66640625 0.2 0.0078125 0.05
7 0.63046875 0.1361111111111111 0.009375 0.03611111111111111
7 0.6 0.1486111111111111 0.0140625 0.041666666666666664
7 0.539453125 0.03263888888888889 0.01171875 0.04027777777777778
7 0.809375 0.7618055555555555 0.0171875 0.029166666666666667
7 0.8125 0.7958333333333333 0.0203125 0.041666666666666664
7 0.82890625 0.8402777777777778 0.015625 0.03611111111111111
7 0.848828125 0.8791666666666667 0.01796875 0.025
7 0.816015625 0.9763888888888889 0.02421875 0.03333333333333333
7 0.75 0.5986111111111111 0.0125 0.022222222222222223
7 0.8015625 0.8256944444444444 0.0125 0.034722222222222224
7 0.758203125 0.6347222222222222 0.01796875 0.030555555555555555
7 0.033984375 0.7548611111111111 0.01328125 0.05694444444444444
7 0.0484375 0.6659722222222222 0.0125 0.0625
7 0.065625 0.24166666666666667 0.0109375 0.025
7 0.0421875 0.24791666666666667 0.0140625 0.034722222222222224
7 0.03671875 0.1951388888888889 0.009375 0.043055555555555555
7 0.032421875 0.21666666666666667 0.01015625 0.03611111111111111
7 0.03203125 0.12986111111111112 0.0109375 0.02361111111111111
7 0.037109375 0.11041666666666666 0.01015625 0.02361111111111111
7 0.01640625 0.1361111111111111 0.0078125 0.022222222222222223
7 0.011328125 0.09375 0.01171875 0.02361111111111111
7 0.1765625 0.04097222222222222 0.0109375 0.020833333333333332
7 0.228125 0.09166666666666666 0.0125 0.022222222222222223
7 0.2234375 0.16458333333333333 0.0140625 0.03194444444444444
7 0.332421875 0.3402777777777778 0.01484375 0.022222222222222223
7 0.365234375 0.39305555555555555 0.01484375 0.030555555555555555
7 0.434765625 0.19652777777777777 0.01328125 0.02638888888888889
7 0.306640625 0.01597222222222222 0.01015625 0.02361111111111111
7 0.40703125 0.03194444444444444 0.0109375 0.016666666666666666
7 0.43203125 0.059722222222222225 0.0125 0.022222222222222223
7 0.43671875 0.10277777777777777 0.0125 0.025
7 0.186328125 0.12638888888888888 0.00859375 0.04722222222222222
