7 0.740234375 0.7895833333333333 0.01640625 0.02638888888888889
7 0.528515625 0.3284722222222222 0.01015625 0.015277777777777777
7 0.42109375 0.4986111111111111 0.0140625 0.025
7 0.637890625 0.7055555555555556 0.01171875 0.030555555555555555
7 0.769140625 0.8027777777777778 0.01953125 0.03333333333333333
7 0.536328125 0.37916666666666665 0.01171875 0.027777777777777776
7 0.601953125 0.3576388888888889 0.01328125 0.020833333333333332
7 0.6390625 0.43472222222222223 0.0109375 0.019444444444444445
7 0.98125 0.8395833333333333 0.0140625 0.05138888888888889
7 0.3703125 0.06736111111111111 0.0078125 0.015277777777777777
7 0.305078125 0.3145833333333333 0.00703125 0.029166666666666667
7 0.430859375 0.013888888888888888 0.00546875 0.011111111111111112
7 0.437109375 0.05 0.00703125 0.013888888888888888
7 0.45234375 0.13055555555555556 0.0078125 0.013888888888888888
7 0.4765625 0.16111111111111112 0.009375 0.019444444444444445
7 0.4765625 0.175 0.009375 0.016666666666666666
7 0.494921875 0.2638888888888889 0.01015625 0.019444444444444445
7 0.504296875 0.24375 0.01015625 0.015277777777777777
7 0.511328125 0.2847222222222222 0.01015625 0.019444444444444445
7 0.5015625 0.2965277777777778 0.009375 0.018055555555555554
7 0.666796875 0.7958333333333333 0.01484375 0.03333333333333333
7 0.487890625 0.059027777777777776 0.00859375 0.015277777777777777
7 0.4640625 0.04722222222222222 0.0078125 0.013888888888888888
7 0.483203125 0.008333333333333333 0.00546875 0.016666666666666666
7 0.499609375 0.04652777777777778 0.00546875 0.0125
7 0.548828125 0.059027777777777776 0.00546875 0.02361111111111111
7 0.5328125 0.030555555555555555 0.00625 0.022222222222222223
7 0.643359375 0.11944444444444445 0.00703125 0.022222222222222223
