7 0.15625 0.48055555555555557 0.0140625 0.08333333333333333
7 0.32734375 0.3013888888888889 0.0125 0.058333333333333334
7 0.141015625 0.4798611111111111 0.01640625 0.07916666666666666
7 0.1234375 0.48680555555555555 0.0140625 0.07916666666666666
7 0.165234375 0.46458333333333335 0.01171875 0.07916666666666666
7 0.6984375 0.5048611111111111 0.0234375 0.06805555555555555
7 0.60546875 0.2833333333333333 0.0109375 0.041666666666666664
7 0.56328125 0.21805555555555556 0.0140625 0.03333333333333333
7 0.1453125 0.4638888888888889 0.0125 0.08055555555555556
7 0.4734375 0.030555555555555555 0.00625 0.025
7 0.508984375 0.07361111111111111 0.00703125 0.03611111111111111
