7 0.649609375 0.6090277777777777 0.03515625 0.07916666666666666
7 0.4171875 0.21458333333333332 0.0078125 0.02638888888888889
7 0.78359375 0.4166666666666667 0.0203125 0.044444444444444446
7 0.8265625 0.20069444444444445 0.0140625 0.029166666666666667
7 0.376953125 0.2125 0.01015625 0.03888888888888889
7 0.3953125 0.21388888888888888 0.0109375 0.03888888888888889
7 0.36484375 0.21458333333333332 0.009375 0.04027777777777778
7 0.35703125 0.21388888888888888 0.0109375 0.04722222222222222
7 0.677734375 0.25 0.01328125 0.027777777777777776
7 0.472265625 0.21805555555555556 0.01015625 0.019444444444444445
