7 0.33125 0.6680555555555555 0.01875 0.03333333333333333
7 0.3625 0.6493055555555556 0.0234375 0.029166666666666667
7 0.591796875 0.56875 0.01484375 0.0375
7 0.602734375 0.6520833333333333 0.01953125 0.0375
7 0.560546875 0.55 0.01640625 0.030555555555555555
7 0.556640625 0.6465277777777778 0.02109375 0.04027777777777778
7 0.633984375 0.6569444444444444 0.01640625 0.03333333333333333
7 0.634375 0.98125 0.025 0.034722222222222224
7 0.5515625 0.7513888888888889 0.0171875 0.03333333333333333
7 0.459765625 0.6479166666666667 0.01171875 0.02638888888888889
7 0.512109375 0.6291666666666667 0.01484375 0.022222222222222223
7 0.540625 0.6194444444444445 0.0109375 0.022222222222222223
7 0.55 0.5986111111111111 0.0125 0.027777777777777776
7 0.4828125 0.46041666666666664 0.009375 0.02361111111111111
7 0.564453125 0.34652777777777777 0.01328125 0.04027777777777778
7 0.587890625 0.3638888888888889 0.01015625 0.044444444444444446
7 0.39921875 0.08472222222222223 0.0109375 0.03888888888888889
