7 0.889453125 0.7222222222222222 0.01953125 0.10277777777777777
7 0.101953125 0.34652777777777777 0.01640625 0.08194444444444444
7 0.11875 0.3326388888888889 0.0140625 0.09027777777777778
7 0.142578125 0.3145833333333333 0.01640625 0.07361111111111111
7 0.761328125 0.5958333333333333 0.02734375 0.07777777777777778
7 0.6484375 0.775 0.021875 0.06111111111111111
7 0.61015625 0.8993055555555556 0.034375 0.1125
7 0.49453125 0.05625 0.0125 0.04027777777777778
7 0.11171875 0.3145833333333333 0.015625 0.09027777777777778
7 0.87421875 0.73125 0.015625 0.10416666666666667
7 0.09375 0.33819444444444446 0.0125 0.0875
7 0.51640625 0.02638888888888889 0.0125 0.044444444444444446
7 0.767578125 0.6041666666666666 0.02578125 0.07222222222222222
7 0.7625 0.6048611111111111 0.025 0.0763888888888889
7 0.6421875 0.7611111111111111 0.021875 0.06388888888888888
7 0.61171875 0.9006944444444445 0.034375 0.09583333333333334
