7 0.956640625 0.8159722222222222 0.02734375 0.10694444444444444
7 0.12109375 0.32569444444444445 0.01875 0.0875
7 0.10390625 0.3125 0.01875 0.08333333333333333
7 0.154296875 0.29791666666666666 0.01328125 0.07361111111111111
7 0.93125 0.8194444444444444 0.0203125 0.1
7 0.830859375 0.9520833333333333 0.03671875 0.08194444444444444
7 0.848046875 0.7555555555555555 0.01640625 0.058333333333333334
7 0.5296875 0.09166666666666666 0.0140625 0.04722222222222222
7 0.8625 0.7680555555555556 0.0296875 0.075
7 0.113671875 0.2743055555555556 0.01484375 0.04027777777777778
7 0.1265625 0.3159722222222222 0.0171875 0.0875
7 0.530859375 0.08680555555555555 0.01484375 0.029166666666666667
