7 0.61796875 0.825 0.0234375 0.075
7 0.1625 0.5729166666666666 0.0140625 0.0763888888888889
7 0.18828125 0.5513888888888889 0.0125 0.07777777777777778
7 0.5625 0.5201388888888889 0.015625 0.05416666666666667
7 0.173828125 0.5423611111111111 0.01328125 0.08194444444444444
7 0.1828125 0.5618055555555556 0.0140625 0.08472222222222223
7 0.169140625 0.5513888888888889 0.01484375 0.08333333333333333
7 0.164453125 0.5638888888888889 0.01328125 0.08055555555555556
7 0.36484375 0.23680555555555555 0.0109375 0.018055555555555554
7 0.45078125 0.10416666666666667 0.00625 0.019444444444444445
7 0.481640625 0.12916666666666668 0.01015625 0.016666666666666666
7 0.5109375 0.15069444444444444 0.0078125 0.02361111111111111
7 0.520703125 0.15625 0.00703125 0.03194444444444444
7 0.54296875 0.2833333333333333 0.009375 0.025
7 0.6359375 0.46458333333333335 0.0171875 0.05138888888888889
7 0.540625 0.4326388888888889 0.0125 0.04027777777777778
