7 0.446484375 0.7870662460567823 0.05703125 0.1829652996845426
7 0.384765625 0.250788643533123 0.01640625 0.0694006309148265
7 0.648046875 0.08753943217665615 0.01171875 0.02996845425867508
7 0.430859375 0.23501577287066247 0.02265625 0.07255520504731862
7 0.404296875 0.26498422712933756 0.01796875 0.06624605678233439
7 0.469921875 0.25157728706624605 0.01796875 0.0583596214511041
7 0.521875 0.19558359621451105 0.01875 0.04100946372239748
7 0.475390625 0.18217665615141956 0.01640625 0.04574132492113565
7 0.443359375 0.10173501577287067 0.01171875 0.03627760252365931
7 0.44140625 0.16482649842271294 0.0140625 0.04258675078864353
7 0.483984375 0.03548895899053628 0.01484375 0.026813880126182965
