7 0.121875 0.5513888888888889 0.015625 0.08333333333333333
7 0.0921875 0.5534722222222223 0.0140625 0.07916666666666666
7 0.080859375 0.5555555555555556 0.01484375 0.08333333333333333
7 0.108984375 0.5361111111111111 0.01015625 0.08611111111111111
7 0.57578125 0.5027777777777778 0.01875 0.05277777777777778
7 0.827734375 0.9756944444444444 0.02578125 0.034722222222222224
7 0.53046875 0.2743055555555556 0.0140625 0.043055555555555555
7 0.120703125 0.5388888888888889 0.01953125 0.08333333333333333
7 0.1015625 0.5423611111111111 0.015625 0.08472222222222223
7 0.40234375 0.050694444444444445 0.00625 0.018055555555555554
7 0.391796875 0.059722222222222225 0.00859375 0.019444444444444445
7 0.475 0.15347222222222223 0.0078125 0.029166666666666667
7 0.4796875 0.1527777777777778 0.00625 0.03333333333333333
