7 0.219140625 0.5041666666666667 0.01328125 0.08055555555555556
7 0.2421875 0.49027777777777776 0.0140625 0.07777777777777778
7 0.232421875 0.5013888888888889 0.01328125 0.08333333333333333
7 0.6109375 0.20833333333333334 0.0109375 0.03611111111111111
7 0.419921875 0.3236111111111111 0.01484375 0.044444444444444446
7 0.719921875 0.2972222222222222 0.01171875 0.05
7 0.230078125 0.45694444444444443 0.00859375 0.022222222222222223
7 0.415234375 0.36875 0.01640625 0.05416666666666667
7 0.43515625 0.16666666666666666 0.009375 0.03888888888888889
7 0.422265625 0.09930555555555555 0.01015625 0.02638888888888889
7 0.508984375 0.04097222222222222 0.00703125 0.018055555555555554
7 0.5390625 0.035416666666666666 0.0078125 0.018055555555555554
7 0.55859375 0.08541666666666667 0.009375 0.02361111111111111
7 0.54765625 0.09583333333333334 0.009375 0.022222222222222223
7 0.58828125 0.1076388888888889 0.00625 0.03194444444444444
7 0.594140625 0.1125 0.00546875 0.03333333333333333
7 0.59140625 0.1375 0.0109375 0.025
7 0.708203125 0.2777777777777778 0.01015625 0.027777777777777776
