7 0.714453125 0.3304416403785489 0.02890625 0.0804416403785489
7 0.950390625 0.6506309148264984 0.06328125 0.15615141955835962
7 0.53671875 0.4361198738170347 0.0359375 0.12145110410094637
7 0.4390625 0.19321766561514195 0.021875 0.07413249211356467
7 0.6609375 0.19479495268138802 0.01875 0.06782334384858044
7 0.26640625 0.26735015772870663 0.0171875 0.10252365930599369
7 0.47265625 0.11041009463722397 0.01875 0.05362776025236593
7 0.7234375 0.4526813880126183 0.0375 0.1167192429022082
7 0.82734375 0.7358044164037855 0.0546875 0.16876971608832808
7 0.49609375 0.12854889589905363 0.0171875 0.052050473186119876
7 0.674609375 0.2665615141955836 0.02109375 0.07886435331230283
7 0.690625 0.1695583596214511 0.0203125 0.061514195583596214
7 0.78515625 0.17429022082018927 0.01875 0.061514195583596214
7 0.63828125 0.26498422712933756 0.025 0.07570977917981073
7 0.7078125 0.21845425867507887 0.021875 0.06782334384858044
7 0.740625 0.18454258675078863 0.021875 0.06624605678233439
7 0.5015625 0.028391167192429023 0.0140625 0.031545741324921134
7 0.6875 0.026025236593059938 0.015625 0.04574132492113565
7 0.71328125 0.015772870662460567 0.0125 0.031545741324921134
7 0.95078125 0.666403785488959 0.059375 0.14668769716088328
