7 0.57265625 0.26805555555555555 0.025 0.07222222222222222
7 0.734765625 0.9645833333333333 0.04765625 0.06527777777777778
7 0.8328125 0.24583333333333332 0.01875 0.058333333333333334
7 0.6203125 0.26944444444444443 0.028125 0.08055555555555556
7 0.74375 0.9402777777777778 0.0578125 0.10833333333333334
7 0.8484375 0.07222222222222222 0.0140625 0.044444444444444446
7 0.584765625 0.2708333333333333 0.01953125 0.075
7 0.628515625 0.2 0.02265625 0.06111111111111111
7 0.686328125 0.1986111111111111 0.02109375 0.044444444444444446
7 0.855078125 0.014583333333333334 0.00859375 0.029166666666666667
