7 0.04765625 0.22361111111111112 0.0203125 0.030555555555555555
7 0.351953125 0.6229166666666667 0.01796875 0.029166666666666667
7 0.887109375 0.4284722222222222 0.01328125 0.034722222222222224
7 0.96953125 0.5166666666666667 0.015625 0.03611111111111111
7 0.616015625 0.475 0.01640625 0.030555555555555555
7 0.6375 0.45069444444444445 0.0109375 0.029166666666666667
7 0.658203125 0.29097222222222224 0.01484375 0.02638888888888889
7 0.716796875 0.49930555555555556 0.01953125 0.034722222222222224
7 0.725390625 0.5548611111111111 0.02265625 0.034722222222222224
7 0.40859375 0.7458333333333333 0.021875 0.030555555555555555
7 0.5171875 0.7763888888888889 0.01875 0.016666666666666666
7 0.415625 0.3277777777777778 0.01875 0.022222222222222223
7 0.3984375 0.3729166666666667 0.015625 0.02638888888888889
7 0.43828125 0.20347222222222222 0.0140625 0.018055555555555554
7 0.5125 0.11180555555555556 0.0125 0.04583333333333333
7 0.52734375 0.06736111111111111 0.0171875 0.05416666666666667
7 0.205078125 0.6090277777777777 0.01171875 0.020833333333333332
7 0.201171875 0.5666666666666667 0.01328125 0.022222222222222223
7 0.2078125 0.5256944444444445 0.0171875 0.02638888888888889
7 0.2375 0.42916666666666664 0.015625 0.022222222222222223
7 0.257421875 0.3958333333333333 0.01953125 0.030555555555555555
7 0.320703125 0.1701388888888889 0.01484375 0.02361111111111111
7 0.337109375 0.14930555555555555 0.01328125 0.02638888888888889
7 0.381640625 0.17777777777777778 0.01484375 0.027777777777777776
7 0.3796875 0.12708333333333333 0.01875 0.03194444444444444
7 0.94296875 0.6534722222222222 0.0109375 0.029166666666666667
7 0.5703125 0.19583333333333333 0.0125 0.03333333333333333
