7 0.365625 0.15625 0.0125 0.034722222222222224
7 0.415625 0.2048611111111111 0.0140625 0.0375
7 0.3734375 0.7236111111111111 0.0328125 0.09166666666666666
7 0.46015625 0.3020833333333333 0.0203125 0.04861111111111111
7 0.137109375 0.7222222222222222 0.02734375 0.075
7 0.144921875 0.8118055555555556 0.04140625 0.07083333333333333
7 0.260546875 0.35 0.01953125 0.05277777777777778
7 0.46640625 0.2111111111111111 0.015625 0.03888888888888889
7 0.413671875 0.02638888888888889 0.01484375 0.030555555555555555
7 0.37265625 0.73125 0.03125 0.08194444444444444
7 0.143359375 0.8208333333333333 0.03203125 0.08055555555555556
