7 0.2125 0.4235849056603774 0.049 0.11132075471698114
7 0.392 0.6754716981132075 0.058 0.17735849056603772
7 0.0755 0.47924528301886793 0.053 0.1018867924528302
7 0.3985 0.09150943396226414 0.025 0.04716981132075472
7 0.3745 0.07358490566037736 0.021 0.045283018867924525
7 0.38 0.020754716981132074 0.018 0.03773584905660377
7 0.4335 0.02169811320754717 0.019 0.03207547169811321
7 0.778 0.13679245283018868 0.026 0.04716981132075472
7 0.8525 0.1811320754716981 0.029 0.045283018867924525
7 0.933 0.4830188679245283 0.054 0.09811320754716982
