7 0.280078125 0.7708333333333334 0.02578125 0.07222222222222222
7 0.7140625 0.7388888888888889 0.025 0.08611111111111111
7 0.248828125 0.48819444444444443 0.01484375 0.08472222222222223
7 0.569921875 0.30486111111111114 0.01328125 0.04027777777777778
7 0.64609375 0.2972222222222222 0.0140625 0.044444444444444446
7 0.2546875 0.4736111111111111 0.015625 0.08055555555555556
7 0.225390625 0.4951388888888889 0.01640625 0.07083333333333333
7 0.227734375 0.48541666666666666 0.01171875 0.07916666666666666
7 0.2328125 0.47708333333333336 0.0109375 0.08472222222222223
7 0.239453125 0.4708333333333333 0.01171875 0.08333333333333333
7 0.427734375 0.08263888888888889 0.00859375 0.02361111111111111
7 0.5296875 0.05138888888888889 0.0078125 0.022222222222222223
7 0.521875 0.022222222222222223 0.0078125 0.019444444444444445
7 0.600390625 0.10486111111111111 0.00703125 0.034722222222222224
7 0.59609375 0.09444444444444444 0.00625 0.025
7 0.64921875 0.23402777777777778 0.0109375 0.034722222222222224
