7 0.69453125 0.53125 0.025 0.04861111111111111
7 0.719140625 0.8222222222222222 0.03828125 0.058333333333333334
7 0.268359375 0.42569444444444443 0.01328125 0.05138888888888889
7 0.033203125 0.5694444444444444 0.01484375 0.08333333333333333
7 0.04140625 0.5590277777777778 0.015625 0.09305555555555556
7 0.012109375 0.5680555555555555 0.01640625 0.10833333333333334
7 0.441796875 0.025 0.00703125 0.013888888888888888
7 0.624609375 0.6152777777777778 0.01953125 0.044444444444444446
7 0.513671875 0.31319444444444444 0.01015625 0.03194444444444444
7 0.559765625 0.19930555555555557 0.00859375 0.02361111111111111
