7 0.07734375 0.5888888888888889 0.01875 0.08055555555555556
7 0.120703125 0.58125 0.01953125 0.08472222222222223
7 0.640234375 0.5659722222222222 0.01640625 0.059722222222222225
7 0.09765625 0.5840277777777778 0.0140625 0.0763888888888889
7 0.54375 0.35347222222222224 0.0140625 0.04027777777777778
7 0.1015625 0.5611111111111111 0.0125 0.08055555555555556
7 0.487890625 0.31666666666666665 0.01328125 0.03611111111111111
7 0.11484375 0.56875 0.0140625 0.07916666666666666
7 0.387109375 0.1375 0.00859375 0.025
7 0.501953125 0.24930555555555556 0.01171875 0.034722222222222224
7 0.46796875 0.16666666666666666 0.0078125 0.03333333333333333
7 0.4734375 0.16458333333333333 0.00625 0.034722222222222224
7 0.416796875 0.1527777777777778 0.00859375 0.019444444444444445
7 0.375 0.1125 0.0078125 0.019444444444444445
