7 0.14609375 0.49027777777777776 0.0140625 0.08333333333333333
7 0.130859375 0.48333333333333334 0.01640625 0.075
7 0.5671875 0.7618055555555555 0.0234375 0.07361111111111111
7 0.62421875 0.8 0.0265625 0.08333333333333333
7 0.32265625 0.30694444444444446 0.0109375 0.058333333333333334
7 0.11328125 0.48819444444444443 0.0140625 0.08194444444444444
7 0.14765625 0.4736111111111111 0.0171875 0.08055555555555556
7 0.130859375 0.4409722222222222 0.01953125 0.034722222222222224
7 0.541796875 0.17708333333333334 0.01015625 0.029166666666666667
7 0.41171875 0.01875 0.00625 0.015277777777777777
7 0.551171875 0.13333333333333333 0.00859375 0.025
7 0.505078125 0.08194444444444444 0.00703125 0.03611111111111111
7 0.46953125 0.03958333333333333 0.00625 0.02361111111111111
7 0.453515625 0.02847222222222222 0.00703125 0.0125
