7 0.735 0.2320754716981132 0.042 0.09811320754716982
7 0.1975 0.22735849056603774 0.043 0.09622641509433963
7 0.1275 0.10283018867924529 0.025 0.09622641509433963
7 0.832 0.27547169811320754 0.044 0.07924528301886792
7 0.6575 0.026415094339622643 0.025 0.04905660377358491
7 0.549 0.32358490566037734 0.04 0.12641509433962264
7 0.371 0.04905660377358491 0.024 0.045283018867924525
7 0.1175 0.37924528301886795 0.065 0.1169811320754717
7 0.7065 0.03490566037735849 0.021 0.035849056603773584
7 0.209 0.09716981132075472 0.034 0.07358490566037736
7 0.389 0.0820754716981132 0.028 0.05849056603773585
