7 0.73515625 0.4534722222222222 0.01875 0.04861111111111111
7 0.409375 0.6729166666666667 0.0328125 0.0763888888888889
7 0.225 0.5152777777777777 0.021875 0.06666666666666667
7 0.19453125 0.47708333333333336 0.0171875 0.06805555555555555
7 0.18203125 0.4840277777777778 0.0125 0.05138888888888889
7 0.32734375 0.2826388888888889 0.0171875 0.05138888888888889
7 0.373828125 0.19305555555555556 0.01484375 0.03611111111111111
7 0.38828125 0.23402777777777778 0.0125 0.04027777777777778
7 0.42578125 0.26319444444444445 0.015625 0.04027777777777778
7 0.52109375 0.16805555555555557 0.0125 0.030555555555555555
7 0.5359375 0.09305555555555556 0.009375 0.019444444444444445
