7 0.43828125 0.43125 0.021875 0.0625
7 0.326953125 0.2569444444444444 0.01953125 0.03611111111111111
7 0.186328125 0.5145833333333333 0.02265625 0.0625
7 0.24453125 0.8784722222222222 0.0375 0.07361111111111111
7 0.295703125 0.9 0.03515625 0.09166666666666666
7 0.482421875 0.14444444444444443 0.01328125 0.027777777777777776
7 0.435546875 0.10902777777777778 0.00859375 0.020833333333333332
7 0.457421875 0.10694444444444444 0.01328125 0.022222222222222223
7 0.255078125 0.8861111111111111 0.02578125 0.09166666666666666
7 0.438671875 0.4361111111111111 0.01953125 0.058333333333333334
7 0.408203125 0.08611111111111111 0.01328125 0.030555555555555555
7 0.376953125 0.06041666666666667 0.01015625 0.02638888888888889
7 0.6375 0.35625 0.0171875 0.04583333333333333
