7 0.13515625 0.5701388888888889 0.0125 0.03194444444444444
7 0.62578125 0.8791666666666667 0.009375 0.027777777777777776
7 0.554296875 0.7736111111111111 0.01015625 0.025
7 0.72421875 0.78125 0.009375 0.02361111111111111
7 0.586328125 0.6527777777777778 0.00703125 0.019444444444444445
7 0.105859375 0.5652777777777778 0.01171875 0.03333333333333333
7 0.07109375 0.5756944444444444 0.0125 0.03194444444444444
7 0.022265625 0.9263888888888889 0.01171875 0.027777777777777776
7 0.052734375 0.8520833333333333 0.01171875 0.03194444444444444
7 0.005859375 0.8159722222222222 0.01171875 0.03194444444444444
7 0.07890625 0.8722222222222222 0.009375 0.027777777777777776
7 0.56875 0.9763888888888889 0.0109375 0.03611111111111111
7 0.5890625 0.975 0.0109375 0.03611111111111111
7 0.2984375 0.3125 0.0125 0.03333333333333333
7 0.327734375 0.3229166666666667 0.00859375 0.020833333333333332
7 0.356640625 0.11458333333333333 0.00546875 0.0125
7 0.340234375 0.12013888888888889 0.00546875 0.0125
7 0.346875 0.23194444444444445 0.00625 0.016666666666666666
7 0.4625 0.21666666666666667 0.00625 0.016666666666666666
7 0.46875 0.22083333333333333 0.00625 0.016666666666666666
7 0.4890625 0.17152777777777778 0.00625 0.018055555555555554
7 0.54765625 0.15 0.00625 0.016666666666666666
7 0.5796875 0.25 0.00625 0.016666666666666666
7 0.52265625 0.38125 0.0046875 0.015277777777777777
7 0.611328125 0.3326388888888889 0.00703125 0.015277777777777777
7 0.6203125 0.3576388888888889 0.00625 0.015277777777777777
7 0.62890625 0.36041666666666666 0.00625 0.015277777777777777
7 0.641796875 0.9083333333333333 0.01015625 0.027777777777777776
7 0.638671875 0.8583333333333333 0.01015625 0.027777777777777776
7 0.63828125 0.8236111111111111 0.009375 0.027777777777777776
7 0.610546875 0.8486111111111111 0.01015625 0.027777777777777776
7 0.59765625 0.8333333333333334 0.009375 0.027777777777777776
7 0.5875 0.8680555555555556 0.009375 0.027777777777777776
7 0.592578125 0.8020833333333334 0.00703125 0.02638888888888889
7 0.59296875 0.7638888888888888 0.0078125 0.027777777777777776
7 0.591015625 0.7236111111111111 0.00703125 0.027777777777777776
7 0.583984375 0.6916666666666667 0.00703125 0.027777777777777776
7 0.640234375 0.7041666666666667 0.00703125 0.03611111111111111
7 0.70390625 0.8375 0.0109375 0.022222222222222223
7 0.71796875 0.8236111111111111 0.0109375 0.022222222222222223
7 0.6859375 0.7902777777777777 0.0109375 0.022222222222222223
7 0.48671875 0.1388888888888889 0.0078125 0.013888888888888888
7 0.4421875 0.06944444444444445 0.00625 0.013888888888888888
7 0.266796875 0.4340277777777778 0.00703125 0.034722222222222224
7 0.246484375 0.2972222222222222 0.00859375 0.027777777777777776
7 0.3 0.2534722222222222 0.0078125 0.02361111111111111
