7 0.19375 0.36319444444444443 0.0140625 0.0375
7 0.353125 0.7444444444444445 0.0171875 0.041666666666666664
7 0.375 0.7097222222222223 0.0125 0.03888888888888889
7 0.380859375 0.6673611111111111 0.01171875 0.034722222222222224
7 0.353125 0.6736111111111112 0.0140625 0.03888888888888889
7 0.397265625 0.6305555555555555 0.01328125 0.030555555555555555
7 0.422265625 0.6305555555555555 0.01640625 0.041666666666666664
7 0.438671875 0.6208333333333333 0.01484375 0.03611111111111111
7 0.4015625 0.5625 0.0140625 0.03333333333333333
7 0.466796875 0.4444444444444444 0.01171875 0.030555555555555555
7 0.4234375 0.425 0.0109375 0.030555555555555555
7 0.490234375 0.34097222222222223 0.01171875 0.0375
7 0.568359375 0.5819444444444445 0.01328125 0.03611111111111111
7 0.5171875 0.5555555555555556 0.0125 0.03333333333333333
7 0.624609375 0.6111111111111112 0.01171875 0.03333333333333333
7 0.505078125 0.7145833333333333 0.01328125 0.034722222222222224
7 0.53671875 0.6708333333333333 0.0125 0.027777777777777776
7 0.779296875 0.6819444444444445 0.01484375 0.03333333333333333
7 0.783984375 0.5986111111111111 0.01484375 0.03888888888888889
7 0.775390625 0.5236111111111111 0.01640625 0.041666666666666664
7 0.20078125 0.26319444444444445 0.015625 0.02638888888888889
7 0.245703125 0.24166666666666667 0.01171875 0.03611111111111111
7 0.26640625 0.25416666666666665 0.0125 0.03611111111111111
7 0.209375 0.19722222222222222 0.009375 0.027777777777777776
7 0.2875 0.15625 0.0109375 0.02638888888888889
7 0.397265625 0.29444444444444445 0.01171875 0.025
7 0.383203125 0.28680555555555554 0.01015625 0.02361111111111111
7 0.854296875 0.5118055555555555 0.01796875 0.034722222222222224
7 0.7140625 0.32430555555555557 0.0109375 0.02638888888888889
7 0.770703125 0.19722222222222222 0.01171875 0.027777777777777776
7 0.80859375 0.16944444444444445 0.009375 0.022222222222222223
7 0.658203125 0.2777777777777778 0.01015625 0.025
7 0.656640625 0.30625 0.00859375 0.029166666666666667
7 0.62109375 0.1527777777777778 0.009375 0.025
7 0.764453125 0.42777777777777776 0.01328125 0.030555555555555555
7 0.29140625 0.07916666666666666 0.0078125 0.022222222222222223
7 0.301953125 0.08680555555555555 0.01015625 0.02638888888888889
7 0.305078125 0.03819444444444445 0.01015625 0.02361111111111111
7 0.06953125 0.37083333333333335 0.0125 0.025
7 0.171484375 0.16527777777777777 0.01328125 0.03888888888888889
7 0.08515625 0.28125 0.0109375 0.03194444444444444
7 0.687109375 0.4875 0.01171875 0.027777777777777776
7 0.6953125 0.4638888888888889 0.009375 0.025
7 0.758203125 0.009722222222222222 0.00546875 0.019444444444444445
7 0.530078125 0.17222222222222222 0.00859375 0.019444444444444445
7 0.451953125 0.15208333333333332 0.01015625 0.02638888888888889
7 0.492578125 0.05625 0.01015625 0.02361111111111111
7 0.839453125 0.24513888888888888 0.01171875 0.043055555555555555
7 0.8671875 0.3902777777777778 0.0140625 0.05555555555555555
7 0.891015625 0.7888888888888889 0.01796875 0.05277777777777778
7 0.731640625 0.03888888888888889 0.01015625 0.022222222222222223
7 0.6921875 0.07222222222222222 0.00625 0.03333333333333333
7 0.686328125 0.08263888888888889 0.00703125 0.04027777777777778
