7 0.46796875 0.5805555555555556 0.0421875 0.13055555555555556
7 0.39375 0.7347222222222223 0.053125 0.15555555555555556
7 0.392578125 0.08402777777777778 0.01171875 0.04027777777777778
7 0.583203125 0.10902777777777778 0.01171875 0.043055555555555555
7 0.660546875 0.2465277777777778 0.02109375 0.05694444444444444
7 0.535546875 0.11319444444444444 0.01328125 0.043055555555555555
7 0.60546875 0.12291666666666666 0.0140625 0.04583333333333333
7 0.673828125 0.07361111111111111 0.01640625 0.027777777777777776
7 0.585546875 0.1111111111111111 0.01328125 0.030555555555555555
7 0.599609375 0.09652777777777778 0.01171875 0.03194444444444444
