7 0.63203125 0.6576388888888889 0.009375 0.02361111111111111
7 0.592578125 0.8791666666666667 0.01171875 0.022222222222222223
7 0.62265625 0.5951388888888889 0.0078125 0.02361111111111111
7 0.18203125 0.6402777777777777 0.009375 0.013888888888888888
7 0.255078125 0.8680555555555556 0.01328125 0.03333333333333333
7 0.545703125 0.8854166666666666 0.00859375 0.04027777777777778
7 0.533984375 0.9034722222222222 0.01015625 0.043055555555555555
7 0.520703125 0.8798611111111111 0.01171875 0.03194444444444444
7 0.51640625 0.9111111111111111 0.009375 0.03611111111111111
7 0.517578125 0.9402777777777778 0.01171875 0.03333333333333333
7 0.5421875 0.9256944444444445 0.015625 0.043055555555555555
7 0.563671875 0.9506944444444444 0.01484375 0.043055555555555555
7 0.55 0.9729166666666667 0.0109375 0.04027777777777778
7 0.530078125 0.9798611111111111 0.01015625 0.02638888888888889
7 0.46640625 0.8944444444444445 0.0078125 0.03333333333333333
7 0.487890625 0.8909722222222223 0.00859375 0.02638888888888889
7 0.49609375 0.8569444444444444 0.009375 0.03333333333333333
7 0.49765625 0.8388888888888889 0.0109375 0.03333333333333333
7 0.609765625 0.9256944444444445 0.01171875 0.04027777777777778
7 0.618359375 0.8625 0.01015625 0.030555555555555555
7 0.57265625 0.5222222222222223 0.0078125 0.027777777777777776
7 0.479296875 0.05138888888888889 0.00703125 0.011111111111111112
7 0.577734375 0.3840277777777778 0.00546875 0.018055555555555554
7 0.603125 0.3659722222222222 0.00625 0.02361111111111111
7 0.679296875 0.6638888888888889 0.00859375 0.025
7 0.7125 0.6361111111111111 0.009375 0.019444444444444445
7 0.70390625 0.5854166666666667 0.009375 0.018055555555555554
7 0.7015625 0.5520833333333334 0.009375 0.015277777777777777
7 0.5765625 0.2465277777777778 0.0078125 0.015277777777777777
7 0.36875 0.1638888888888889 0.00625 0.019444444444444445
7 0.38984375 0.04375 0.00625 0.0125
7 0.394921875 0.024305555555555556 0.00703125 0.0125
7 0.209765625 0.8652777777777778 0.01171875 0.03333333333333333
7 0.08671875 0.7805555555555556 0.009375 0.027777777777777776
7 0.076171875 0.5229166666666667 0.01015625 0.034722222222222224
7 0.098828125 0.4597222222222222 0.01015625 0.030555555555555555
7 0.11015625 0.4513888888888889 0.0109375 0.03888888888888889
7 0.164453125 0.4840277777777778 0.00859375 0.02638888888888889
7 0.67421875 0.8340277777777778 0.0109375 0.04027777777777778
7 0.594140625 0.6826388888888889 0.00859375 0.02638888888888889
7 0.547265625 0.7520833333333333 0.00859375 0.02361111111111111
7 0.484765625 0.49722222222222223 0.00859375 0.019444444444444445
7 0.016796875 0.7854166666666667 0.01328125 0.029166666666666667
7 0.00859375 0.4409722222222222 0.0109375 0.03194444444444444
7 0.2359375 0.2604166666666667 0.0078125 0.03194444444444444
7 0.3171875 0.1798611111111111 0.0046875 0.02361111111111111
7 0.41171875 0.8756944444444444 0.0140625 0.02638888888888889
7 0.458203125 0.89375 0.01171875 0.03194444444444444
7 0.610546875 0.9270833333333334 0.01640625 0.029166666666666667
7 0.59453125 0.8736111111111111 0.0109375 0.025
7 0.61796875 0.8666666666666667 0.0109375 0.025
7 0.594921875 0.6861111111111111 0.01171875 0.025
7 0.461328125 0.3388888888888889 0.00859375 0.03333333333333333
7 0.452734375 0.33958333333333335 0.00703125 0.02361111111111111
7 0.43671875 0.32569444444444445 0.0078125 0.029166666666666667
7 0.52734375 0.1875 0.0078125 0.013888888888888888
7 0.703125 0.5111111111111111 0.0109375 0.022222222222222223
7 0.689453125 0.7104166666666667 0.00859375 0.018055555555555554
7 0.69140625 0.7194444444444444 0.0125 0.022222222222222223
7 0.77109375 0.875 0.0109375 0.022222222222222223
