7 0.6328125 0.35347222222222224 0.0125 0.020833333333333332
7 0.4875 0.2791666666666667 0.0109375 0.022222222222222223
7 0.7484375 0.4597222222222222 0.0109375 0.022222222222222223
7 0.46640625 0.22847222222222222 0.009375 0.015277777777777777
7 0.50859375 0.3013888888888889 0.0109375 0.022222222222222223
7 0.4703125 0.44166666666666665 0.0109375 0.022222222222222223
7 0.4828125 0.2298611111111111 0.009375 0.015277777777777777
7 0.47578125 0.19375 0.009375 0.015277777777777777
7 0.471484375 0.15069444444444444 0.01015625 0.015277777777777777
7 0.45234375 0.13680555555555557 0.009375 0.015277777777777777
7 0.4734375 0.12013888888888889 0.009375 0.015277777777777777
7 0.570703125 0.1284722222222222 0.01171875 0.020833333333333332
7 0.5984375 0.19930555555555557 0.009375 0.018055555555555554
7 0.39296875 0.21805555555555556 0.00625 0.027777777777777776
7 0.41640625 0.1986111111111111 0.0078125 0.025
7 0.443359375 0.059027777777777776 0.00859375 0.018055555555555554
7 0.444140625 0.010416666666666666 0.00859375 0.015277777777777777
7 0.5453125 0.05138888888888889 0.0109375 0.019444444444444445
7 0.616015625 0.2875 0.01171875 0.025
7 0.755078125 0.7125 0.01328125 0.030555555555555555
7 0.74921875 0.9819444444444444 0.0171875 0.025
7 0.6359375 0.1111111111111111 0.0078125 0.019444444444444445
7 0.625390625 0.02638888888888889 0.00703125 0.013888888888888888
