7 0.80390625 0.5694444444444444 0.028125 0.06388888888888888
7 0.9859375 0.8027777777777778 0.021875 0.08055555555555556
7 0.541796875 0.12222222222222222 0.01484375 0.027777777777777776
7 0.073828125 0.5715277777777777 0.01796875 0.09027777777777778
7 0.082421875 0.5611111111111111 0.02421875 0.09166666666666666
7 0.539453125 0.04861111111111111 0.00859375 0.016666666666666666
7 0.48046875 0.044444444444444446 0.009375 0.019444444444444445
7 0.042578125 0.5694444444444444 0.01640625 0.09166666666666666
7 0.055078125 0.5625 0.01953125 0.08611111111111111
7 0.49375 0.03819444444444445 0.0078125 0.020833333333333332
