7 0.9525 0.37169811320754714 0.037 0.10943396226415095
7 0.375 0.2632075471698113 0.032 0.0660377358490566
7 0.7985 0.2330188679245283 0.029 0.062264150943396226
7 0.587 0.2490566037735849 0.028 0.07547169811320754
7 0.383 0.25849056603773585 0.026 0.07169811320754717
7 0.4945 0.180188679245283 0.029 0.05849056603773585
7 0.609 0.07735849056603773 0.018 0.045283018867924525
7 0.49 0.06037735849056604 0.018 0.03018867924528302
7 0.5035 0.04245283018867924 0.013 0.024528301886792454
7 0.73 0.07735849056603773 0.02 0.03773584905660377
7 0.861 0.24339622641509434 0.028 0.052830188679245285
