7 0.395703125 0.20416666666666666 0.01015625 0.030555555555555555
7 0.21953125 0.5583333333333333 0.015625 0.08333333333333333
7 0.672265625 0.9597222222222223 0.02890625 0.06944444444444445
7 0.18984375 0.5583333333333333 0.0109375 0.075
7 0.576953125 0.5777777777777777 0.01796875 0.05555555555555555
7 0.21015625 0.5409722222222222 0.0109375 0.08194444444444444
7 0.612890625 0.7201388888888889 0.02265625 0.059722222222222225
7 0.492578125 0.1388888888888889 0.00703125 0.019444444444444445
7 0.221875 0.5319444444444444 0.0125 0.04722222222222222
7 0.203515625 0.5493055555555556 0.01015625 0.08194444444444444
7 0.20078125 0.5583333333333333 0.0109375 0.07777777777777778
7 0.39296875 0.14652777777777778 0.009375 0.02638888888888889
7 0.4953125 0.05694444444444444 0.00625 0.016666666666666666
7 0.508203125 0.14652777777777778 0.00859375 0.020833333333333332
7 0.51640625 0.14444444444444443 0.0078125 0.025
7 0.572265625 0.225 0.00703125 0.019444444444444445
7 0.576171875 0.23472222222222222 0.01015625 0.03333333333333333
7 0.594921875 0.45069444444444445 0.01171875 0.04027777777777778
7 0.538671875 0.3576388888888889 0.01171875 0.0375
7 0.55546875 0.32013888888888886 0.0109375 0.034722222222222224
