7 0.257421875 0.4875 0.01640625 0.07777777777777778
7 0.71796875 0.6909722222222222 0.0234375 0.07361111111111111
7 0.65078125 0.6951388888888889 0.0234375 0.0763888888888889
7 0.237109375 0.48541666666666666 0.01328125 0.07361111111111111
7 0.221484375 0.4861111111111111 0.01328125 0.08333333333333333
7 0.41015625 0.35694444444444445 0.0125 0.05
7 0.8125 0.9381944444444444 0.0296875 0.07083333333333333
7 0.41484375 0.36319444444444443 0.015625 0.04861111111111111
7 0.256640625 0.4736111111111111 0.01796875 0.07777777777777778
7 0.248046875 0.46805555555555556 0.01328125 0.08611111111111111
7 0.241796875 0.47291666666666665 0.01328125 0.08194444444444444
7 0.56171875 0.03888888888888889 0.00625 0.030555555555555555
7 0.59375 0.07777777777777778 0.0078125 0.027777777777777776
7 0.6015625 0.08541666666666667 0.0078125 0.03194444444444444
7 0.574609375 0.07083333333333333 0.01015625 0.022222222222222223
7 0.644921875 0.6888888888888889 0.01640625 0.06944444444444445
7 0.776171875 0.9694444444444444 0.03671875 0.044444444444444446
