7 0.728125 0.6597222222222222 0.028125 0.05555555555555555
7 0.709375 0.8993055555555556 0.0328125 0.06805555555555555
7 0.340625 0.15208333333333332 0.0125 0.029166666666666667
7 0.63125 0.4270833333333333 0.01875 0.05138888888888889
7 0.0625 0.5631944444444444 0.0234375 0.10138888888888889
7 0.319921875 0.14166666666666666 0.01015625 0.030555555555555555
7 0.0375 0.575 0.021875 0.09722222222222222
7 0.47109375 0.05486111111111111 0.0078125 0.018055555555555554
7 0.483984375 0.021527777777777778 0.00703125 0.018055555555555554
7 0.078515625 0.5666666666666667 0.01640625 0.1
7 0.05234375 0.5611111111111111 0.0109375 0.08888888888888889
