7 0.8203125 0.3099369085173502 0.025 0.07728706624605679
7 0.8890625 0.7878548895899053 0.05625 0.15930599369085174
7 0.766015625 0.40536277602523657 0.03359375 0.08832807570977919
7 0.45859375 0.10410094637223975 0.0203125 0.0473186119873817
7 0.744921875 0.1805993690851735 0.01953125 0.07413249211356467
7 0.76484375 0.2870662460567823 0.025 0.08517350157728706
7 0.988671875 0.7413249211356467 0.01796875 0.1829652996845426
7 0.519140625 0.02996845425867508 0.01171875 0.031545741324921134
7 0.030859375 0.6427444794952681 0.05078125 0.19085173501577288
7 0.65625 0.06624605678233439 0.0140625 0.03785488958990536
7 0.65703125 0.0417981072555205 0.015625 0.033123028391167195
