7 0.146484375 0.7013888888888888 0.01484375 0.044444444444444446
7 0.28515625 0.8236111111111111 0.01875 0.025
7 0.200390625 0.4 0.00546875 0.030555555555555555
7 0.5515625 0.5319444444444444 0.0109375 0.027777777777777776
7 0.31484375 0.3972222222222222 0.0140625 0.016666666666666666
7 0.54375 0.6854166666666667 0.0203125 0.03194444444444444
7 0.15703125 0.9625 0.0296875 0.05277777777777778
7 0.1984375 0.7881944444444444 0.0203125 0.029166666666666667
7 0.35234375 0.4097222222222222 0.015625 0.022222222222222223
7 0.37109375 0.08402777777777778 0.009375 0.018055555555555554
7 0.36640625 0.027777777777777776 0.009375 0.016666666666666666
7 0.3609375 0.7909722222222222 0.01875 0.02638888888888889
7 0.41171875 0.3111111111111111 0.0140625 0.016666666666666666
7 0.433203125 0.2916666666666667 0.01484375 0.016666666666666666
7 0.435546875 0.26666666666666666 0.01484375 0.016666666666666666
7 0.419140625 0.2777777777777778 0.01484375 0.016666666666666666
7 0.446875 0.19236111111111112 0.009375 0.018055555555555554
7 0.47890625 0.1736111111111111 0.0109375 0.016666666666666666
7 0.45390625 0.15416666666666667 0.0125 0.019444444444444445
7 0.451171875 0.1375 0.01171875 0.019444444444444445
7 0.536328125 0.20416666666666666 0.01484375 0.016666666666666666
7 0.734765625 0.5166666666666667 0.01171875 0.027777777777777776
7 0.562109375 0.03958333333333333 0.00546875 0.0125
7 0.67109375 0.13055555555555556 0.00625 0.013888888888888888
7 0.720703125 0.1875 0.00546875 0.013888888888888888
7 0.72734375 0.13958333333333334 0.0046875 0.0125
7 0.6078125 0.1527777777777778 0.0046875 0.03611111111111111
7 0.155078125 0.5145833333333333 0.01015625 0.029166666666666667
7 0.208203125 0.5159722222222223 0.01015625 0.0375
7 0.20078125 0.5256944444444445 0.0125 0.03194444444444444
7 0.21796875 0.6090277777777777 0.0109375 0.020833333333333332
7 0.041015625 0.9569444444444445 0.01328125 0.041666666666666664
7 0.471484375 0.03958333333333333 0.00703125 0.015277777777777777
7 0.283203125 0.8354166666666667 0.01171875 0.029166666666666667
7 0.564453125 0.027083333333333334 0.00859375 0.015277777777777777
7 0.655078125 0.009027777777777777 0.00703125 0.0125
7 0.736328125 0.5159722222222223 0.00859375 0.018055555555555554
7 0.73046875 0.7 0.009375 0.025
7 0.745703125 0.95 0.01171875 0.03611111111111111
