7 0.494140625 0.8986111111111111 0.01640625 0.030555555555555555
7 0.51875 0.8777777777777778 0.015625 0.030555555555555555
7 0.438671875 0.8868055555555555 0.01484375 0.02361111111111111
7 0.4984375 0.8263888888888888 0.0125 0.027777777777777776
7 0.480859375 0.7 0.01171875 0.027777777777777776
7 0.392578125 0.3861111111111111 0.01015625 0.016666666666666666
7 0.38359375 0.33958333333333335 0.009375 0.015277777777777777
7 0.39765625 0.32222222222222224 0.0109375 0.016666666666666666
7 0.41171875 0.30416666666666664 0.0109375 0.016666666666666666
7 0.421875 0.28541666666666665 0.0109375 0.018055555555555554
7 0.41640625 0.2548611111111111 0.0078125 0.015277777777777777
7 0.715234375 0.9583333333333334 0.01640625 0.030555555555555555
7 0.56796875 0.41944444444444445 0.0125 0.016666666666666666
7 0.535546875 0.30486111111111114 0.01171875 0.020833333333333332
7 0.64375 0.42569444444444443 0.0125 0.018055555555555554
7 0.55859375 0.24791666666666667 0.0125 0.018055555555555554
7 0.498828125 0.21875 0.01015625 0.018055555555555554
7 0.49453125 0.16597222222222222 0.0109375 0.015277777777777777
7 0.48125 0.14444444444444443 0.0109375 0.016666666666666666
7 0.4671875 0.13541666666666666 0.0109375 0.015277777777777777
7 0.675 0.5534722222222223 0.015625 0.02361111111111111
7 0.680859375 0.6027777777777777 0.01484375 0.022222222222222223
7 0.724609375 0.6777777777777778 0.01484375 0.022222222222222223
7 0.748828125 0.6923611111111111 0.01484375 0.02361111111111111
7 0.317578125 0.28888888888888886 0.00859375 0.025
7 0.33828125 0.24444444444444444 0.0078125 0.027777777777777776
7 0.333203125 0.21388888888888888 0.00546875 0.022222222222222223
7 0.33125 0.18194444444444444 0.0046875 0.022222222222222223
7 0.31953125 0.21041666666666667 0.0046875 0.015277777777777777
7 0.366015625 0.13194444444444445 0.00859375 0.016666666666666666
7 0.36640625 0.1625 0.0078125 0.016666666666666666
7 0.3765625 0.18055555555555555 0.0109375 0.022222222222222223
7 0.47890625 0.6965277777777777 0.015625 0.029166666666666667
7 0.4390625 0.8791666666666667 0.015625 0.027777777777777776
7 0.430078125 0.0763888888888889 0.00859375 0.016666666666666666
7 0.5109375 0.17777777777777778 0.0078125 0.016666666666666666
7 0.535546875 0.30972222222222223 0.01015625 0.022222222222222223
7 0.547265625 0.11319444444444444 0.00703125 0.020833333333333332
7 0.684765625 0.46805555555555556 0.01015625 0.025
7 0.79296875 0.3861111111111111 0.0078125 0.030555555555555555
