7 0.885546875 0.6194444444444445 0.01328125 0.06388888888888888
7 0.215234375 0.33055555555555555 0.01171875 0.025
7 0.551953125 0.61875 0.01171875 0.029166666666666667
7 0.6 0.5958333333333333 0.0109375 0.03333333333333333
7 0.5125 0.4340277777777778 0.0125 0.029166666666666667
7 0.475 0.3729166666666667 0.0109375 0.05138888888888889
7 0.745703125 0.44583333333333336 0.01015625 0.03333333333333333
7 0.755859375 0.4826388888888889 0.01171875 0.029166666666666667
7 0.771484375 0.4986111111111111 0.01171875 0.027777777777777776
7 0.832421875 0.4513888888888889 0.01171875 0.030555555555555555
7 0.8375 0.39305555555555555 0.0140625 0.030555555555555555
7 0.8375 0.35208333333333336 0.0109375 0.03194444444444444
7 0.491015625 0.2708333333333333 0.01015625 0.044444444444444446
7 0.49609375 0.2569444444444444 0.0140625 0.044444444444444446
7 0.542578125 0.2881944444444444 0.01328125 0.018055555555555554
7 0.598046875 0.31527777777777777 0.00859375 0.022222222222222223
7 0.504296875 0.10277777777777777 0.00859375 0.022222222222222223
7 0.4296875 0.18819444444444444 0.009375 0.02361111111111111
7 0.42265625 0.20902777777777778 0.0078125 0.02361111111111111
7 0.47734375 0.24027777777777778 0.0078125 0.025
7 0.463671875 0.21041666666666667 0.01484375 0.029166666666666667
7 0.151953125 0.4847222222222222 0.01328125 0.03333333333333333
7 0.159765625 0.5472222222222223 0.01328125 0.03888888888888889
7 0.181640625 0.46944444444444444 0.01015625 0.027777777777777776
7 0.191796875 0.3798611111111111 0.01171875 0.03194444444444444
7 0.13984375 0.1625 0.00625 0.025
7 0.232421875 0.1388888888888889 0.00859375 0.025
7 0.194921875 0.10138888888888889 0.00703125 0.025
7 0.069140625 0.19375 0.00703125 0.034722222222222224
7 0.027734375 0.37777777777777777 0.00859375 0.025
7 0.12890625 0.8430555555555556 0.01875 0.044444444444444446
7 0.190234375 0.38263888888888886 0.01015625 0.03194444444444444
7 0.52421875 0.027777777777777776 0.0109375 0.022222222222222223
7 0.38203125 0.2222222222222222 0.0109375 0.03333333333333333
7 0.6296875 0.21319444444444444 0.0109375 0.020833333333333332
7 0.50625 0.4625 0.0109375 0.022222222222222223
7 0.571875 0.37916666666666665 0.0171875 0.03888888888888889
