7 0.246875 0.7506944444444444 0.0390625 0.07083333333333333
7 0.268359375 0.6368055555555555 0.02890625 0.05138888888888889
7 0.4421875 0.3680555555555556 0.0234375 0.03888888888888889
7 0.372265625 0.3138888888888889 0.02109375 0.03611111111111111
7 0.423046875 0.2881944444444444 0.01796875 0.0375
7 0.495703125 0.21458333333333332 0.01171875 0.04583333333333333
7 0.480859375 0.21597222222222223 0.01328125 0.04583333333333333
7 0.4046875 0.08680555555555555 0.0109375 0.02361111111111111
7 0.44921875 0.07430555555555556 0.009375 0.018055555555555554
7 0.41484375 0.04513888888888889 0.009375 0.018055555555555554
7 0.420703125 0.08888888888888889 0.00859375 0.016666666666666666
7 0.31953125 0.16180555555555556 0.0109375 0.04583333333333333
