7 0.64609375 0.2 0.009375 0.044444444444444446
7 0.307421875 0.31666666666666665 0.00859375 0.05
7 0.646875 0.6173611111111111 0.0171875 0.0375
7 0.668359375 0.4930555555555556 0.01328125 0.03611111111111111
7 0.55234375 0.3020833333333333 0.015625 0.02361111111111111
7 0.63046875 0.25416666666666665 0.0125 0.030555555555555555
7 0.38984375 0.4444444444444444 0.015625 0.030555555555555555
7 0.416015625 0.5902777777777778 0.01484375 0.03333333333333333
7 0.424609375 0.6555555555555556 0.01953125 0.03888888888888889
7 0.3671875 0.41388888888888886 0.0125 0.030555555555555555
7 0.386328125 0.4048611111111111 0.01328125 0.02638888888888889
7 0.33984375 0.32222222222222224 0.0125 0.030555555555555555
7 0.465234375 0.09097222222222222 0.01171875 0.02638888888888889
7 0.477734375 0.05625 0.01171875 0.02638888888888889
7 0.309375 0.15069444444444444 0.0109375 0.02361111111111111
7 0.318359375 0.18680555555555556 0.01015625 0.02361111111111111
7 0.326953125 0.22291666666666668 0.01328125 0.02361111111111111
7 0.310546875 0.07083333333333333 0.01015625 0.022222222222222223
7 0.278515625 0.5652777777777778 0.01171875 0.04722222222222222
7 0.26875 0.5472222222222223 0.0125 0.04722222222222222
7 0.26015625 0.5472222222222223 0.0125 0.04722222222222222
7 0.235546875 0.575 0.01171875 0.04722222222222222
7 0.226171875 0.5840277777777778 0.01015625 0.04861111111111111
7 0.20234375 0.5930555555555556 0.0140625 0.05555555555555555
7 0.186328125 0.6131944444444445 0.01328125 0.043055555555555555
7 0.2984375 0.5520833333333334 0.0078125 0.02361111111111111
7 0.23125 0.4125 0.0078125 0.041666666666666664
7 0.15 0.19305555555555556 0.009375 0.03333333333333333
7 0.140625 0.20277777777777778 0.009375 0.025
7 0.135546875 0.19652777777777777 0.00859375 0.0375
7 0.13515625 0.16805555555555557 0.009375 0.025
7 0.167578125 0.01597222222222222 0.00859375 0.029166666666666667
7 0.15859375 0.018055555555555554 0.009375 0.030555555555555555
7 0.335546875 0.009027777777777777 0.01171875 0.018055555555555554
7 0.659765625 0.06597222222222222 0.00859375 0.0375
7 0.6671875 0.06805555555555555 0.0078125 0.03611111111111111
