7 0.305078125 0.6201388888888889 0.04140625 0.11805555555555555
7 0.3328125 0.7493055555555556 0.0421875 0.12083333333333333
7 0.9046875 0.1798611111111111 0.0203125 0.04583333333333333
7 0.3640625 0.7402777777777778 0.0484375 0.125
7 0.233203125 0.49375 0.04296875 0.09305555555555556
7 0.768359375 0.27708333333333335 0.02265625 0.05694444444444444
7 0.70234375 0.19652777777777777 0.0171875 0.05416666666666667
7 0.925 0.09930555555555555 0.0171875 0.034722222222222224
7 0.3828125 0.43125 0.0359375 0.09305555555555556
7 0.982421875 0.09583333333333334 0.01796875 0.03888888888888889
7 0.605078125 0.19583333333333333 0.02109375 0.06111111111111111
7 0.7125 0.11458333333333333 0.015625 0.03194444444444444
