7 0.32578125 0.19375 0.0140625 0.0375
7 0.352734375 0.10347222222222222 0.01328125 0.04027777777777778
7 0.85 0.6451388888888889 0.028125 0.05694444444444444
7 0.9796875 0.75 0.0203125 0.08055555555555556
7 0.63359375 0.1451388888888889 0.009375 0.02638888888888889
7 0.51953125 0.027777777777777776 0.009375 0.016666666666666666
7 0.8109375 0.26666666666666666 0.0140625 0.058333333333333334
7 0.055859375 0.5201388888888889 0.02578125 0.09583333333333334
7 0.1078125 0.5069444444444444 0.0265625 0.09166666666666666
7 0.09921875 0.5215277777777778 0.0171875 0.09861111111111111
