7 0.69765625 0.8090277777777778 0.0234375 0.06527777777777778
7 0.219921875 0.5493055555555556 0.01328125 0.08194444444444444
7 0.189453125 0.5583333333333333 0.01328125 0.07777777777777778
7 0.6171875 0.5194444444444445 0.0171875 0.06111111111111111
7 0.215625 0.5597222222222222 0.0171875 0.08055555555555556
7 0.382421875 0.1736111111111111 0.01015625 0.022222222222222223
7 0.206640625 0.5444444444444444 0.01171875 0.08055555555555556
7 0.19765625 0.5583333333333333 0.0125 0.07777777777777778
7 0.200390625 0.55 0.01015625 0.08611111111111111
7 0.401953125 0.16666666666666666 0.00859375 0.030555555555555555
7 0.48828125 0.09583333333333334 0.0078125 0.019444444444444445
7 0.490625 0.05486111111111111 0.00625 0.018055555555555554
7 0.50625 0.050694444444444445 0.00625 0.018055555555555554
7 0.527734375 0.14444444444444443 0.01015625 0.025
7 0.53984375 0.14930555555555555 0.0078125 0.029166666666666667
7 0.577734375 0.5333333333333333 0.01328125 0.044444444444444446
