7 0.305 0.31981132075471697 0.044 0.10754716981132076
7 0.3555 0.539622641509434 0.063 0.12830188679245283
7 0.377 0.3754716981132076 0.052 0.10943396226415095
7 0.411 0.2160377358490566 0.046 0.08490566037735849
7 0.575 0.13773584905660377 0.032 0.07547169811320754
7 0.1395 0.7613207547169811 0.101 0.17169811320754716
7 0.4035 0.21509433962264152 0.035 0.09433962264150944
7 0.895 0.04150943396226415 0.022 0.033962264150943396
7 0.9575 0.14245283018867924 0.031 0.04716981132075472
7 0.9825 0.4481132075471698 0.033 0.12641509433962264
