7 0.77890625 0.5576388888888889 0.0265625 0.04027777777777778
7 0.8140625 0.7284722222222222 0.021875 0.05416666666666667
7 0.817578125 0.9333333333333333 0.01953125 0.05277777777777778
7 0.77109375 0.42986111111111114 0.0265625 0.043055555555555555
7 0.81953125 0.36319444444444443 0.01875 0.034722222222222224
7 0.56796875 0.6076388888888888 0.009375 0.059722222222222225
7 0.580859375 0.59375 0.01171875 0.05138888888888889
7 0.60390625 0.5909722222222222 0.015625 0.04861111111111111
7 0.751171875 0.05694444444444444 0.01796875 0.03611111111111111
7 0.79921875 0.4625 0.0234375 0.03888888888888889
