7 0.197265625 0.4548611111111111 0.01484375 0.034722222222222224
7 0.6265625 0.8798611111111111 0.009375 0.02361111111111111
7 0.557421875 0.7645833333333333 0.01171875 0.02638888888888889
7 0.688671875 0.7888888888888889 0.01171875 0.025
7 0.214453125 0.60625 0.01171875 0.029166666666666667
7 0.22734375 0.5993055555555555 0.0125 0.029166666666666667
7 0.233203125 0.6284722222222222 0.01171875 0.029166666666666667
7 0.292578125 0.5034722222222222 0.00703125 0.020833333333333332
7 0.328515625 0.43125 0.00703125 0.020833333333333332
7 0.339453125 0.34652777777777777 0.00859375 0.018055555555555554
7 0.532421875 0.37430555555555556 0.00546875 0.0125
7 0.4765625 0.19930555555555557 0.00625 0.0125
7 0.4828125 0.20694444444444443 0.00625 0.013888888888888888
7 0.502734375 0.15902777777777777 0.00546875 0.018055555555555554
7 0.40859375 0.11041666666666666 0.00625 0.0125
7 0.48203125 0.09583333333333334 0.00625 0.013888888888888888
7 0.599609375 0.23541666666666666 0.00703125 0.015277777777777777
7 0.600390625 0.25972222222222224 0.00703125 0.013888888888888888
7 0.61484375 0.3013888888888889 0.00625 0.013888888888888888
7 0.644140625 0.3194444444444444 0.00703125 0.013888888888888888
7 0.71171875 0.5673611111111111 0.009375 0.018055555555555554
7 0.723046875 0.6118055555555556 0.01015625 0.018055555555555554
7 0.74609375 0.6777777777777778 0.009375 0.019444444444444445
7 0.761328125 0.6770833333333334 0.01015625 0.018055555555555554
7 0.706640625 0.8375 0.01171875 0.025
7 0.71953125 0.8263888888888888 0.0109375 0.025
7 0.726953125 0.7888888888888889 0.01171875 0.025
7 0.638671875 0.8590277777777777 0.01015625 0.02361111111111111
7 0.64140625 0.8194444444444444 0.0109375 0.027777777777777776
7 0.61328125 0.8423611111111111 0.0109375 0.02638888888888889
7 0.588671875 0.8666666666666667 0.01015625 0.027777777777777776
7 0.598828125 0.8340277777777778 0.01015625 0.02638888888888889
7 0.64296875 0.9090277777777778 0.009375 0.02361111111111111
7 0.505078125 0.90625 0.01015625 0.02361111111111111
7 0.594921875 0.7902777777777777 0.01171875 0.025
7 0.596875 0.7541666666666667 0.0109375 0.025
7 0.596875 0.71875 0.009375 0.02361111111111111
7 0.58984375 0.6895833333333333 0.009375 0.02361111111111111
7 0.5921875 0.6541666666666667 0.009375 0.022222222222222223
7 0.08203125 0.5409722222222222 0.0109375 0.029166666666666667
7 0.023828125 0.7743055555555556 0.01484375 0.034722222222222224
7 0.039453125 0.5020833333333333 0.01484375 0.034722222222222224
7 0.033203125 0.49930555555555556 0.01484375 0.034722222222222224
7 0.180078125 0.37569444444444444 0.01484375 0.034722222222222224
7 0.160546875 0.38263888888888886 0.01484375 0.034722222222222224
7 0.37578125 0.05138888888888889 0.00625 0.013888888888888888
7 0.105078125 0.6173611111111111 0.01171875 0.034722222222222224
7 0.47421875 0.39166666666666666 0.00625 0.030555555555555555
