7 0.765234375 0.8298611111111112 0.01328125 0.029166666666666667
7 0.490234375 0.5298611111111111 0.01484375 0.02638888888888889
7 0.771875 0.5465277777777777 0.0125 0.020833333333333332
7 0.558203125 0.7819444444444444 0.01640625 0.03611111111111111
7 0.561328125 0.6576388888888889 0.01328125 0.02638888888888889
7 0.53125 0.63125 0.0140625 0.02638888888888889
7 0.471875 0.40625 0.0125 0.02638888888888889
7 0.619921875 0.3368055555555556 0.01171875 0.02361111111111111
7 0.65 0.4979166666666667 0.015625 0.02638888888888889
7 0.59375 0.2875 0.0125 0.019444444444444445
7 0.45546875 0.2534722222222222 0.009375 0.020833333333333332
7 0.452734375 0.15555555555555556 0.00859375 0.019444444444444445
7 0.660546875 0.23333333333333334 0.01015625 0.019444444444444445
7 0.8078125 0.6833333333333333 0.0125 0.022222222222222223
7 0.388671875 0.2263888888888889 0.00703125 0.027777777777777776
7 0.413671875 0.225 0.00546875 0.022222222222222223
7 0.41171875 0.19444444444444445 0.00625 0.027777777777777776
7 0.4234375 0.15486111111111112 0.0078125 0.020833333333333332
7 0.409765625 0.11736111111111111 0.00546875 0.018055555555555554
7 0.438671875 0.03680555555555556 0.00703125 0.015277777777777777
7 0.436328125 0.07847222222222222 0.00859375 0.020833333333333332
7 0.467578125 0.36944444444444446 0.01171875 0.022222222222222223
7 0.499609375 0.3541666666666667 0.01171875 0.027777777777777776
7 0.508984375 0.5263888888888889 0.01640625 0.030555555555555555
7 0.496484375 0.9506944444444444 0.01953125 0.0375
7 0.702734375 0.6625 0.01640625 0.03333333333333333
7 0.68046875 0.6638888888888889 0.0171875 0.041666666666666664
7 0.728515625 0.6152777777777778 0.01015625 0.03333333333333333
7 0.55703125 0.07847222222222222 0.009375 0.018055555555555554
7 0.550390625 0.05 0.01015625 0.016666666666666666
7 0.538671875 0.008333333333333333 0.00859375 0.013888888888888888
7 0.59140625 0.01597222222222222 0.0078125 0.015277777777777777
7 0.80859375 0.6513888888888889 0.0140625 0.03611111111111111
