7 0.753125 0.83125 0.0109375 0.029166666666666667
7 0.76875 0.8465277777777778 0.0109375 0.020833333333333332
7 0.816796875 0.8534722222222222 0.01171875 0.029166666666666667
7 0.8015625 0.8270833333333333 0.0109375 0.020833333333333332
7 0.73671875 0.8979166666666667 0.0109375 0.029166666666666667
7 0.74609375 0.8680555555555556 0.0109375 0.030555555555555555
7 0.7171875 0.8881944444444444 0.0109375 0.029166666666666667
7 0.69921875 0.8965277777777778 0.0109375 0.02361111111111111
7 0.66328125 0.7951388888888888 0.0109375 0.02361111111111111
7 0.7015625 0.8604166666666667 0.0109375 0.018055555555555554
7 0.701953125 0.8236111111111111 0.00859375 0.019444444444444445
7 0.70390625 0.7701388888888889 0.0109375 0.015277777777777777
7 0.7015625 0.7354166666666667 0.0109375 0.02361111111111111
7 0.698828125 0.6798611111111111 0.01015625 0.020833333333333332
7 0.699609375 0.6402777777777777 0.00859375 0.016666666666666666
7 0.7 0.6076388888888888 0.009375 0.020833333333333332
7 0.694921875 0.5743055555555555 0.01015625 0.018055555555555554
7 0.39140625 0.6472222222222223 0.0140625 0.019444444444444445
7 0.498828125 0.3125 0.00703125 0.013888888888888888
7 0.5234375 0.2361111111111111 0.0078125 0.013888888888888888
7 0.540234375 0.2611111111111111 0.00703125 0.013888888888888888
7 0.6515625 0.39861111111111114 0.0078125 0.013888888888888888
7 0.623046875 0.16944444444444445 0.00703125 0.013888888888888888
7 0.609765625 0.11597222222222223 0.00390625 0.0125
7 0.616796875 0.11319444444444444 0.00546875 0.006944444444444444
7 0.627734375 0.13819444444444445 0.00390625 0.0125
7 0.628125 0.17777777777777778 0.003125 0.011111111111111112
7 0.78671875 0.8104166666666667 0.009375 0.0375
7 0.78671875 0.8104166666666667 0.009375 0.0375
7 0.415625 0.45416666666666666 0.009375 0.03611111111111111
7 0.14609375 0.7395833333333334 0.0109375 0.029166666666666667
7 0.13046875 0.7430555555555556 0.0125 0.041666666666666664
7 0.417578125 0.8152777777777778 0.01015625 0.03611111111111111
7 0.41171875 0.59375 0.0078125 0.029166666666666667
7 0.417578125 0.8569444444444444 0.00859375 0.041666666666666664
7 0.403125 0.9375 0.0109375 0.03888888888888889
7 0.07890625 0.95625 0.0203125 0.03194444444444444
7 0.2 0.37777777777777777 0.009375 0.027777777777777776
7 0.15234375 0.42916666666666664 0.0109375 0.03333333333333333
7 0.3765625 0.27291666666666664 0.0078125 0.029166666666666667
7 0.387890625 0.2520833333333333 0.00859375 0.029166666666666667
7 0.4984375 0.14652777777777778 0.00625 0.02638888888888889
7 0.6203125 0.009722222222222222 0.00625 0.013888888888888888
7 0.63125 0.16805555555555557 0.00625 0.013888888888888888
7 0.63828125 0.3590277777777778 0.0078125 0.029166666666666667
7 0.629296875 0.4395833333333333 0.00859375 0.03194444444444444
7 0.608203125 0.5458333333333333 0.01015625 0.013888888888888888
7 0.626171875 0.8979166666666667 0.01484375 0.043055555555555555
7 0.815234375 0.8673611111111111 0.01328125 0.043055555555555555
7 0.78984375 0.78125 0.0109375 0.029166666666666667
7 0.776171875 0.46875 0.01015625 0.02638888888888889
7 0.765625 0.43819444444444444 0.0109375 0.02638888888888889
7 0.738671875 0.4097222222222222 0.00859375 0.03333333333333333
7 0.729296875 0.25069444444444444 0.01015625 0.02361111111111111
7 0.61015625 0.2 0.00625 0.025
