7 0.370703125 0.5638888888888889 0.02265625 0.05277777777777778
7 0.408203125 0.5277777777777778 0.02265625 0.05
7 0.13515625 0.5527777777777778 0.021875 0.06111111111111111
7 0.2140625 0.42986111111111114 0.0171875 0.0625
7 0.409765625 0.18819444444444444 0.01328125 0.02361111111111111
7 0.440234375 0.14166666666666666 0.01328125 0.025
7 0.372265625 0.10416666666666667 0.00859375 0.022222222222222223
7 0.44921875 0.058333333333333334 0.00625 0.013888888888888888
7 0.430859375 0.06944444444444445 0.00703125 0.016666666666666666
7 0.05 0.8138888888888889 0.025 0.08611111111111111
