7 0.246875 0.53125 0.0203125 0.0625
7 0.501171875 0.5284722222222222 0.02421875 0.05416666666666667
7 0.160546875 0.7659722222222223 0.02890625 0.09861111111111111
7 0.183203125 0.7548611111111111 0.02109375 0.09583333333333334
7 0.1796875 0.6854166666666667 0.03125 0.07916666666666666
7 0.49609375 0.5319444444444444 0.0171875 0.04722222222222222
7 0.439453125 0.19236111111111112 0.01328125 0.03194444444444444
7 0.56640625 0.15555555555555556 0.0171875 0.03333333333333333
7 0.485546875 0.09444444444444444 0.01328125 0.03611111111111111
7 0.56640625 0.08541666666666667 0.00625 0.020833333333333332
7 0.554296875 0.07013888888888889 0.01328125 0.02361111111111111
7 0.5546875 0.041666666666666664 0.009375 0.019444444444444445
