7 0.63046875 0.3854166666666667 0.0171875 0.03194444444444444
7 0.321484375 0.8611111111111112 0.02109375 0.03611111111111111
7 0.36328125 0.8652777777777778 0.0171875 0.041666666666666664
7 0.605078125 0.4465277777777778 0.01171875 0.03194444444444444
7 0.494921875 0.3763888888888889 0.01328125 0.030555555555555555
7 0.592578125 0.35 0.01328125 0.03333333333333333
7 0.327734375 0.20416666666666666 0.01015625 0.030555555555555555
7 0.5671875 0.5541666666666667 0.0171875 0.041666666666666664
7 0.55234375 0.6041666666666666 0.0171875 0.041666666666666664
7 0.669140625 0.9784722222222222 0.01796875 0.043055555555555555
7 0.4734375 0.2791666666666667 0.0109375 0.022222222222222223
7 0.46484375 0.2125 0.0109375 0.022222222222222223
7 0.43203125 0.21805555555555556 0.0109375 0.022222222222222223
7 0.47578125 0.1701388888888889 0.0109375 0.020833333333333332
7 0.42421875 0.03819444444444445 0.0078125 0.020833333333333332
7 0.430078125 0.016666666666666666 0.00703125 0.022222222222222223
7 0.473046875 0.04375 0.00703125 0.020833333333333332
7 0.381640625 0.050694444444444445 0.00703125 0.020833333333333332
7 0.291796875 0.07013888888888889 0.00703125 0.020833333333333332
7 0.26171875 0.025694444444444443 0.0078125 0.020833333333333332
7 0.228125 0.21805555555555556 0.0109375 0.030555555555555555
7 0.19453125 0.36180555555555555 0.0109375 0.043055555555555555
7 0.184375 0.3729166666666667 0.0109375 0.043055555555555555
7 0.545703125 0.02638888888888889 0.01015625 0.03333333333333333
7 0.169140625 0.3875 0.00859375 0.030555555555555555
7 0.131640625 0.05555555555555555 0.01015625 0.025
7 0.330859375 0.7305555555555555 0.01640625 0.05555555555555555
7 0.362890625 0.7138888888888889 0.01484375 0.03611111111111111
7 0.587109375 0.05763888888888889 0.00859375 0.034722222222222224
7 0.155859375 0.7006944444444444 0.01171875 0.04861111111111111
