7 0.4171875 0.9 0.0296875 0.09722222222222222
7 0.3109375 0.5875 0.0171875 0.08055555555555556
7 0.282421875 0.5854166666666667 0.01484375 0.07361111111111111
7 0.685546875 0.5694444444444444 0.01796875 0.05277777777777778
7 0.32265625 0.5666666666666667 0.015625 0.075
7 0.29296875 0.5833333333333334 0.0109375 0.07777777777777778
7 0.30859375 0.5409722222222222 0.015625 0.059722222222222225
7 0.299609375 0.5694444444444444 0.01328125 0.08333333333333333
7 0.584765625 0.10208333333333333 0.00703125 0.018055555555555554
7 0.5796875 0.13958333333333334 0.00625 0.020833333333333332
7 0.60546875 0.06527777777777778 0.00625 0.011111111111111112
7 0.57890625 0.07569444444444444 0.00625 0.018055555555555554
