7 0.2578125 0.5729166666666666 0.0140625 0.0763888888888889
7 0.1921875 0.6152777777777778 0.0171875 0.08888888888888889
7 0.16015625 0.6201388888888889 0.0171875 0.07916666666666666
7 0.17265625 0.6173611111111111 0.015625 0.0763888888888889
7 0.18203125 0.5909722222222222 0.015625 0.0763888888888889
7 0.178125 0.6006944444444444 0.015625 0.08194444444444444
7 0.501171875 0.13819444444444445 0.00703125 0.018055555555555554
7 0.5046875 0.10208333333333333 0.0078125 0.0125
7 0.484765625 0.08888888888888889 0.00703125 0.016666666666666666
7 0.47421875 0.09375 0.00625 0.015277777777777777
7 0.51796875 0.18958333333333333 0.009375 0.02361111111111111
7 0.53203125 0.20277777777777778 0.0078125 0.025
7 0.52109375 0.35833333333333334 0.0125 0.03611111111111111
