7 0.389453125 0.5528391167192429 0.03671875 0.11198738170347003
7 0.8078125 0.334384858044164 0.0265625 0.08517350157728706
7 0.465625 0.2421135646687697 0.021875 0.0583596214511041
7 0.419921875 0.25946372239747634 0.02109375 0.0804416403785489
7 0.42421875 0.15772870662460567 0.0171875 0.05993690851735016
7 0.6765625 0.23264984227129337 0.0109375 0.02996845425867508
7 0.355859375 0.7807570977917981 0.04296875 0.17034700315457413
7 0.458984375 0.12302839116719243 0.01640625 0.0473186119873817
7 0.680078125 0.23895899053627762 0.01796875 0.052050473186119876
7 0.808203125 0.3383280757097792 0.02421875 0.07728706624605679
