7 0.948828125 0.8194444444444444 0.02734375 0.11388888888888889
7 0.103125 0.3020833333333333 0.0171875 0.0875
7 0.921875 0.8173611111111111 0.025 0.10138888888888889
7 0.11875 0.3173611111111111 0.0171875 0.08472222222222223
7 0.153125 0.2951388888888889 0.0125 0.06527777777777778
7 0.126953125 0.30625 0.01171875 0.0875
7 0.71953125 0.6625 0.0296875 0.075
7 0.77578125 0.6048611111111111 0.0265625 0.07083333333333333
7 0.1125 0.26805555555555555 0.0140625 0.05
7 0.5109375 0.05694444444444444 0.0125 0.05
7 0.512109375 0.049305555555555554 0.01328125 0.02361111111111111
