7 0.8265625 0.55 0.025 0.058333333333333334
7 0.75234375 0.7 0.034375 0.07222222222222222
7 0.484375 0.5958333333333333 0.0265625 0.06388888888888888
7 0.50078125 0.5069444444444444 0.0328125 0.06388888888888888
7 0.544921875 0.33541666666666664 0.01640625 0.05694444444444444
7 0.508984375 0.3263888888888889 0.02265625 0.041666666666666664
7 0.4609375 0.3298611111111111 0.0203125 0.04861111111111111
7 0.47421875 0.21388888888888888 0.0125 0.03888888888888889
7 0.3484375 0.21597222222222223 0.015625 0.04027777777777778
7 0.4015625 0.18888888888888888 0.0140625 0.027777777777777776
7 0.516015625 0.08888888888888889 0.00859375 0.022222222222222223
