7 0.257421875 0.4888888888888889 0.01640625 0.08055555555555556
7 0.221875 0.4888888888888889 0.0125 0.08055555555555556
7 0.240234375 0.47638888888888886 0.01171875 0.08055555555555556
7 0.68828125 0.8868055555555555 0.0265625 0.08194444444444444
7 0.776953125 0.8819444444444444 0.02421875 0.07777777777777778
7 0.978125 0.9451388888888889 0.0359375 0.09027777777777778
7 0.413671875 0.3298611111111111 0.01796875 0.05138888888888889
7 0.255859375 0.4756944444444444 0.01640625 0.07916666666666666
7 0.248046875 0.4708333333333333 0.01484375 0.08611111111111111
7 0.237109375 0.48680555555555555 0.01484375 0.08194444444444444
7 0.414453125 0.3347222222222222 0.01796875 0.05
7 0.560546875 0.03958333333333333 0.00703125 0.02638888888888889
7 0.56875 0.06319444444444444 0.0109375 0.02361111111111111
7 0.591796875 0.07777777777777778 0.00703125 0.027777777777777776
7 0.600390625 0.08263888888888889 0.00703125 0.034722222222222224
7 0.6796875 0.8854166666666666 0.021875 0.08472222222222223
