7 0.544140625 0.38680555555555557 0.02109375 0.05138888888888889
7 0.33671875 0.5333333333333333 0.028125 0.058333333333333334
7 0.2734375 0.5715277777777777 0.0203125 0.0763888888888889
7 0.254296875 0.5680555555555555 0.01484375 0.06111111111111111
7 0.2609375 0.5465277777777777 0.0171875 0.08194444444444444
7 0.201953125 0.6388888888888888 0.02109375 0.075
7 0.61953125 0.23333333333333334 0.0265625 0.041666666666666664
7 0.499609375 0.05486111111111111 0.01015625 0.018055555555555554
7 0.441796875 0.24513888888888888 0.01640625 0.04027777777777778
7 0.576953125 0.42430555555555555 0.02265625 0.0375
