7 0.16953125 0.5638888888888889 0.0140625 0.08055555555555556
7 0.19140625 0.5548611111111111 0.0140625 0.08194444444444444
7 0.305078125 0.7888888888888889 0.02734375 0.08333333333333333
7 0.18125 0.5368055555555555 0.0125 0.08194444444444444
7 0.613671875 0.3368055555555556 0.01171875 0.03194444444444444
7 0.51328125 0.3375 0.015625 0.03888888888888889
7 0.19375 0.5430555555555555 0.0125 0.08333333333333333
7 0.175390625 0.5451388888888888 0.01484375 0.08194444444444444
7 0.380859375 0.14305555555555555 0.01015625 0.027777777777777776
7 0.3828125 0.12361111111111112 0.009375 0.025
7 0.53671875 0.2298611111111111 0.0109375 0.02361111111111111
