7 0.076953125 0.4722222222222222 0.01640625 0.08333333333333333
7 0.059375 0.4791666666666667 0.0140625 0.08611111111111111
7 0.096875 0.4756944444444444 0.0140625 0.08472222222222223
7 0.519921875 0.7611111111111111 0.02109375 0.058333333333333334
7 0.8125 0.8708333333333333 0.0296875 0.05555555555555555
7 0.699609375 0.5569444444444445 0.01953125 0.05277777777777778
7 0.1015625 0.46319444444444446 0.0140625 0.08472222222222223
7 0.08203125 0.4548611111111111 0.0171875 0.08472222222222223
7 0.397265625 0.0125 0.00859375 0.022222222222222223
7 0.4 0.02638888888888889 0.0078125 0.019444444444444445
7 0.44921875 0.09166666666666666 0.009375 0.025
7 0.4515625 0.06180555555555556 0.0078125 0.03194444444444444
