7 0.5109375 0.7972222222222223 0.0125 0.025
7 0.499609375 0.53125 0.01015625 0.020833333333333332
7 0.4765625 0.5333333333333333 0.009375 0.022222222222222223
7 0.501953125 0.5895833333333333 0.01015625 0.020833333333333332
7 0.4515625 0.4930555555555556 0.0078125 0.019444444444444445
7 0.45234375 0.5201388888888889 0.009375 0.02361111111111111
7 0.431640625 0.5208333333333334 0.00859375 0.016666666666666666
7 0.54296875 0.5368055555555555 0.0109375 0.018055555555555554
7 0.483203125 0.45 0.00703125 0.019444444444444445
7 0.5890625 0.7125 0.0109375 0.022222222222222223
7 0.331640625 0.49930555555555556 0.01015625 0.02638888888888889
7 0.3046875 0.4777777777777778 0.0109375 0.025
7 0.401953125 0.5243055555555556 0.01015625 0.02361111111111111
7 0.496484375 0.47638888888888886 0.00703125 0.019444444444444445
7 0.533203125 0.9118055555555555 0.01171875 0.03194444444444444
7 0.493359375 0.3034722222222222 0.00703125 0.018055555555555554
7 0.486328125 0.2798611111111111 0.00703125 0.018055555555555554
7 0.396875 0.18888888888888888 0.0046875 0.011111111111111112
7 0.166796875 0.07430555555555556 0.00546875 0.015277777777777777
7 0.196484375 0.4395833333333333 0.01171875 0.020833333333333332
7 0.195703125 0.42291666666666666 0.01015625 0.020833333333333332
7 0.262890625 0.04236111111111111 0.00703125 0.020833333333333332
7 0.16328125 0.06666666666666667 0.00625 0.025
7 0.169921875 0.035416666666666666 0.00703125 0.015277777777777777
7 0.1734375 0.03263888888888889 0.00625 0.020833333333333332
7 0.158984375 0.015277777777777777 0.00703125 0.019444444444444445
7 0.145703125 0.050694444444444445 0.00546875 0.02361111111111111
7 0.150390625 0.05694444444444444 0.00703125 0.019444444444444445
7 0.39453125 0.12083333333333333 0.009375 0.016666666666666666
7 0.498046875 0.1701388888888889 0.00703125 0.029166666666666667
7 0.81484375 0.575 0.0109375 0.03888888888888889
7 0.842578125 0.575 0.01171875 0.044444444444444446
7 0.871484375 0.5715277777777777 0.00703125 0.034722222222222224
7 0.519140625 0.31805555555555554 0.00859375 0.022222222222222223
