7 0.1546875 0.4708333333333333 0.015625 0.08333333333333333
7 0.13828125 0.47152777777777777 0.0140625 0.0763888888888889
7 0.612109375 0.9611111111111111 0.02890625 0.06944444444444445
7 0.57265625 0.24375 0.0125 0.034722222222222224
7 0.119921875 0.48125 0.01328125 0.07361111111111111
7 0.326953125 0.29375 0.01171875 0.05138888888888889
7 0.743359375 0.6152777777777778 0.02578125 0.07777777777777778
7 0.16484375 0.4583333333333333 0.0109375 0.08055555555555556
7 0.616796875 0.3055555555555556 0.01796875 0.044444444444444446
7 0.141015625 0.4534722222222222 0.01484375 0.08194444444444444
7 0.511328125 0.07222222222222222 0.00703125 0.03611111111111111
7 0.476953125 0.03125 0.00546875 0.02638888888888889
