7 0.44375 0.8868055555555555 0.009375 0.0375
7 0.4203125 0.8604166666666667 0.0109375 0.034722222222222224
7 0.440234375 0.8111111111111111 0.01484375 0.03333333333333333
7 0.53515625 0.6986111111111111 0.0140625 0.019444444444444445
7 0.52578125 0.6097222222222223 0.0140625 0.025
7 0.614453125 0.5527777777777778 0.01171875 0.025
7 0.643359375 0.5236111111111111 0.00859375 0.022222222222222223
7 0.543359375 0.46944444444444444 0.01171875 0.022222222222222223
7 0.38203125 0.7625 0.0140625 0.03611111111111111
7 0.3796875 0.6277777777777778 0.0109375 0.027777777777777776
7 0.3765625 0.5881944444444445 0.0140625 0.029166666666666667
7 0.378515625 0.5597222222222222 0.01015625 0.027777777777777776
7 0.395703125 0.42777777777777776 0.00859375 0.019444444444444445
7 0.46796875 0.7479166666666667 0.015625 0.029166666666666667
7 0.355078125 0.3729166666666667 0.00703125 0.018055555555555554
7 0.365625 0.3729166666666667 0.0078125 0.020833333333333332
7 0.37109375 0.36666666666666664 0.00625 0.019444444444444445
7 0.378515625 0.35625 0.00703125 0.018055555555555554
7 0.385546875 0.3645833333333333 0.00859375 0.020833333333333332
7 0.394921875 0.3763888888888889 0.00703125 0.022222222222222223
7 0.45234375 0.2916666666666667 0.00625 0.013888888888888888
7 0.327734375 0.29791666666666666 0.00703125 0.018055555555555554
7 0.306640625 0.275 0.00859375 0.019444444444444445
7 0.300390625 0.26458333333333334 0.00703125 0.018055555555555554
7 0.561328125 0.28541666666666665 0.00859375 0.02638888888888889
7 0.615234375 0.3729166666666667 0.00859375 0.029166666666666667
7 0.671484375 0.42291666666666666 0.00703125 0.034722222222222224
7 0.626171875 0.3611111111111111 0.00703125 0.027777777777777776
7 0.546875 0.23402777777777778 0.00625 0.029166666666666667
7 0.551953125 0.23541666666666666 0.00703125 0.029166666666666667
7 0.360546875 0.41597222222222224 0.00859375 0.018055555555555554
7 0.382421875 0.23333333333333334 0.00390625 0.011111111111111112
7 0.423046875 0.24930555555555556 0.00390625 0.0125
7 0.400390625 0.9458333333333333 0.01171875 0.030555555555555555
7 0.39921875 0.8951388888888889 0.0125 0.03194444444444444
7 0.205859375 0.6833333333333333 0.01171875 0.022222222222222223
7 0.201171875 0.6472222222222223 0.01015625 0.030555555555555555
7 0.21640625 0.44305555555555554 0.009375 0.03333333333333333
7 0.210546875 0.42986111111111114 0.00703125 0.034722222222222224
7 0.2109375 0.36875 0.0078125 0.018055555555555554
7 0.144140625 0.10347222222222222 0.00546875 0.02361111111111111
7 0.114453125 0.08541666666666667 0.00546875 0.0125
7 0.137109375 0.08611111111111111 0.00546875 0.019444444444444445
7 0.1421875 0.0875 0.0046875 0.019444444444444445
7 0.108203125 0.0625 0.00546875 0.025
7 0.10546875 0.03888888888888889 0.0046875 0.016666666666666666
7 0.09921875 0.03611111111111111 0.0046875 0.016666666666666666
7 0.10390625 0.00625 0.00625 0.0125
7 0.2203125 0.04791666666666667 0.00625 0.015277777777777777
7 0.276953125 0.2076388888888889 0.00703125 0.015277777777777777
7 0.2859375 0.22361111111111112 0.0078125 0.019444444444444445
7 0.26484375 0.16875 0.0078125 0.015277777777777777
7 0.259765625 0.22569444444444445 0.00703125 0.02638888888888889
7 0.316015625 0.2861111111111111 0.00703125 0.016666666666666666
7 0.353125 0.3388888888888889 0.0078125 0.016666666666666666
7 0.413671875 0.30486111111111114 0.01015625 0.02361111111111111
7 0.43984375 0.2923611111111111 0.009375 0.015277777777777777
7 0.39140625 0.2152777777777778 0.0078125 0.016666666666666666
7 0.43359375 0.12430555555555556 0.0078125 0.015277777777777777
7 0.441015625 0.11180555555555556 0.00546875 0.02361111111111111
7 0.4390625 0.21041666666666667 0.0078125 0.015277777777777777
7 0.463671875 0.2222222222222222 0.00859375 0.016666666666666666
7 0.51640625 0.19166666666666668 0.0078125 0.025
7 0.4703125 0.17152777777777778 0.00625 0.029166666666666667
7 0.35234375 0.009722222222222222 0.0078125 0.013888888888888888
7 0.34375 0.6430555555555556 0.0078125 0.041666666666666664
