7 0.474609375 0.8013888888888889 0.03046875 0.08888888888888889
7 0.36328125 0.44722222222222224 0.0125 0.08333333333333333
7 0.923046875 0.5729166666666666 0.02421875 0.0625
7 0.348828125 0.4361111111111111 0.01171875 0.07777777777777778
7 0.342578125 0.45069444444444445 0.01328125 0.07361111111111111
7 0.36484375 0.4361111111111111 0.015625 0.07777777777777778
7 0.355078125 0.42986111111111114 0.01015625 0.07916666666666666
7 0.459375 0.3111111111111111 0.0171875 0.041666666666666664
7 0.65 0.03263888888888889 0.0078125 0.02361111111111111
7 0.6484375 0.021527777777777778 0.0078125 0.02361111111111111
7 0.63828125 0.027083333333333334 0.0078125 0.02361111111111111
7 0.63828125 0.035416666666666666 0.0078125 0.020833333333333332
7 0.669140625 0.01597222222222222 0.00859375 0.020833333333333332
7 0.71796875 0.06666666666666667 0.009375 0.03611111111111111
