7 0.837 0.28962264150943395 0.04 0.06981132075471698
7 0.181 0.40849056603773587 0.06 0.10377358490566038
7 0.7965 0.19716981132075473 0.031 0.07735849056603773
7 0.889 0.20943396226415095 0.038 0.0830188679245283
7 0.9345 0.6320754716981132 0.067 0.15471698113207547
7 0.838 0.15471698113207547 0.032 0.04905660377358491
7 0.286 0.1169811320754717 0.016 0.06792452830188679
7 0.567 0.05188679245283019 0.022 0.03962264150943396
7 0.187 0.3886792452830189 0.054 0.07924528301886792
7 0.5055 0.03773584905660377 0.023 0.045283018867924525
7 0.857 0.09905660377358491 0.03 0.04339622641509434
7 0.891 0.2028301886792453 0.036 0.06981132075471698
