7 0.269921875 0.5528391167192429 0.03828125 0.11829652996845426
7 0.38359375 0.3470031545741325 0.028125 0.09779179810725552
7 0.5125 0.26813880126182965 0.0234375 0.07570977917981073
7 0.2984375 0.7137223974763407 0.040625 0.1529968454258675
7 0.76328125 0.1861198738170347 0.0203125 0.06309148264984227
7 0.718359375 0.19558359621451105 0.01953125 0.0694006309148265
7 0.73671875 0.14668769716088328 0.0203125 0.050473186119873815
7 0.515234375 0.06309148264984227 0.01171875 0.04416403785488959
7 0.71796875 0.08123028391167192 0.015625 0.033123028391167195
7 0.697265625 0.028391167192429023 0.01171875 0.03470031545741325
7 0.39765625 0.33675078864353314 0.021875 0.09621451104100946
