7 0.650390625 0.6388888888888888 0.01796875 0.05555555555555555
7 0.22109375 0.5534722222222223 0.0125 0.08194444444444444
7 0.191015625 0.5625 0.01328125 0.07777777777777778
7 0.209765625 0.5479166666666667 0.01171875 0.08472222222222223
7 0.219140625 0.5631944444444444 0.01640625 0.08194444444444444
7 0.634375 0.8479166666666667 0.025 0.07916666666666666
7 0.397265625 0.17847222222222223 0.01015625 0.029166666666666667
7 0.48671875 0.08194444444444444 0.0078125 0.019444444444444445
7 0.19921875 0.5625 0.0109375 0.08055555555555556
7 0.203515625 0.5541666666666667 0.01015625 0.08611111111111111
7 0.38515625 0.16180555555555556 0.009375 0.020833333333333332
7 0.496875 0.04722222222222222 0.00625 0.019444444444444445
7 0.51484375 0.1423611111111111 0.0078125 0.02361111111111111
7 0.530078125 0.14791666666666667 0.00703125 0.020833333333333332
7 0.532421875 0.14444444444444443 0.00703125 0.025
7 0.59375 0.4263888888888889 0.0140625 0.03888888888888889
