7 0.641015625 0.9138888888888889 0.01640625 0.025
7 0.615234375 0.9159722222222222 0.01484375 0.02638888888888889
7 0.513671875 0.4673611111111111 0.01015625 0.020833333333333332
7 0.541015625 0.5548611111111111 0.01015625 0.02361111111111111
7 0.4921875 0.38125 0.0078125 0.02361111111111111
7 0.563671875 0.42777777777777776 0.00703125 0.019444444444444445
7 0.602734375 0.4361111111111111 0.00859375 0.019444444444444445
7 0.586328125 0.4222222222222222 0.00859375 0.022222222222222223
7 0.590234375 0.3923611111111111 0.01015625 0.020833333333333332
7 0.568359375 0.3548611111111111 0.00859375 0.020833333333333332
7 0.5515625 0.32708333333333334 0.0078125 0.018055555555555554
7 0.366015625 0.4513888888888889 0.01015625 0.019444444444444445
7 0.36953125 0.48055555555555557 0.0109375 0.022222222222222223
7 0.343359375 0.2722222222222222 0.00703125 0.013888888888888888
7 0.346875 0.2298611111111111 0.00625 0.015277777777777777
7 0.33359375 0.21875 0.00625 0.015277777777777777
7 0.48515625 0.26458333333333334 0.0078125 0.018055555555555554
7 0.464453125 0.2111111111111111 0.00546875 0.013888888888888888
7 0.443359375 0.24791666666666667 0.00546875 0.0125
7 0.4859375 0.2 0.0046875 0.013888888888888888
7 0.596484375 0.46111111111111114 0.00859375 0.019444444444444445
7 0.33515625 0.17152777777777778 0.00625 0.015277777777777777
7 0.33125 0.14166666666666666 0.00625 0.013888888888888888
7 0.334765625 0.12083333333333333 0.00703125 0.016666666666666666
7 0.3421875 0.11458333333333333 0.00625 0.015277777777777777
7 0.409375 0.03958333333333333 0.00625 0.015277777777777777
7 0.41328125 0.034027777777777775 0.00625 0.015277777777777777
7 0.40234375 0.03333333333333333 0.00625 0.013888888888888888
7 0.415625 0.059722222222222225 0.0046875 0.013888888888888888
7 0.326171875 0.06666666666666667 0.00703125 0.016666666666666666
7 0.46953125 0.03819444444444445 0.0046875 0.0125
7 0.45859375 0.06527777777777778 0.0046875 0.013888888888888888
7 0.4671875 0.07847222222222222 0.0046875 0.0125
7 0.53125 0.25625 0.0078125 0.018055555555555554
7 0.578125 0.6513888888888889 0.015625 0.03333333333333333
7 0.2859375 0.3451388888888889 0.0078125 0.029166666666666667
7 0.302734375 0.3034722222222222 0.00703125 0.02361111111111111
7 0.250390625 0.025 0.00546875 0.011111111111111112
7 0.258203125 0.03611111111111111 0.00390625 0.016666666666666666
7 0.2625 0.03611111111111111 0.0046875 0.019444444444444445
7 0.51796875 0.11180555555555556 0.0046875 0.018055555555555554
7 0.522265625 0.11458333333333333 0.00390625 0.018055555555555554
7 0.31953125 0.3263888888888889 0.0078125 0.027777777777777776
