7 0.214453125 0.5388888888888889 0.02734375 0.07777777777777778
7 0.226953125 0.7201388888888889 0.03359375 0.06805555555555555
7 0.7140625 0.35833333333333334 0.0171875 0.041666666666666664
7 0.218359375 0.44930555555555557 0.01796875 0.07083333333333333
7 0.324609375 0.2902777777777778 0.01484375 0.041666666666666664
7 0.269921875 0.41458333333333336 0.02109375 0.06527777777777778
7 0.508984375 0.2923611111111111 0.02109375 0.043055555555555555
7 0.4078125 0.1736111111111111 0.0140625 0.027777777777777776
7 0.444140625 0.15486111111111112 0.01328125 0.029166666666666667
7 0.54609375 0.12083333333333333 0.0125 0.027777777777777776
