7 0.133984375 0.33194444444444443 0.01796875 0.08611111111111111
7 0.1171875 0.32222222222222224 0.0140625 0.07777777777777778
7 0.57734375 0.6895833333333333 0.0296875 0.07916666666666666
7 0.735546875 0.5055555555555555 0.02421875 0.06111111111111111
7 0.1203125 0.31666666666666665 0.015625 0.08888888888888889
7 0.11875 0.28055555555555556 0.0125 0.03611111111111111
7 0.133203125 0.2861111111111111 0.01640625 0.03888888888888889
7 0.137109375 0.3215277777777778 0.01484375 0.0875
7 0.522265625 0.02013888888888889 0.01328125 0.034722222222222224
7 0.578515625 0.6979166666666666 0.02578125 0.07916666666666666
