7 0.092578125 0.3736111111111111 0.01640625 0.08055555555555556
7 0.791015625 0.5583333333333333 0.01484375 0.09166666666666666
7 0.10625 0.3590277777777778 0.015625 0.09027777777777778
7 0.132421875 0.3368055555555556 0.01796875 0.07361111111111111
7 0.603125 0.31805555555555554 0.0203125 0.06111111111111111
7 0.48203125 0.3659722222222222 0.0203125 0.059722222222222225
7 0.53671875 0.09583333333333334 0.0109375 0.05
7 0.111328125 0.3333333333333333 0.02109375 0.08333333333333333
7 0.0875 0.35833333333333334 0.0171875 0.09722222222222222
7 0.77890625 0.5819444444444445 0.01875 0.08055555555555556
7 0.7828125 0.6881944444444444 0.0359375 0.0875
7 0.787109375 0.6923611111111111 0.03359375 0.0875
