7 0.476 0.5207547169811321 0.054 0.1018867924528302
7 0.485 0.6509433962264151 0.052 0.12452830188679245
7 0.399 0.2009433962264151 0.024 0.0660377358490566
7 0.3565 0.18490566037735848 0.027 0.06037735849056604
7 0.1725 0.6443396226415095 0.047 0.11132075471698114
7 0.421 0.17075471698113207 0.028 0.062264150943396226
7 0.4245 0.1169811320754717 0.027 0.04150943396226415
7 0.48 0.13867924528301886 0.03 0.0509433962264151
7 0.555 0.13962264150943396 0.028 0.045283018867924525
7 0.8235 0.15660377358490565 0.027 0.03773584905660377
