7 0.56796875 0.8930555555555556 0.0109375 0.027777777777777776
7 0.74765625 0.7520833333333333 0.0109375 0.03194444444444444
7 0.65546875 0.7263888888888889 0.0109375 0.025
7 0.672265625 0.6895833333333333 0.01171875 0.02638888888888889
7 0.638671875 0.6229166666666667 0.01015625 0.02361111111111111
7 0.53203125 0.7972222222222223 0.009375 0.027777777777777776
7 0.5046875 0.7694444444444445 0.009375 0.025
7 0.50859375 0.8222222222222222 0.0109375 0.027777777777777776
7 0.51953125 0.9298611111111111 0.0140625 0.029166666666666667
7 0.6890625 0.7805555555555556 0.0109375 0.03333333333333333
7 0.603515625 0.5645833333333333 0.00859375 0.02361111111111111
7 0.52890625 0.5743055555555555 0.0078125 0.020833333333333332
7 0.52421875 0.6861111111111111 0.0078125 0.025
7 0.4453125 0.4354166666666667 0.00625 0.015277777777777777
7 0.45 0.4201388888888889 0.00625 0.018055555555555554
7 0.435546875 0.3659722222222222 0.00859375 0.018055555555555554
7 0.420703125 0.29375 0.00390625 0.0125
7 0.4234375 0.26180555555555557 0.0046875 0.0125
7 0.4359375 0.2326388888888889 0.0046875 0.0125
7 0.494140625 0.24097222222222223 0.00546875 0.0125
7 0.506640625 0.23055555555555557 0.00703125 0.019444444444444445
7 0.49140625 0.22152777777777777 0.003125 0.009722222222222222
7 0.48203125 0.22152777777777777 0.0046875 0.009722222222222222
7 0.3828125 0.39375 0.00625 0.02638888888888889
7 0.39765625 0.36527777777777776 0.00625 0.022222222222222223
7 0.53203125 0.8020833333333334 0.0140625 0.02638888888888889
7 0.567578125 0.8847222222222222 0.01328125 0.027777777777777776
7 0.36328125 0.058333333333333334 0.00625 0.013888888888888888
7 0.46015625 0.13402777777777777 0.00625 0.009722222222222222
7 0.471875 0.15486111111111112 0.00625 0.0125
7 0.78984375 0.8 0.0140625 0.030555555555555555
7 0.491796875 0.15694444444444444 0.00703125 0.013888888888888888
7 0.391015625 0.03611111111111111 0.00546875 0.011111111111111112
7 0.38046875 0.42569444444444443 0.00625 0.029166666666666667
7 0.37578125 0.4048611111111111 0.0046875 0.02638888888888889
7 0.23046875 0.5791666666666667 0.00625 0.027777777777777776
