7 0.78984375 0.41597222222222224 0.0234375 0.059722222222222225
7 0.807421875 0.5118055555555555 0.02734375 0.04027777777777778
7 0.9640625 0.7111111111111111 0.0359375 0.058333333333333334
7 0.668359375 0.25416666666666665 0.02265625 0.03611111111111111
7 0.82265625 0.28055555555555556 0.0109375 0.06388888888888888
7 0.699609375 0.20208333333333334 0.01484375 0.04027777777777778
7 0.119921875 0.49236111111111114 0.01953125 0.09305555555555556
7 0.127734375 0.4798611111111111 0.02421875 0.0875
7 0.09296875 0.4791666666666667 0.01875 0.1
7 0.07890625 0.4951388888888889 0.0171875 0.06527777777777778
