7 0.126953125 0.5263888888888889 0.01640625 0.075
7 0.106640625 0.53125 0.01484375 0.08194444444444444
7 0.14765625 0.5277777777777778 0.015625 0.08611111111111111
7 0.661328125 0.4826388888888889 0.01796875 0.06527777777777778
7 0.53203125 0.3090277777777778 0.0140625 0.04583333333333333
7 0.140234375 0.5159722222222223 0.01640625 0.07916666666666666
7 0.130078125 0.49027777777777776 0.01328125 0.041666666666666664
7 0.421484375 0.06736111111111111 0.00859375 0.020833333333333332
7 0.49296875 0.12430555555555556 0.00625 0.034722222222222224
7 0.496484375 0.12152777777777778 0.00546875 0.0375
