7 0.666015625 0.9347222222222222 0.01171875 0.03888888888888889
7 0.144921875 0.5638888888888889 0.00859375 0.030555555555555555
7 0.59375 0.8736111111111111 0.009375 0.019444444444444445
7 0.584375 0.9055555555555556 0.009375 0.025
7 0.55078125 0.8076388888888889 0.0109375 0.02638888888888889
7 0.682421875 0.8270833333333333 0.01015625 0.02638888888888889
7 0.698046875 0.8506944444444444 0.01171875 0.029166666666666667
7 0.716796875 0.8486111111111111 0.01015625 0.025
7 0.721875 0.8166666666666667 0.0109375 0.025
7 0.583203125 0.6875 0.01015625 0.016666666666666666
7 0.581640625 0.7131944444444445 0.00859375 0.020833333333333332
7 0.116796875 0.5319444444444444 0.00859375 0.030555555555555555
7 0.102734375 0.6277777777777778 0.00859375 0.030555555555555555
7 0.092578125 0.5958333333333333 0.00859375 0.030555555555555555
7 0.2890625 0.45694444444444443 0.0078125 0.030555555555555555
7 0.2859375 0.41180555555555554 0.0078125 0.020833333333333332
7 0.31953125 0.36666666666666664 0.0078125 0.019444444444444445
7 0.37578125 0.3277777777777778 0.0078125 0.019444444444444445
7 0.33671875 0.23402777777777778 0.0078125 0.018055555555555554
7 0.36328125 0.17847222222222223 0.00625 0.015277777777777777
7 0.30703125 0.9590277777777778 0.015625 0.05416666666666667
7 0.334375 0.9673611111111111 0.0109375 0.04583333333333333
7 0.3234375 0.9569444444444445 0.0109375 0.044444444444444446
7 0.32421875 0.9340277777777778 0.0109375 0.04583333333333333
7 0.337890625 0.8791666666666667 0.01171875 0.044444444444444446
7 0.621875 0.9145833333333333 0.009375 0.020833333333333332
7 0.634375 0.8993055555555556 0.009375 0.020833333333333332
7 0.63515625 0.8541666666666666 0.009375 0.019444444444444445
7 0.6390625 0.94375 0.009375 0.020833333333333332
7 0.6078125 0.8854166666666666 0.009375 0.020833333333333332
7 0.58984375 0.8326388888888889 0.009375 0.020833333333333332
7 0.59140625 0.7972222222222223 0.009375 0.019444444444444445
7 0.5890625 0.7618055555555555 0.009375 0.020833333333333332
7 0.584375 0.6791666666666667 0.009375 0.016666666666666666
7 0.5859375 0.31319444444444444 0.0046875 0.009722222222222222
7 0.603125 0.35555555555555557 0.0046875 0.011111111111111112
7 0.59921875 0.2861111111111111 0.0046875 0.011111111111111112
7 0.56640625 0.25555555555555554 0.0046875 0.011111111111111112
7 0.519921875 0.41805555555555557 0.00703125 0.013888888888888888
7 0.036328125 0.8701388888888889 0.00859375 0.029166666666666667
7 0.337890625 0.16180555555555556 0.00859375 0.02361111111111111
7 0.361328125 0.09513888888888888 0.00546875 0.0125
7 0.3765625 0.006944444444444444 0.0046875 0.011111111111111112
7 0.4671875 0.08541666666666667 0.00625 0.018055555555555554
7 0.4609375 0.25625 0.0078125 0.029166666666666667
7 0.6 0.41041666666666665 0.0125 0.02361111111111111
7 0.481640625 0.19583333333333333 0.00703125 0.022222222222222223
7 0.46328125 0.14930555555555555 0.0078125 0.015277777777777777
