7 0.2845 0.37358490566037733 0.039 0.09433962264150944
7 0.9665 0.3622641509433962 0.043 0.09811320754716982
7 0.2325 0.5641509433962264 0.053 0.1018867924528302
7 0.1045 0.6226415094339622 0.067 0.1320754716981132
7 0.443 0.1471698113207547 0.026 0.06037735849056604
7 0.4855 0.10377358490566038 0.025 0.04150943396226415
7 0.31 0.8481132075471698 0.08 0.15283018867924528
7 0.619 0.0330188679245283 0.02 0.03207547169811321
7 0.573 0.018867924528301886 0.018 0.026415094339622643
7 0.511 0.07075471698113207 0.018 0.03207547169811321
