7 0.363671875 0.45 0.01484375 0.08611111111111111
7 0.484765625 0.6840277777777778 0.02578125 0.07916666666666666
7 0.891015625 0.4979166666666667 0.02109375 0.05694444444444444
7 0.3421875 0.45416666666666666 0.0125 0.07777777777777778
7 0.36484375 0.4388888888888889 0.015625 0.08055555555555556
7 0.34921875 0.44027777777777777 0.0109375 0.08333333333333333
7 0.354296875 0.43333333333333335 0.01015625 0.08333333333333333
7 0.45234375 0.35347222222222224 0.0171875 0.04861111111111111
7 0.63671875 0.03680555555555556 0.009375 0.020833333333333332
7 0.64921875 0.03194444444444444 0.009375 0.025
7 0.71640625 0.06875 0.009375 0.034722222222222224
