7 0.71171875 0.20833333333333334 0.0171875 0.06111111111111111
7 0.738671875 0.2777777777777778 0.02421875 0.07777777777777778
7 0.66796875 0.2076388888888889 0.0171875 0.06805555555555555
7 0.6265625 0.15347222222222223 0.0171875 0.043055555555555555
7 0.396484375 0.14027777777777778 0.01640625 0.05555555555555555
7 0.575390625 0.16180555555555556 0.01484375 0.05138888888888889
7 0.3890625 0.07847222222222222 0.0140625 0.04027777777777778
7 0.405859375 0.050694444444444445 0.01171875 0.03194444444444444
7 0.44609375 0.15486111111111112 0.0171875 0.05138888888888889
7 0.49375 0.058333333333333334 0.0125 0.03333333333333333
7 0.445703125 0.15486111111111112 0.01640625 0.05138888888888889
7 0.447265625 0.04375 0.01015625 0.03194444444444444
