7 0.282421875 0.04722222222222222 0.01328125 0.03333333333333333
7 0.335546875 0.5951388888888889 0.04765625 0.12638888888888888
7 0.643359375 0.2361111111111111 0.02265625 0.08055555555555556
7 0.549609375 0.05347222222222222 0.01484375 0.034722222222222224
7 0.697265625 0.22847222222222222 0.02109375 0.07361111111111111
7 0.325 0.021527777777777778 0.0125 0.03194444444444444
7 0.56484375 0.025 0.0109375 0.041666666666666664
7 0.650390625 0.24444444444444444 0.02265625 0.08055555555555556
7 0.579296875 0.025694444444444443 0.01171875 0.05138888888888889
7 0.2859375 0.043055555555555555 0.0109375 0.03333333333333333
