7 0.31796875 0.7208333333333333 0.03125 0.09166666666666666
7 0.7609375 0.8104166666666667 0.0375 0.05416666666666667
7 0.79296875 0.3715277777777778 0.0234375 0.05416666666666667
7 0.73125 0.32708333333333334 0.01875 0.05138888888888889
7 0.35625 0.5611111111111111 0.03125 0.05277777777777778
7 0.81640625 0.2798611111111111 0.015625 0.0625
7 0.634765625 0.11527777777777778 0.01484375 0.03888888888888889
7 0.411328125 0.06180555555555556 0.01328125 0.020833333333333332
7 0.1125 0.4888888888888889 0.0234375 0.09444444444444444
7 0.095703125 0.4909722222222222 0.01796875 0.08194444444444444
7 0.0859375 0.46805555555555556 0.0171875 0.07777777777777778
7 0.078515625 0.49375 0.01953125 0.09583333333333334
