7 0.4235 0.22924528301886793 0.041 0.1
7 0.525 0.1160377358490566 0.028 0.062264150943396226
7 0.521 0.0669811320754717 0.028 0.0509433962264151
7 0.1695 0.4688679245283019 0.069 0.10754716981132076
7 0.4565 0.12924528301886792 0.037 0.06981132075471698
7 0.465 0.05660377358490566 0.028 0.04905660377358491
7 0.513 0.026415094339622643 0.03 0.045283018867924525
7 0.895 0.07452830188679245 0.026 0.04716981132075472
7 0.8655 0.12169811320754717 0.033 0.0509433962264151
7 0.913 0.1160377358490566 0.032 0.04716981132075472
7 0.9825 0.15754716981132075 0.033 0.04716981132075472
