7 0.494140625 0.5611111111111111 0.01796875 0.06111111111111111
7 0.537109375 0.6729166666666667 0.02421875 0.05694444444444444
7 0.354296875 0.8395833333333333 0.02890625 0.0763888888888889
7 0.547265625 0.3034722222222222 0.01640625 0.05694444444444444
7 0.5703125 0.2791666666666667 0.015625 0.05277777777777778
7 0.634375 0.21875 0.0125 0.034722222222222224
7 0.61640625 0.1798611111111111 0.0125 0.04027777777777778
7 0.806640625 0.15694444444444444 0.01171875 0.025
7 0.7515625 0.10138888888888889 0.0125 0.03611111111111111
7 0.74453125 0.7090277777777778 0.01875 0.09583333333333334
