7 0.594140625 0.6291666666666667 0.01953125 0.05277777777777778
7 0.64296875 0.6229166666666667 0.0171875 0.059722222222222225
7 0.21953125 0.5465277777777777 0.0125 0.08472222222222223
7 0.191015625 0.5611111111111111 0.01328125 0.08055555555555556
7 0.570703125 0.3715277777777778 0.01484375 0.04861111111111111
7 0.379296875 0.1909722222222222 0.01015625 0.029166666666666667
7 0.210546875 0.5569444444444445 0.01640625 0.08333333333333333
7 0.491015625 0.1111111111111111 0.00703125 0.019444444444444445
7 0.407421875 0.15763888888888888 0.00859375 0.029166666666666667
7 0.2078125 0.5416666666666666 0.015625 0.08333333333333333
7 0.19765625 0.5555555555555556 0.0140625 0.07777777777777778
7 0.199609375 0.5465277777777777 0.01484375 0.08472222222222223
7 0.499609375 0.059722222222222225 0.00703125 0.019444444444444445
7 0.546875 0.15138888888888888 0.0078125 0.030555555555555555
