7 0.9734375 0.8270833333333333 0.028125 0.09027777777777778
7 0.45859375 0.41041666666666665 0.0140625 0.0625
7 0.660546875 0.41805555555555557 0.02421875 0.041666666666666664
7 0.4703125 0.39375 0.015625 0.059722222222222225
7 0.47890625 0.40694444444444444 0.015625 0.058333333333333334
7 0.7015625 0.23819444444444443 0.01875 0.03194444444444444
7 0.733203125 0.22569444444444445 0.01796875 0.034722222222222224
7 0.75390625 0.1326388888888889 0.009375 0.015277777777777777
7 0.72578125 0.07777777777777778 0.0109375 0.013888888888888888
7 0.725 0.022916666666666665 0.0078125 0.009722222222222222
