7 0.087890625 0.3597222222222222 0.01640625 0.09722222222222222
7 0.109765625 0.3326388888888889 0.01640625 0.08472222222222223
7 0.696484375 0.49722222222222223 0.02578125 0.06944444444444445
7 0.13203125 0.33194444444444443 0.0171875 0.08333333333333333
7 0.765234375 0.5402777777777777 0.01484375 0.09166666666666666
7 0.101171875 0.3597222222222222 0.01796875 0.08611111111111111
7 0.54375 0.12013888888888889 0.009375 0.04027777777777778
7 0.584765625 0.24305555555555555 0.01640625 0.03888888888888889
7 0.522265625 0.28125 0.01953125 0.04861111111111111
7 0.503125 0.1125 0.0125 0.044444444444444446
7 0.75625 0.5520833333333334 0.021875 0.07916666666666666
7 0.524609375 0.2951388888888889 0.02109375 0.05138888888888889
7 0.578125 0.23680555555555555 0.0109375 0.034722222222222224
