7 0.83359375 0.5402777777777777 0.025 0.06944444444444445
7 0.26640625 0.5486111111111112 0.028125 0.06111111111111111
7 0.4546875 0.5159722222222223 0.028125 0.05416666666666667
7 0.548828125 0.2923611111111111 0.01328125 0.05138888888888889
7 0.531640625 0.21736111111111112 0.01171875 0.043055555555555555
7 0.519921875 0.2465277777777778 0.01796875 0.0375
7 0.346875 0.20625 0.0140625 0.0375
7 0.490625 0.14930555555555555 0.0125 0.02638888888888889
7 0.4546875 0.1375 0.0125 0.019444444444444445
7 0.48515625 0.11597222222222223 0.009375 0.02361111111111111
7 0.471875 0.0798611111111111 0.0125 0.02361111111111111
7 0.50234375 0.08611111111111111 0.0078125 0.019444444444444445
