7 0.761328125 0.8347222222222223 0.03359375 0.08611111111111111
7 0.809375 0.5097222222222222 0.028125 0.04722222222222222
7 0.51015625 0.4479166666666667 0.0265625 0.05138888888888889
7 0.480859375 0.4666666666666667 0.02109375 0.05
7 0.546875 0.3263888888888889 0.0140625 0.05555555555555555
7 0.512890625 0.2881944444444444 0.02265625 0.0375
7 0.466015625 0.28055555555555556 0.01953125 0.041666666666666664
7 0.491796875 0.2125 0.01640625 0.044444444444444446
7 0.39609375 0.20833333333333334 0.0140625 0.03333333333333333
7 0.349609375 0.2111111111111111 0.01171875 0.03888888888888889
7 0.428125 0.13055555555555556 0.0109375 0.03333333333333333
