7 0.358203125 0.4930555555555556 0.01640625 0.03611111111111111
7 0.478515625 0.6479166666666667 0.02109375 0.06527777777777778
7 0.534375 0.3680555555555556 0.0109375 0.05555555555555555
7 0.403515625 0.22916666666666666 0.01015625 0.03611111111111111
7 0.38125 0.96875 0.0296875 0.04861111111111111
7 0.424609375 0.2361111111111111 0.00859375 0.041666666666666664
7 0.63515625 0.35347222222222224 0.0125 0.029166666666666667
7 0.4296875 0.15555555555555556 0.0078125 0.03333333333333333
7 0.460546875 0.10208333333333333 0.00546875 0.02638888888888889
7 0.500390625 0.07569444444444444 0.00390625 0.015277777777777777
7 0.481640625 0.07222222222222222 0.00390625 0.013888888888888888
7 0.484765625 0.034722222222222224 0.00390625 0.013888888888888888
7 0.352734375 0.46111111111111114 0.01640625 0.03888888888888889
7 0.353515625 0.4527777777777778 0.01484375 0.03611111111111111
7 0.744921875 0.35555555555555557 0.01328125 0.030555555555555555
