7 0.43359375 0.1916403785488959 0.015625 0.04258675078864353
7 0.121484375 0.8217665615141956 0.05546875 0.17034700315457413
7 0.47890625 0.4881703470031546 0.034375 0.08675078864353312
7 0.48125 0.6356466876971609 0.034375 0.12302839116719243
7 0.412890625 0.18454258675078863 0.01640625 0.04416403785488959
7 0.450390625 0.16482649842271294 0.01953125 0.03627760252365931
7 0.295703125 0.6285488958990536 0.03359375 0.12460567823343849
7 0.527734375 0.15851735015772872 0.01328125 0.055205047318611984
7 0.487890625 0.18690851735015773 0.01640625 0.055205047318611984
7 0.662109375 0.1222397476340694 0.01484375 0.026813880126182965
7 0.4546875 0.12145110410094637 0.015625 0.028391167192429023
7 0.637890625 0.022870662460567823 0.00859375 0.014195583596214511
7 0.485546875 0.15457413249211358 0.01484375 0.05993690851735016
7 0.485546875 0.15220820189274448 0.02109375 0.02996845425867508
7 0.48671875 0.20977917981072555 0.0140625 0.05362776025236593
7 0.27578125 0.6458990536277602 0.04375 0.1309148264984227
7 0.456640625 0.07413249211356467 0.01328125 0.031545741324921134
7 0.662890625 0.13012618296529968 0.01328125 0.03627760252365931
