7 0.2796875 0.5402777777777777 0.0140625 0.075
7 0.216015625 0.5861111111111111 0.01640625 0.08333333333333333
7 0.198046875 0.5875 0.01328125 0.07777777777777778
7 0.18828125 0.5930555555555556 0.0140625 0.07222222222222222
7 0.205859375 0.5597222222222222 0.01484375 0.07777777777777778
7 0.202734375 0.5694444444444444 0.01484375 0.08055555555555556
7 0.484375 0.06736111111111111 0.00625 0.018055555555555554
7 0.477734375 0.07291666666666667 0.00546875 0.018055555555555554
7 0.528515625 0.07569444444444444 0.00703125 0.015277777777777777
7 0.507421875 0.12777777777777777 0.00859375 0.022222222222222223
7 0.46953125 0.08263888888888889 0.0078125 0.015277777777777777
7 0.53984375 0.15694444444444444 0.0078125 0.022222222222222223
7 0.55234375 0.16527777777777777 0.00625 0.027777777777777776
7 0.576171875 0.5173611111111112 0.01484375 0.04583333333333333
