7 0.0375 0.32013888888888886 0.0234375 0.029166666666666667
7 0.069140625 0.26666666666666666 0.02109375 0.03611111111111111
7 0.24765625 0.36527777777777776 0.0203125 0.04722222222222222
7 0.272265625 0.2423611111111111 0.02265625 0.034722222222222224
7 0.458984375 0.4895833333333333 0.02265625 0.034722222222222224
7 0.504296875 0.5201388888888889 0.01953125 0.034722222222222224
7 0.4078125 0.5715277777777777 0.0171875 0.04027777777777778
7 0.966796875 0.37777777777777777 0.02265625 0.03611111111111111
7 0.1171875 0.7090277777777778 0.01875 0.034722222222222224
7 0.383984375 0.029166666666666667 0.01328125 0.030555555555555555
7 0.2296875 0.08541666666666667 0.0140625 0.03194444444444444
7 0.29296875 0.09583333333333334 0.0140625 0.027777777777777776
7 0.137890625 0.10625 0.01171875 0.04027777777777778
7 0.3890625 0.5986111111111111 0.015625 0.027777777777777776
7 0.36640625 0.6493055555555556 0.015625 0.029166666666666667
7 0.341796875 0.6604166666666667 0.01328125 0.02638888888888889
7 0.3203125 0.6722222222222223 0.0171875 0.027777777777777776
7 0.52734375 0.49722222222222223 0.0171875 0.030555555555555555
7 0.562890625 0.3659722222222222 0.01171875 0.03194444444444444
7 0.58828125 0.275 0.015625 0.022222222222222223
7 0.537109375 0.06736111111111111 0.01328125 0.029166666666666667
7 0.69453125 0.5770833333333333 0.015625 0.029166666666666667
7 0.70234375 0.5340277777777778 0.015625 0.020833333333333332
7 0.650390625 0.4513888888888889 0.02109375 0.025
7 0.672265625 0.4576388888888889 0.01015625 0.029166666666666667
7 0.9375 0.22847222222222222 0.0140625 0.03194444444444444
7 0.96953125 0.2743055555555556 0.0125 0.02638888888888889
7 0.98671875 0.14027777777777778 0.015625 0.027777777777777776
7 0.95234375 0.07430555555555556 0.0109375 0.02361111111111111
7 0.965625 0.04027777777777778 0.0109375 0.019444444444444445
7 0.994140625 0.019444444444444445 0.01015625 0.019444444444444445
7 0.987109375 0.85 0.01640625 0.030555555555555555
7 0.771875 0.7986111111111112 0.015625 0.030555555555555555
7 0.676171875 0.7861111111111111 0.02734375 0.03611111111111111
7 0.665625 0.05416666666666667 0.015625 0.019444444444444445
7 0.485546875 0.6541666666666667 0.01484375 0.027777777777777776
7 0.78984375 0.5368055555555555 0.0140625 0.02638888888888889
7 0.423828125 0.5284722222222222 0.01171875 0.02361111111111111
7 0.44453125 0.5458333333333333 0.015625 0.030555555555555555
7 0.43046875 0.5715277777777777 0.01875 0.02638888888888889
7 0.80234375 0.17916666666666667 0.0140625 0.030555555555555555
7 0.20390625 0.075 0.0390625 0.05
7 0.828125 0.18888888888888888 0.0140625 0.030555555555555555
7 0.890625 0.4152777777777778 0.0140625 0.025
7 0.652734375 0.4798611111111111 0.01015625 0.029166666666666667
7 0.758203125 0.4618055555555556 0.01328125 0.02638888888888889
