7 0.419921875 0.9520833333333333 0.04296875 0.0875
7 0.536328125 0.24791666666666667 0.01640625 0.0375
7 0.90859375 0.8284722222222223 0.0375 0.1125
7 0.412890625 0.21319444444444444 0.01484375 0.03194444444444444
7 0.144921875 0.8652777777777778 0.03671875 0.08611111111111111
7 0.434375 0.07569444444444444 0.0046875 0.02361111111111111
7 0.438671875 0.07569444444444444 0.00390625 0.02638888888888889
7 0.444140625 0.0763888888888889 0.00546875 0.030555555555555555
7 0.413671875 0.1638888888888889 0.01171875 0.03333333333333333
7 0.43203125 0.25416666666666665 0.01875 0.030555555555555555
7 0.551953125 0.05763888888888889 0.01171875 0.029166666666666667
