7 0.837 0.30566037735849055 0.04 0.10566037735849057
7 0.8755 0.2518867924528302 0.037 0.08867924528301886
7 0.878 0.14622641509433962 0.028 0.06981132075471698
7 0.29 0.11981132075471698 0.018 0.07358490566037736
7 0.9405 0.30566037735849055 0.047 0.10566037735849057
7 0.286 0.2641509433962264 0.036 0.08679245283018867
7 0.2725 0.26037735849056604 0.033 0.07547169811320754
7 0.573 0.035849056603773584 0.02 0.045283018867924525
7 0.8355 0.09056603773584905 0.027 0.06037735849056604
7 0.836 0.06037735849056604 0.026 0.045283018867924525
