7 0.128 0.2669811320754717 0.026 0.09245283018867924
7 0.271 0.7433962264150943 0.072 0.12075471698113208
7 0.226 0.2820754716981132 0.034 0.08490566037735849
7 0.2755 0.2330188679245283 0.027 0.06981132075471698
7 0.6975 0.22358490566037736 0.029 0.0509433962264151
7 0.41 0.12358490566037736 0.022 0.04716981132075472
7 0.7095 0.29056603773584905 0.029 0.07169811320754717
7 0.8775 0.710377358490566 0.065 0.12264150943396226
7 0.775 0.2792452830188679 0.034 0.05660377358490566
7 0.249 0.17547169811320754 0.03 0.045283018867924525
7 0.2775 0.2188679245283019 0.035 0.04905660377358491
7 0.2255 0.27075471698113207 0.037 0.04339622641509434
7 0.4355 0.04622641509433962 0.017 0.03207547169811321
7 0.4125 0.03773584905660377 0.017 0.03773584905660377
7 0.6965 0.12169811320754717 0.021 0.03962264150943396
7 0.663 0.07641509433962264 0.016 0.03207547169811321
7 0.6105 0.12452830188679245 0.025 0.045283018867924525
