7 0.223046875 0.5513888888888889 0.01171875 0.08333333333333333
7 0.190234375 0.5611111111111111 0.01171875 0.07777777777777778
7 0.39375 0.2222222222222222 0.009375 0.03888888888888889
7 0.634375 0.7708333333333334 0.0234375 0.06388888888888888
7 0.59296875 0.6083333333333333 0.01875 0.06111111111111111
7 0.203125 0.5513888888888889 0.0109375 0.08055555555555556
7 0.573046875 0.39166666666666666 0.01484375 0.04722222222222222
7 0.58984375 0.2513888888888889 0.0125 0.03333333333333333
7 0.219921875 0.5590277777777778 0.01484375 0.0875
7 0.211328125 0.5423611111111111 0.01015625 0.0875
7 0.201171875 0.5618055555555556 0.01171875 0.07916666666666666
7 0.392578125 0.1388888888888889 0.00859375 0.022222222222222223
7 0.502734375 0.04722222222222222 0.00703125 0.019444444444444445
7 0.46796875 0.06527777777777778 0.0078125 0.016666666666666666
7 0.493359375 0.14027777777777778 0.00703125 0.016666666666666666
7 0.499609375 0.13472222222222222 0.00703125 0.019444444444444445
7 0.58671875 0.2520833333333333 0.0078125 0.034722222222222224
