7 0.1625 0.5444444444444444 0.01875 0.08055555555555556
7 0.069921875 0.5868055555555556 0.02578125 0.09027777777777778
7 0.446875 0.08611111111111111 0.009375 0.022222222222222223
7 0.453515625 0.059027777777777776 0.00859375 0.020833333333333332
7 0.45859375 0.041666666666666664 0.00625 0.016666666666666666
7 0.47109375 0.03194444444444444 0.00625 0.016666666666666666
7 0.527734375 0.058333333333333334 0.00546875 0.016666666666666666
7 0.038671875 0.5993055555555555 0.02265625 0.08194444444444444
7 0.04609375 0.5854166666666667 0.0171875 0.0763888888888889
7 0.05546875 0.5729166666666666 0.01875 0.07361111111111111
