7 0.689453125 0.7604166666666666 0.01015625 0.020833333333333332
7 0.59140625 0.6256944444444444 0.009375 0.015277777777777777
7 0.58828125 0.6590277777777778 0.0109375 0.018055555555555554
7 0.503125 0.59375 0.0109375 0.0375
7 0.134375 0.5659722222222222 0.009375 0.034722222222222224
7 0.146875 0.5430555555555555 0.009375 0.03333333333333333
7 0.101953125 0.6305555555555555 0.00859375 0.025
7 0.07421875 0.5381944444444444 0.009375 0.034722222222222224
7 0.134375 0.42916666666666664 0.009375 0.03333333333333333
7 0.14140625 0.4326388888888889 0.009375 0.034722222222222224
7 0.21171875 0.3875 0.009375 0.03333333333333333
7 0.38984375 0.2875 0.0078125 0.016666666666666666
7 0.471484375 0.1798611111111111 0.00546875 0.015277777777777777
7 0.478515625 0.18541666666666667 0.00546875 0.0125
7 0.498046875 0.13819444444444445 0.00546875 0.015277777777777777
7 0.52890625 0.35208333333333336 0.0046875 0.015277777777777777
7 0.6140625 0.8138888888888889 0.009375 0.030555555555555555
7 0.559765625 0.7430555555555556 0.00859375 0.030555555555555555
7 0.6421875 0.79375 0.009375 0.029166666666666667
7 0.63984375 0.84375 0.009375 0.029166666666666667
7 0.64609375 0.8847222222222222 0.009375 0.030555555555555555
7 0.62734375 0.85625 0.009375 0.029166666666666667
7 0.590625 0.8409722222222222 0.009375 0.029166666666666667
7 0.601171875 0.8083333333333333 0.00859375 0.030555555555555555
7 0.597265625 0.7680555555555556 0.00859375 0.030555555555555555
7 0.598046875 0.7298611111111111 0.00859375 0.029166666666666667
7 0.597265625 0.6951388888888889 0.00859375 0.029166666666666667
7 0.73125 0.6333333333333333 0.009375 0.022222222222222223
7 0.71640625 0.6861111111111111 0.009375 0.022222222222222223
7 0.728515625 0.7569444444444444 0.01015625 0.022222222222222223
7 0.706640625 0.80625 0.01015625 0.020833333333333332
7 0.721484375 0.7965277777777777 0.01015625 0.020833333333333332
7 0.696484375 0.5055555555555555 0.01015625 0.022222222222222223
7 0.521875 0.7986111111111112 0.0109375 0.04722222222222222
7 0.0375 0.75 0.0109375 0.03333333333333333
7 0.024609375 0.7479166666666667 0.01171875 0.034722222222222224
7 0.008203125 0.7479166666666667 0.01015625 0.029166666666666667
7 0.094921875 0.425 0.01015625 0.027777777777777776
7 0.47734375 0.0798611111111111 0.00625 0.018055555555555554
7 0.5375 0.37222222222222223 0.00625 0.022222222222222223
