7 0.375390625 0.9520833333333333 0.03671875 0.07916666666666666
7 0.451953125 0.9770833333333333 0.03203125 0.04027777777777778
7 0.571484375 0.4666666666666667 0.02421875 0.041666666666666664
7 0.17890625 0.6895833333333333 0.028125 0.06805555555555555
7 0.282421875 0.5138888888888888 0.02109375 0.07222222222222222
7 0.255859375 0.5111111111111111 0.02109375 0.07222222222222222
7 0.266796875 0.49236111111111114 0.02109375 0.07361111111111111
7 0.426953125 0.23472222222222222 0.02109375 0.041666666666666664
7 0.4796875 0.11319444444444444 0.0109375 0.02638888888888889
7 0.056640625 0.9388888888888889 0.04296875 0.1111111111111111
