7 0.841796875 0.4340277777777778 0.04921875 0.1486111111111111
7 0.196484375 0.3611111111111111 0.03984375 0.12222222222222222
7 0.039453125 0.6666666666666666 0.07109375 0.16666666666666666
7 0.333984375 0.31875 0.03828125 0.12638888888888888
7 0.41640625 0.3138888888888889 0.040625 0.10833333333333334
7 0.18671875 0.6659722222222222 0.0640625 0.17083333333333334
7 0.633984375 0.22430555555555556 0.03828125 0.1125
7 0.491015625 0.4 0.04296875 0.125
7 0.350390625 0.3159722222222222 0.03203125 0.10972222222222222
7 0.472265625 0.40902777777777777 0.05546875 0.12361111111111112
