7 0.59140625 0.6090277777777777 0.0171875 0.02638888888888889
7 0.5640625 0.4840277777777778 0.0125 0.020833333333333332
7 0.53828125 0.3784722222222222 0.009375 0.020833333333333332
7 0.378125 0.44513888888888886 0.0125 0.020833333333333332
7 0.375390625 0.41180555555555554 0.01171875 0.02638888888888889
7 0.369921875 0.3715277777777778 0.01015625 0.020833333333333332
7 0.419140625 0.09930555555555555 0.00546875 0.015277777777777777
7 0.4265625 0.09375 0.00625 0.015277777777777777
7 0.4390625 0.10208333333333333 0.00625 0.015277777777777777
7 0.448828125 0.11388888888888889 0.00703125 0.011111111111111112
7 0.516796875 0.30069444444444443 0.00859375 0.020833333333333332
7 0.671484375 0.8368055555555556 0.01640625 0.029166666666666667
7 0.609765625 0.37777777777777777 0.01328125 0.025
7 0.56484375 0.32222222222222224 0.009375 0.019444444444444445
7 0.5671875 0.2847222222222222 0.009375 0.019444444444444445
7 0.389453125 0.27361111111111114 0.01171875 0.025
7 0.328125 0.021527777777777778 0.0078125 0.015277777777777777
7 0.40078125 0.004861111111111111 0.00625 0.009722222222222222
7 0.427734375 0.06180555555555556 0.00703125 0.0125
7 0.473828125 0.18472222222222223 0.00703125 0.027777777777777776
7 0.509765625 0.17291666666666666 0.01015625 0.018055555555555554
7 0.453125 0.07013888888888889 0.0078125 0.0125
7 0.453125 0.022222222222222223 0.00625 0.013888888888888888
7 0.433984375 0.017361111111111112 0.00703125 0.015277777777777777
7 0.503515625 0.1451388888888889 0.00859375 0.015277777777777777
7 0.29609375 0.3368055555555556 0.0078125 0.02638888888888889
7 0.31328125 0.2798611111111111 0.0078125 0.02361111111111111
7 0.32578125 0.32222222222222224 0.00625 0.019444444444444445
7 0.312890625 0.23125 0.00546875 0.02361111111111111
7 0.2484375 0.14305555555555555 0.00625 0.013888888888888888
7 0.245703125 0.11805555555555555 0.00703125 0.013888888888888888
7 0.5453125 0.0798611111111111 0.0078125 0.020833333333333332
7 0.520703125 0.04861111111111111 0.00546875 0.019444444444444445
7 0.524609375 0.043055555555555555 0.00546875 0.011111111111111112
