7 0.920703125 0.5034722222222222 0.04296875 0.14027777777777778
7 0.037109375 0.8083333333333333 0.06796875 0.16666666666666666
7 0.798828125 0.9347222222222222 0.05546875 0.11944444444444445
7 0.84453125 0.2611111111111111 0.025 0.09444444444444444
7 0.978515625 0.25416666666666665 0.03046875 0.09444444444444444
7 0.9078125 0.2534722222222222 0.0265625 0.07361111111111111
7 0.530859375 0.38333333333333336 0.03828125 0.09722222222222222
7 0.98828125 0.3736111111111111 0.0234375 0.05277777777777778
7 0.783203125 0.9520833333333333 0.06328125 0.08472222222222223
7 0.830859375 0.03333333333333333 0.01640625 0.03611111111111111
7 0.863671875 0.022222222222222223 0.01171875 0.03333333333333333
7 0.87578125 0.014583333333333334 0.0109375 0.029166666666666667
