7 0.234375 0.6423611111111112 0.015625 0.02638888888888889
7 0.22734375 0.5763888888888888 0.01875 0.027777777777777776
7 0.148828125 0.47152777777777777 0.01484375 0.018055555555555554
7 0.18828125 0.40902777777777777 0.009375 0.029166666666666667
7 0.19453125 0.40625 0.00625 0.029166666666666667
7 0.186328125 0.32083333333333336 0.01015625 0.027777777777777776
7 0.346875 0.28125 0.0125 0.02361111111111111
7 0.4109375 0.6708333333333333 0.009375 0.027777777777777776
7 0.441015625 0.6076388888888888 0.01015625 0.02638888888888889
7 0.444140625 0.5826388888888889 0.01171875 0.02361111111111111
7 0.43046875 0.64375 0.0109375 0.029166666666666667
7 0.50234375 0.6881944444444444 0.015625 0.03194444444444444
7 0.505078125 0.5520833333333334 0.00859375 0.02361111111111111
7 0.467578125 0.56875 0.01015625 0.02638888888888889
7 0.456640625 0.60625 0.01171875 0.018055555555555554
7 0.478515625 0.5527777777777778 0.01015625 0.027777777777777776
7 0.5203125 0.5347222222222222 0.0125 0.027777777777777776
7 0.581640625 0.6673611111111111 0.01328125 0.029166666666666667
7 0.6234375 0.7826388888888889 0.0140625 0.02638888888888889
7 0.680859375 0.7951388888888888 0.01484375 0.02361111111111111
7 0.6375 0.5909722222222222 0.009375 0.029166666666666667
7 0.5234375 0.33055555555555555 0.0046875 0.013888888888888888
7 0.54609375 0.40694444444444444 0.009375 0.022222222222222223
7 0.605078125 0.4986111111111111 0.01015625 0.030555555555555555
7 0.619921875 0.48194444444444445 0.01015625 0.025
7 0.891015625 0.7888888888888889 0.01484375 0.030555555555555555
7 0.85703125 0.5951388888888889 0.0078125 0.02361111111111111
7 0.701171875 0.5493055555555556 0.01171875 0.02361111111111111
7 0.69375 0.6173611111111111 0.0125 0.02638888888888889
7 0.75859375 0.4847222222222222 0.0125 0.022222222222222223
7 0.7703125 0.4576388888888889 0.0109375 0.02361111111111111
7 0.846484375 0.4597222222222222 0.00859375 0.019444444444444445
7 0.81875 0.38958333333333334 0.0109375 0.02638888888888889
7 0.898828125 0.40208333333333335 0.01171875 0.02638888888888889
7 0.838671875 0.2972222222222222 0.01015625 0.025
7 0.811328125 0.32222222222222224 0.01015625 0.027777777777777776
7 0.728125 0.23541666666666666 0.0109375 0.015277777777777777
7 0.707421875 0.23472222222222222 0.00859375 0.019444444444444445
7 0.8140625 0.175 0.0078125 0.022222222222222223
7 0.776953125 0.19791666666666666 0.00859375 0.020833333333333332
7 0.928515625 0.37083333333333335 0.00859375 0.04722222222222222
7 0.90703125 0.23194444444444445 0.009375 0.04722222222222222
7 0.94609375 0.7395833333333334 0.0109375 0.04861111111111111
7 0.859765625 0.6326388888888889 0.01328125 0.02361111111111111
7 0.8609375 0.5604166666666667 0.0125 0.02361111111111111
7 0.918359375 0.5548611111111111 0.01328125 0.02361111111111111
7 0.6328125 0.6173611111111111 0.009375 0.029166666666666667
7 0.39296875 0.6694444444444444 0.009375 0.027777777777777776
7 0.429296875 0.6798611111111111 0.01171875 0.03194444444444444
7 0.078515625 0.3958333333333333 0.01328125 0.05
7 0.032421875 0.5034722222222222 0.01328125 0.029166666666666667
7 0.009375 0.625 0.0125 0.03888888888888889
7 0.284375 0.22777777777777777 0.009375 0.025
7 0.1546875 0.28958333333333336 0.009375 0.04027777777777778
7 0.284375 0.22777777777777777 0.009375 0.025
7 0.34453125 0.09722222222222222 0.0109375 0.019444444444444445
7 0.378125 0.07777777777777778 0.0078125 0.022222222222222223
7 0.374609375 0.04861111111111111 0.00859375 0.022222222222222223
7 0.45234375 0.07083333333333333 0.0078125 0.022222222222222223
7 0.475 0.20208333333333334 0.0078125 0.020833333333333332
7 0.48125 0.18541666666666667 0.00625 0.020833333333333332
7 0.6125 0.1388888888888889 0.0078125 0.019444444444444445
7 0.7078125 0.05 0.0078125 0.016666666666666666
7 0.562890625 0.03888888888888889 0.01015625 0.022222222222222223
7 0.6046875 0.011805555555555555 0.0109375 0.02361111111111111
7 0.457421875 0.043055555555555555 0.01015625 0.025
7 0.25859375 0.1451388888888889 0.009375 0.04027777777777778
7 0.28359375 0.23055555555555557 0.009375 0.022222222222222223
7 0.22421875 0.25 0.009375 0.025
7 0.21953125 0.25416666666666665 0.0109375 0.030555555555555555
7 0.75390625 0.09375 0.0078125 0.04027777777777778
7 0.75 0.07847222222222222 0.0078125 0.043055555555555555
7 0.75703125 0.07569444444444444 0.0078125 0.02361111111111111
7 0.7625 0.08611111111111111 0.0078125 0.041666666666666664
7 0.862109375 0.03958333333333333 0.01015625 0.03194444444444444
7 0.87578125 0.07083333333333333 0.009375 0.022222222222222223
