7 0.39140625 0.6645833333333333 0.0203125 0.07916666666666666
7 0.25234375 0.475 0.0171875 0.08611111111111111
7 0.21875 0.48194444444444445 0.0140625 0.06111111111111111
7 0.242578125 0.45902777777777776 0.00859375 0.07916666666666666
7 0.2296875 0.47638888888888886 0.009375 0.06944444444444445
7 0.744140625 0.42986111111111114 0.01953125 0.043055555555555555
7 0.251953125 0.4666666666666667 0.01796875 0.08055555555555556
7 0.236328125 0.46875 0.01171875 0.07916666666666666
7 0.459765625 0.07152777777777777 0.00859375 0.02638888888888889
7 0.5515625 0.03263888888888889 0.0078125 0.020833333333333332
7 0.594921875 0.08402777777777778 0.00703125 0.034722222222222224
7 0.601171875 0.08819444444444445 0.00859375 0.034722222222222224
7 0.7265625 0.2972222222222222 0.009375 0.05
7 0.73671875 0.29583333333333334 0.009375 0.058333333333333334
7 0.740234375 0.46041666666666664 0.01953125 0.043055555555555555
