7 0.40625 0.66875 0.0109375 0.020833333333333332
7 0.372265625 0.4576388888888889 0.00703125 0.018055555555555554
7 0.716015625 0.3326388888888889 0.00546875 0.020833333333333332
7 0.65390625 0.40208333333333335 0.0078125 0.018055555555555554
7 0.58359375 0.3527777777777778 0.0078125 0.03333333333333333
7 0.59453125 0.3590277777777778 0.00625 0.03194444444444444
7 0.5734375 0.33125 0.00625 0.015277777777777777
7 0.56796875 0.36736111111111114 0.00625 0.015277777777777777
7 0.544921875 0.17777777777777778 0.00390625 0.011111111111111112
7 0.555859375 0.16875 0.00390625 0.0125
7 0.468359375 0.4041666666666667 0.00703125 0.022222222222222223
7 0.4578125 0.40069444444444446 0.00625 0.02361111111111111
7 0.334375 0.1701388888888889 0.00625 0.018055555555555554
7 0.383984375 0.4340277777777778 0.00703125 0.018055555555555554
7 0.3828125 0.41458333333333336 0.00625 0.018055555555555554
7 0.274609375 0.7881944444444444 0.00859375 0.02361111111111111
7 0.2890625 0.8291666666666667 0.0125 0.030555555555555555
7 0.3125 0.5125 0.00625 0.019444444444444445
7 0.301953125 0.4965277777777778 0.00703125 0.018055555555555554
7 0.273828125 0.45069444444444445 0.00703125 0.015277777777777777
7 0.43671875 0.11388888888888889 0.0046875 0.011111111111111112
7 0.47265625 0.15486111111111112 0.0046875 0.009722222222222222
7 0.469140625 0.1326388888888889 0.00390625 0.009722222222222222
7 0.465625 0.12361111111111112 0.0046875 0.011111111111111112
7 0.429296875 0.06319444444444444 0.00390625 0.009722222222222222
7 0.239453125 0.75 0.01015625 0.022222222222222223
7 0.2265625 0.7645833333333333 0.0078125 0.0375
7 0.23515625 0.6708333333333333 0.0078125 0.030555555555555555
7 0.286328125 0.6041666666666666 0.01015625 0.019444444444444445
7 0.22265625 0.6 0.0078125 0.030555555555555555
7 0.286328125 0.34444444444444444 0.00703125 0.016666666666666666
7 0.278515625 0.32430555555555557 0.00703125 0.015277777777777777
7 0.422265625 0.2701388888888889 0.00703125 0.015277777777777777
7 0.462890625 0.07569444444444444 0.00703125 0.0125
7 0.6734375 0.1951388888888889 0.00625 0.0125
7 0.690234375 0.39166666666666666 0.00546875 0.013888888888888888
7 0.7328125 0.7006944444444444 0.009375 0.02638888888888889
7 0.740234375 0.6930555555555555 0.01015625 0.03611111111111111
7 0.733203125 0.7847222222222222 0.01015625 0.022222222222222223
7 0.743359375 0.9347222222222222 0.01015625 0.025
7 0.7515625 0.4625 0.00625 0.016666666666666666
7 0.739453125 0.375 0.00546875 0.013888888888888888
7 0.547265625 0.06597222222222222 0.00546875 0.0125
7 0.63828125 0.2520833333333333 0.0078125 0.018055555555555554
7 0.914453125 0.10625 0.00546875 0.015277777777777777
7 0.326953125 0.4361111111111111 0.00546875 0.027777777777777776
7 0.33359375 0.4354166666666667 0.00625 0.03194444444444444
7 0.18828125 0.8361111111111111 0.0109375 0.030555555555555555
