7 0.719140625 0.8409722222222222 0.01328125 0.02361111111111111
7 0.705078125 0.8263888888888888 0.01171875 0.022222222222222223
7 0.71484375 0.7666666666666667 0.0125 0.019444444444444445
7 0.6828125 0.8194444444444444 0.0125 0.022222222222222223
7 0.667578125 0.8305555555555556 0.01484375 0.022222222222222223
7 0.665234375 0.7604166666666666 0.00859375 0.020833333333333332
7 0.662109375 0.6194444444444445 0.01171875 0.025
7 0.66171875 0.5631944444444444 0.0078125 0.018055555555555554
7 0.31328125 0.6694444444444444 0.0125 0.022222222222222223
7 0.35859375 0.5493055555555556 0.0125 0.02361111111111111
7 0.3609375 0.45208333333333334 0.0125 0.02361111111111111
7 0.320703125 0.5041666666666667 0.01328125 0.022222222222222223
7 0.45546875 0.2111111111111111 0.009375 0.016666666666666666
7 0.776171875 0.8020833333333334 0.01328125 0.02361111111111111
7 0.61015625 0.3506944444444444 0.0046875 0.015277777777777777
7 0.477734375 0.26319444444444445 0.00703125 0.018055555555555554
7 0.3921875 0.8013888888888889 0.009375 0.03888888888888889
7 0.397265625 0.7819444444444444 0.01015625 0.03888888888888889
7 0.39921875 0.8097222222222222 0.009375 0.03888888888888889
7 0.13046875 0.7340277777777777 0.0109375 0.034722222222222224
7 0.208984375 0.5916666666666667 0.01015625 0.03333333333333333
7 0.264453125 0.49722222222222223 0.00859375 0.030555555555555555
7 0.237109375 0.47708333333333336 0.01171875 0.034722222222222224
7 0.21171875 0.5236111111111111 0.0078125 0.03611111111111111
7 0.201171875 0.4638888888888889 0.00859375 0.03611111111111111
7 0.244921875 0.41388888888888886 0.00859375 0.03611111111111111
7 0.25859375 0.4527777777777778 0.0078125 0.03611111111111111
7 0.13046875 0.7340277777777777 0.0109375 0.034722222222222224
7 0.585546875 0.7715277777777778 0.00859375 0.03194444444444444
7 0.628125 0.7368055555555556 0.009375 0.020833333333333332
7 0.66953125 0.7104166666666667 0.009375 0.020833333333333332
7 0.665234375 0.68125 0.00859375 0.020833333333333332
7 0.667578125 0.6506944444444445 0.00859375 0.020833333333333332
7 0.869921875 0.7736111111111111 0.01328125 0.030555555555555555
7 0.852734375 0.6895833333333333 0.01171875 0.02361111111111111
7 0.8671875 0.6958333333333333 0.0125 0.025
7 0.781640625 0.5291666666666667 0.01328125 0.022222222222222223
7 0.7828125 0.5104166666666666 0.0109375 0.02638888888888889
7 0.728125 0.36180555555555555 0.0109375 0.020833333333333332
7 0.683984375 0.3173611111111111 0.00703125 0.018055555555555554
7 0.653125 0.29097222222222224 0.0078125 0.03194444444444444
7 0.69921875 0.23402777777777778 0.009375 0.015277777777777777
7 0.655078125 0.11805555555555555 0.00703125 0.013888888888888888
7 0.5703125 0.015277777777777777 0.0078125 0.030555555555555555
7 0.583984375 0.13541666666666666 0.00859375 0.018055555555555554
7 0.5578125 0.1763888888888889 0.0078125 0.016666666666666666
7 0.5625 0.17847222222222223 0.00625 0.0125
7 0.567578125 0.17708333333333334 0.00703125 0.015277777777777777
7 0.603125 0.20277777777777778 0.00625 0.027777777777777776
7 0.564453125 0.07361111111111111 0.00546875 0.016666666666666666
7 0.587890625 0.6854166666666667 0.01015625 0.020833333333333332
7 0.667578125 0.7965277777777777 0.01171875 0.020833333333333332
7 0.7015625 0.8340277777777778 0.0109375 0.02638888888888889
7 0.71015625 0.8097222222222222 0.0109375 0.022222222222222223
7 0.66171875 0.5756944444444444 0.009375 0.020833333333333332
7 0.662109375 0.5923611111111111 0.00859375 0.020833333333333332
7 0.6125 0.15763888888888888 0.009375 0.015277777777777777
7 0.162890625 0.5020833333333333 0.01015625 0.020833333333333332
7 0.02890625 0.7173611111111111 0.0171875 0.03194444444444444
7 0.044921875 0.6659722222222222 0.01328125 0.034722222222222224
7 0.047265625 0.6555555555555556 0.01328125 0.030555555555555555
7 0.1625 0.7541666666666667 0.0109375 0.030555555555555555
7 0.149609375 0.7645833333333333 0.01015625 0.02361111111111111
7 0.109765625 0.4111111111111111 0.00859375 0.030555555555555555
7 0.034765625 0.4951388888888889 0.01328125 0.02361111111111111
7 0.33125 0.2361111111111111 0.0078125 0.027777777777777776
7 0.344140625 0.21805555555555556 0.00859375 0.027777777777777776
7 0.482421875 0.011111111111111112 0.00703125 0.013888888888888888
7 0.467578125 0.004861111111111111 0.00546875 0.009722222222222222
