7 0.256640625 0.4826388888888889 0.01640625 0.08194444444444444
7 0.900390625 0.7756944444444445 0.03046875 0.07916666666666666
7 0.22109375 0.4826388888888889 0.015625 0.08194444444444444
7 0.235546875 0.4826388888888889 0.01171875 0.0763888888888889
7 0.416015625 0.30416666666666664 0.01328125 0.044444444444444446
7 0.5765625 0.3013888888888889 0.015625 0.044444444444444446
7 0.25546875 0.4708333333333333 0.015625 0.07777777777777778
7 0.245703125 0.4652777777777778 0.01171875 0.08611111111111111
7 0.240234375 0.4722222222222222 0.01171875 0.08611111111111111
7 0.459765625 0.09722222222222222 0.01015625 0.019444444444444445
7 0.417578125 0.30069444444444443 0.01640625 0.04861111111111111
7 0.562109375 0.03888888888888889 0.00859375 0.019444444444444445
7 0.563671875 0.05694444444444444 0.00859375 0.022222222222222223
7 0.593359375 0.0798611111111111 0.00703125 0.029166666666666667
7 0.601171875 0.08611111111111111 0.00703125 0.03333333333333333
7 0.37890625 0.9770833333333333 0.0265625 0.034722222222222224
