7 0.769140625 0.6395833333333333 0.04453125 0.1763888888888889
7 0.22890625 0.7652777777777777 0.0625 0.16111111111111112
7 0.935546875 0.6979166666666666 0.05546875 0.14305555555555555
7 0.901171875 0.1951388888888889 0.02109375 0.06527777777777778
7 0.95859375 0.26805555555555555 0.028125 0.08055555555555556
7 0.975 0.11041666666666666 0.0171875 0.04861111111111111
7 0.991015625 0.06666666666666667 0.01640625 0.03333333333333333
7 0.7953125 0.11875 0.0171875 0.05138888888888889
7 0.729296875 0.12916666666666668 0.01796875 0.04722222222222222
7 0.9671875 0.25277777777777777 0.0140625 0.06666666666666667
