7 0.63125 0.8229166666666666 0.0140625 0.034722222222222224
7 0.583203125 0.6993055555555555 0.01484375 0.0375
7 0.658984375 0.9048611111111111 0.01640625 0.04583333333333333
7 0.469140625 0.8090277777777778 0.01015625 0.04861111111111111
7 0.6484375 0.8131944444444444 0.015625 0.0375
7 0.583984375 0.5916666666666667 0.01484375 0.030555555555555555
7 0.581640625 0.5416666666666666 0.01171875 0.025
7 0.562890625 0.4847222222222222 0.01015625 0.027777777777777776
7 0.565234375 0.42430555555555555 0.01171875 0.029166666666666667
7 0.603125 0.3402777777777778 0.009375 0.025
7 0.61328125 0.04722222222222222 0.0046875 0.013888888888888888
7 0.788671875 0.4722222222222222 0.01328125 0.025
7 0.734375 0.31319444444444444 0.009375 0.02638888888888889
7 0.665625 0.18888888888888888 0.00625 0.022222222222222223
7 0.69375 0.16041666666666668 0.0046875 0.018055555555555554
7 0.704296875 0.20694444444444443 0.00859375 0.025
7 0.654296875 0.13680555555555557 0.00546875 0.0125
7 0.66875 0.12569444444444444 0.0046875 0.018055555555555554
7 0.87109375 0.5881944444444445 0.0125 0.02638888888888889
7 0.857421875 0.4305555555555556 0.01015625 0.016666666666666666
7 0.888671875 0.44375 0.01015625 0.03194444444444444
7 0.90390625 0.28125 0.00625 0.03194444444444444
7 0.90859375 0.2791666666666667 0.0078125 0.030555555555555555
7 0.74921875 0.09236111111111112 0.0078125 0.029166666666666667
7 0.737890625 0.125 0.00703125 0.019444444444444445
7 0.717578125 0.11944444444444445 0.00859375 0.016666666666666666
7 0.70859375 0.12777777777777777 0.00625 0.019444444444444445
7 0.71796875 0.03263888888888889 0.00625 0.02361111111111111
7 0.5203125 0.08472222222222223 0.00625 0.016666666666666666
7 0.5265625 0.09722222222222222 0.00625 0.019444444444444445
7 0.538671875 0.1375 0.00703125 0.016666666666666666
7 0.54140625 0.15694444444444444 0.00625 0.016666666666666666
7 0.553125 0.16180555555555556 0.0078125 0.018055555555555554
7 0.183203125 0.7270833333333333 0.01171875 0.02638888888888889
7 0.232421875 0.7291666666666666 0.00859375 0.03611111111111111
7 0.23984375 0.7229166666666667 0.009375 0.03194444444444444
7 0.44375 0.7965277777777777 0.0109375 0.043055555555555555
7 0.477734375 0.8013888888888889 0.00859375 0.05
7 0.44765625 0.83125 0.0125 0.04583333333333333
7 0.434375 0.8326388888888889 0.0125 0.043055555555555555
7 0.505078125 0.7555555555555555 0.01015625 0.04722222222222222
7 0.51015625 0.74375 0.009375 0.05138888888888889
7 0.39375 0.43819444444444444 0.00625 0.018055555555555554
7 0.383203125 0.41180555555555554 0.00859375 0.034722222222222224
7 0.40078125 0.38125 0.0078125 0.04027777777777778
7 0.421484375 0.21805555555555556 0.00859375 0.03333333333333333
7 0.41328125 0.22430555555555556 0.00625 0.03194444444444444
7 0.408203125 0.20902777777777778 0.00703125 0.03194444444444444
7 0.41015625 0.18888888888888888 0.00625 0.027777777777777776
7 0.40234375 0.18055555555555555 0.0046875 0.03333333333333333
7 0.40078125 0.15486111111111112 0.0078125 0.029166666666666667
7 0.407421875 0.15208333333333332 0.00546875 0.03194444444444444
7 0.398046875 0.09097222222222222 0.00703125 0.018055555555555554
7 0.3859375 0.04236111111111111 0.00625 0.018055555555555554
7 0.375 0.009027777777777777 0.00625 0.018055555555555554
7 0.3796875 0.009722222222222222 0.0046875 0.019444444444444445
7 0.516015625 0.011805555555555555 0.00703125 0.015277777777777777
7 0.55390625 0.18958333333333333 0.0078125 0.020833333333333332
7 0.555078125 0.5701388888888889 0.01015625 0.05138888888888889
7 0.65234375 0.04513888888888889 0.00625 0.018055555555555554
7 0.77890625 0.08611111111111111 0.00625 0.027777777777777776
7 0.78515625 0.09861111111111111 0.0046875 0.027777777777777776
