7 0.3265625 0.12986111111111112 0.0171875 0.03194444444444444
7 0.161328125 0.5013888888888889 0.02578125 0.027777777777777776
7 0.305859375 0.2111111111111111 0.01484375 0.041666666666666664
7 0.08828125 0.2375 0.015625 0.030555555555555555
7 0.154296875 0.20069444444444445 0.01328125 0.02361111111111111
7 0.171484375 0.15555555555555556 0.01171875 0.027777777777777776
7 0.341015625 0.027083333333333334 0.00859375 0.015277777777777777
7 0.4578125 0.5263888888888889 0.015625 0.025
7 0.496875 0.5340277777777778 0.015625 0.029166666666666667
7 0.515234375 0.5118055555555555 0.01015625 0.020833333333333332
7 0.4390625 0.5618055555555556 0.0140625 0.020833333333333332
7 0.483984375 0.6715277777777777 0.01171875 0.02638888888888889
7 0.413671875 0.5659722222222222 0.01171875 0.018055555555555554
7 0.38359375 0.6284722222222222 0.015625 0.020833333333333332
7 0.39609375 0.6006944444444444 0.0109375 0.03194444444444444
7 0.4296875 0.5881944444444445 0.0109375 0.02361111111111111
7 0.367578125 0.6673611111111111 0.01640625 0.018055555555555554
7 0.3421875 0.6659722222222222 0.015625 0.02361111111111111
7 0.319921875 0.6680555555555555 0.01484375 0.022222222222222223
7 0.771875 0.7944444444444444 0.0171875 0.03611111111111111
7 0.67109375 0.7847222222222222 0.015625 0.027777777777777776
7 0.780078125 0.5833333333333334 0.01328125 0.027777777777777776
7 0.698828125 0.5736111111111111 0.01328125 0.027777777777777776
7 0.78671875 0.5 0.0109375 0.022222222222222223
7 0.65 0.47430555555555554 0.0125 0.029166666666666667
7 0.67109375 0.46458333333333335 0.0125 0.029166666666666667
7 0.891796875 0.4583333333333333 0.01015625 0.030555555555555555
7 0.888671875 0.4125 0.01328125 0.027777777777777776
7 0.987890625 0.4583333333333333 0.01328125 0.030555555555555555
7 0.98125 0.3472222222222222 0.0125 0.025
7 0.984375 0.20555555555555555 0.0140625 0.03333333333333333
7 0.96875 0.07777777777777778 0.0140625 0.030555555555555555
7 0.5609375 0.3729166666666667 0.015625 0.02638888888888889
7 0.5890625 0.2743055555555556 0.0140625 0.02638888888888889
7 0.659375 0.07847222222222222 0.0140625 0.02638888888888889
7 0.937109375 0.2965277777777778 0.01328125 0.029166666666666667
7 0.51875 0.09652777777777778 0.0125 0.029166666666666667
7 0.46796875 0.14583333333333334 0.0109375 0.030555555555555555
7 0.82734375 0.20208333333333334 0.0109375 0.02361111111111111
7 0.13203125 0.11944444444444445 0.015625 0.05277777777777778
7 0.518359375 0.2375 0.01171875 0.027777777777777776
7 0.796484375 0.20625 0.01171875 0.029166666666666667
7 0.687109375 0.6111111111111112 0.01328125 0.027777777777777776
7 0.93984375 0.1125 0.0140625 0.027777777777777776
