7 0.856640625 0.5972222222222222 0.03359375 0.05277777777777778
7 0.8375 0.48680555555555555 0.028125 0.04027777777777778
7 0.678515625 0.3104166666666667 0.01953125 0.029166666666666667
7 0.72890625 0.7534722222222222 0.0265625 0.07083333333333333
7 0.675 0.7506944444444444 0.0328125 0.059722222222222225
7 0.53125 0.03958333333333333 0.0125 0.02361111111111111
7 0.74140625 0.7576388888888889 0.03125 0.06527777777777778
7 0.53671875 0.08194444444444444 0.0109375 0.027777777777777776
7 0.07265625 0.53125 0.0234375 0.09027777777777778
7 0.090234375 0.5222222222222223 0.02109375 0.09722222222222222
7 0.046875 0.5340277777777778 0.0203125 0.09583333333333334
7 0.457421875 0.034722222222222224 0.00859375 0.03611111111111111
