7 0.582 0.37075471698113205 0.032 0.09622641509433963
7 0.8715 0.2018867924528302 0.029 0.045283018867924525
7 0.305 0.39339622641509436 0.032 0.09245283018867924
7 0.4275 0.2962264150943396 0.021 0.07169811320754717
7 0.282 0.39339622641509436 0.016 0.08867924528301886
7 0.4385 0.280188679245283 0.025 0.0660377358490566
7 0.471 0.1009433962264151 0.02 0.03962264150943396
7 0.4835 0.07641509433962264 0.015 0.03207547169811321
7 0.554 0.035849056603773584 0.016 0.03773584905660377
7 0.766 0.13679245283018868 0.022 0.035849056603773584
7 0.8115 0.14433962264150943 0.025 0.03207547169811321
7 0.5955 0.12924528301886792 0.025 0.035849056603773584
