7 0.58515625 0.8055555555555556 0.0140625 0.030555555555555555
7 0.55859375 0.7375 0.0109375 0.03333333333333333
7 0.49609375 0.8638888888888889 0.0140625 0.030555555555555555
7 0.590625 0.3875 0.0046875 0.03333333333333333
7 0.59453125 0.3861111111111111 0.0046875 0.03333333333333333
7 0.458203125 0.3111111111111111 0.00546875 0.013888888888888888
7 0.46640625 0.26944444444444443 0.0046875 0.013888888888888888
7 0.465625 0.24861111111111112 0.0046875 0.013888888888888888
7 0.46953125 0.15416666666666667 0.0046875 0.013888888888888888
7 0.428125 0.20347222222222222 0.0046875 0.015277777777777777
7 0.365625 0.3277777777777778 0.0046875 0.013888888888888888
7 0.36953125 0.475 0.0109375 0.025
7 0.277734375 0.46944444444444444 0.00546875 0.016666666666666666
7 0.28359375 0.49375 0.00625 0.018055555555555554
7 0.27109375 0.36319444444444443 0.00625 0.018055555555555554
7 0.365234375 0.8854166666666666 0.01171875 0.0375
7 0.375390625 0.7805555555555556 0.01171875 0.03611111111111111
7 0.23359375 0.9520833333333333 0.0125 0.0375
7 0.287109375 0.8006944444444445 0.01171875 0.0375
7 0.283203125 0.7625 0.00859375 0.030555555555555555
7 0.65859375 0.36944444444444446 0.0046875 0.013888888888888888
7 0.178125 0.9479166666666666 0.015625 0.029166666666666667
7 0.221484375 0.8416666666666667 0.01171875 0.03888888888888889
7 0.209765625 0.8076388888888889 0.00859375 0.0375
7 0.2625 0.7194444444444444 0.0078125 0.03611111111111111
7 0.2671875 0.7180555555555556 0.00625 0.03611111111111111
7 0.24921875 0.6215277777777778 0.0109375 0.018055555555555554
7 0.208203125 0.6340277777777777 0.00703125 0.029166666666666667
7 0.235546875 0.4895833333333333 0.00859375 0.02361111111111111
7 0.31875 0.45902777777777776 0.00625 0.029166666666666667
7 0.626953125 0.24097222222222223 0.00703125 0.015277777777777777
7 0.675390625 0.21458333333333332 0.00703125 0.0125
7 0.6984375 0.17777777777777778 0.00625 0.013888888888888888
7 0.7375 0.8125 0.009375 0.019444444444444445
7 0.736328125 0.74375 0.01015625 0.02638888888888889
7 0.74375 0.6638888888888889 0.0109375 0.022222222222222223
7 0.72421875 0.3472222222222222 0.0109375 0.022222222222222223
7 0.7421875 0.40069444444444446 0.0078125 0.015277777777777777
7 0.526953125 0.04861111111111111 0.00546875 0.013888888888888888
