7 0.70625 0.2476340694006309 0.021875 0.06309148264984227
7 0.327734375 0.3801261829652997 0.02734375 0.0914826498422713
7 0.501171875 0.2697160883280757 0.01953125 0.04416403785488959
7 0.647265625 0.0417981072555205 0.01171875 0.02050473186119874
7 0.447265625 0.11041009463722397 0.01484375 0.031545741324921134
7 0.4 0.3138801261829653 0.025 0.07570977917981073
7 0.512109375 0.3217665615141956 0.02109375 0.06309148264984227
7 0.472265625 0.11198738170347003 0.01328125 0.031545741324921134
7 0.471484375 0.07255520504731862 0.01171875 0.031545741324921134
7 0.506640625 0.10804416403785488 0.01484375 0.03627760252365931
7 0.5015625 0.08517350157728706 0.0125 0.031545741324921134
7 0.48046875 0.03706624605678233 0.0125 0.026813880126182965
7 0.53515625 0.08517350157728706 0.0125 0.03470031545741325
7 0.707421875 0.2586750788643533 0.01953125 0.07255520504731862
