7 0.66015625 0.9090277777777778 0.01875 0.06527777777777778
7 0.791015625 0.7784722222222222 0.01640625 0.04861111111111111
7 0.569921875 0.3263888888888889 0.01171875 0.019444444444444445
7 0.81875 0.7791666666666667 0.015625 0.05
7 0.4578125 0.7340277777777777 0.015625 0.03194444444444444
7 0.609765625 0.5013888888888889 0.01484375 0.027777777777777776
7 0.766796875 0.6458333333333334 0.01484375 0.03611111111111111
7 0.5390625 0.28402777777777777 0.0109375 0.018055555555555554
7 0.863671875 0.9694444444444444 0.01953125 0.04722222222222222
7 0.426171875 0.7020833333333333 0.01328125 0.04583333333333333
7 0.434375 0.7840277777777778 0.0171875 0.03194444444444444
7 0.434765625 0.61875 0.01328125 0.034722222222222224
7 0.378125 0.42083333333333334 0.0109375 0.022222222222222223
7 0.376953125 0.29444444444444445 0.01015625 0.022222222222222223
7 0.41484375 0.24166666666666667 0.0125 0.025
7 0.6 0.2013888888888889 0.0078125 0.013888888888888888
7 0.5921875 0.17708333333333334 0.0078125 0.015277777777777777
7 0.5703125 0.1361111111111111 0.00625 0.013888888888888888
7 0.578515625 0.44513888888888886 0.01171875 0.02361111111111111
7 0.717578125 0.2659722222222222 0.00703125 0.0375
7 0.65234375 0.18819444444444444 0.0078125 0.034722222222222224
7 0.5859375 0.06319444444444444 0.00625 0.029166666666666667
7 0.33515625 0.7604166666666666 0.009375 0.04583333333333333
7 0.323046875 0.725 0.01015625 0.05
7 0.054296875 0.7145833333333333 0.01171875 0.029166666666666667
7 0.318359375 0.6340277777777777 0.00859375 0.03194444444444444
7 0.324609375 0.6298611111111111 0.00859375 0.03194444444444444
7 0.351171875 0.6854166666666667 0.01015625 0.020833333333333332
7 0.333203125 0.7347222222222223 0.00703125 0.030555555555555555
7 0.356640625 0.7798611111111111 0.00859375 0.04027777777777778
7 0.225 0.21736111111111112 0.00625 0.03194444444444444
7 0.230078125 0.21736111111111112 0.00546875 0.03194444444444444
7 0.205859375 0.1076388888888889 0.00546875 0.018055555555555554
7 0.20703125 0.08194444444444444 0.0078125 0.016666666666666666
7 0.200390625 0.08263888888888889 0.00546875 0.02361111111111111
7 0.217578125 0.07777777777777778 0.00859375 0.013888888888888888
7 0.200390625 0.016666666666666666 0.00859375 0.016666666666666666
7 0.183203125 0.017361111111111112 0.00546875 0.018055555555555554
7 0.19609375 0.03819444444444445 0.00625 0.02361111111111111
7 0.32109375 0.015277777777777777 0.0078125 0.016666666666666666
7 0.32109375 0.0375 0.0078125 0.016666666666666666
7 0.344140625 0.09375 0.00859375 0.015277777777777777
7 0.413671875 0.015277777777777777 0.00703125 0.016666666666666666
7 0.511328125 0.05416666666666667 0.00703125 0.016666666666666666
7 0.506640625 0.06597222222222222 0.00859375 0.018055555555555554
7 0.504296875 0.075 0.00859375 0.016666666666666666
7 0.51328125 0.08819444444444445 0.009375 0.02361111111111111
7 0.95859375 0.4625 0.009375 0.041666666666666664
7 0.605078125 0.09166666666666666 0.00703125 0.03333333333333333
7 0.612109375 0.09236111111111112 0.00703125 0.029166666666666667
