7 0.218359375 0.5576388888888889 0.01328125 0.08194444444444444
7 0.623828125 0.6569444444444444 0.02109375 0.05277777777777778
7 0.190234375 0.5784722222222223 0.01640625 0.07083333333333333
7 0.2140625 0.5701388888888889 0.0140625 0.08472222222222223
7 0.19453125 0.56875 0.0109375 0.07916666666666666
7 0.1984375 0.5597222222222222 0.009375 0.08333333333333333
7 0.20546875 0.5527777777777778 0.0125 0.08055555555555556
7 0.485546875 0.12708333333333333 0.00859375 0.020833333333333332
7 0.5171875 0.12986111111111112 0.009375 0.02361111111111111
7 0.55546875 0.15902777777777777 0.00625 0.03194444444444444
7 0.560546875 0.16597222222222222 0.00703125 0.029166666666666667
