7 0.2453125 0.8604166666666667 0.0125 0.04861111111111111
7 0.71328125 0.8708333333333333 0.0109375 0.030555555555555555
7 0.302734375 0.9229166666666667 0.00859375 0.034722222222222224
7 0.5640625 0.9138888888888889 0.009375 0.041666666666666664
7 0.54140625 0.9034722222222222 0.0109375 0.03194444444444444
7 0.525 0.9215277777777777 0.009375 0.029166666666666667
7 0.440625 0.8944444444444445 0.0140625 0.03888888888888889
7 0.40703125 0.8881944444444444 0.0109375 0.034722222222222224
7 0.7375 0.5868055555555556 0.00625 0.018055555555555554
7 0.634375 0.4083333333333333 0.0078125 0.025
7 0.640234375 0.46458333333333335 0.00703125 0.018055555555555554
7 0.69453125 0.2590277777777778 0.0078125 0.015277777777777777
7 0.579296875 0.1 0.00546875 0.013888888888888888
7 0.587109375 0.13194444444444445 0.00390625 0.011111111111111112
7 0.604296875 0.1423611111111111 0.00703125 0.015277777777777777
7 0.570703125 0.10069444444444445 0.00390625 0.0125
7 0.570703125 0.08194444444444444 0.00703125 0.008333333333333333
7 0.553515625 0.08541666666666667 0.00546875 0.0125
7 0.5671875 0.05138888888888889 0.00625 0.011111111111111112
7 0.569140625 0.03263888888888889 0.00703125 0.009722222222222222
7 0.571875 0.02013888888888889 0.0046875 0.009722222222222222
7 0.568359375 0.009722222222222222 0.00546875 0.008333333333333333
7 0.35234375 0.5111111111111111 0.0109375 0.022222222222222223
7 0.215625 0.6034722222222222 0.0078125 0.03194444444444444
7 0.226171875 0.5784722222222223 0.00703125 0.020833333333333332
7 0.23203125 0.5659722222222222 0.0078125 0.020833333333333332
7 0.237890625 0.5625 0.00546875 0.019444444444444445
7 0.84140625 0.7840277777777778 0.0125 0.029166666666666667
7 0.78359375 0.6638888888888889 0.009375 0.027777777777777776
7 0.55546875 0.35138888888888886 0.0046875 0.025
7 0.05703125 0.7104166666666667 0.0109375 0.034722222222222224
7 0.1984375 0.45902777777777776 0.009375 0.03194444444444444
7 0.181640625 0.41458333333333336 0.00859375 0.02361111111111111
7 0.286328125 0.3020833333333333 0.00859375 0.029166666666666667
7 0.38046875 0.28402777777777777 0.0078125 0.02638888888888889
7 0.248828125 0.8541666666666666 0.01171875 0.044444444444444446
7 0.533203125 0.9222222222222223 0.01015625 0.025
7 0.67734375 0.2361111111111111 0.00625 0.019444444444444445
7 0.583203125 0.03263888888888889 0.00546875 0.018055555555555554
