7 0.332421875 0.21875 0.02578125 0.0625
7 0.45703125 0.09791666666666667 0.0125 0.05138888888888889
7 0.327734375 0.05625 0.01171875 0.0375
7 0.689453125 0.2708333333333333 0.02109375 0.06944444444444445
7 0.756640625 0.3076388888888889 0.02734375 0.09027777777777778
7 0.309375 0.03958333333333333 0.0109375 0.0375
7 0.673828125 0.20069444444444445 0.01640625 0.04861111111111111
7 0.55546875 0.1361111111111111 0.015625 0.05
7 0.502734375 0.04791666666666667 0.01171875 0.034722222222222224
7 0.51484375 0.017361111111111112 0.009375 0.034722222222222224
