7 0.180078125 0.58125 0.01484375 0.08472222222222223
7 0.698828125 0.6569444444444444 0.01953125 0.06111111111111111
7 0.170703125 0.5625 0.01328125 0.08333333333333333
7 0.1546875 0.5902777777777778 0.015625 0.08055555555555556
7 0.185546875 0.56875 0.01484375 0.08194444444444444
7 0.16640625 0.5694444444444444 0.0125 0.08055555555555556
7 0.16328125 0.5805555555555556 0.0125 0.08611111111111111
7 0.48203125 0.10902777777777778 0.00625 0.02638888888888889
7 0.444140625 0.13958333333333334 0.00703125 0.02361111111111111
7 0.482421875 0.16041666666666668 0.01015625 0.02638888888888889
7 0.50859375 0.17083333333333334 0.00625 0.027777777777777776
