7 0.5015625 0.5444444444444444 0.01875 0.027777777777777776
7 0.604296875 0.5965277777777778 0.01640625 0.04861111111111111
7 0.8609375 0.8201388888888889 0.021875 0.02638888888888889
7 0.898046875 0.9583333333333334 0.01796875 0.06388888888888888
7 0.740234375 0.5069444444444444 0.01796875 0.016666666666666666
7 0.813671875 0.7041666666666667 0.02109375 0.025
7 0.44453125 0.7875 0.015625 0.027777777777777776
7 0.462109375 0.7201388888888889 0.01953125 0.034722222222222224
7 0.433984375 0.40069444444444446 0.01328125 0.029166666666666667
7 0.41640625 0.36875 0.0140625 0.029166666666666667
7 0.529296875 0.14791666666666667 0.01171875 0.02638888888888889
7 0.555078125 0.18680555555555556 0.01171875 0.02361111111111111
7 0.544140625 0.2152777777777778 0.01171875 0.022222222222222223
7 0.5796875 0.2673611111111111 0.0125 0.02638888888888889
7 0.60546875 0.3888888888888889 0.0171875 0.027777777777777776
7 0.415625 0.09583333333333334 0.0078125 0.016666666666666666
7 0.37578125 0.03194444444444444 0.0078125 0.016666666666666666
7 0.398046875 0.027777777777777776 0.00703125 0.016666666666666666
7 0.401953125 0.008333333333333333 0.00703125 0.016666666666666666
7 0.321875 0.1597222222222222 0.0078125 0.027777777777777776
7 0.328125 0.1625 0.00625 0.025
7 0.31328125 0.17291666666666666 0.0078125 0.020833333333333332
7 0.35234375 0.06666666666666667 0.009375 0.022222222222222223
7 0.341015625 0.049305555555555554 0.00703125 0.02361111111111111
7 0.399609375 0.20347222222222222 0.01171875 0.04027777777777778
7 0.901171875 0.9534722222222223 0.02109375 0.0375
