7 0.367578125 0.6659722222222222 0.01328125 0.02638888888888889
7 0.318359375 0.5048611111111111 0.01015625 0.018055555555555554
7 0.44296875 0.22569444444444445 0.00625 0.018055555555555554
7 0.6609375 0.30972222222222223 0.00625 0.019444444444444445
7 0.748046875 0.7638888888888888 0.01015625 0.025
7 0.58828125 0.33541666666666664 0.0078125 0.034722222222222224
7 0.590625 0.32569444444444445 0.0046875 0.02638888888888889
7 0.394140625 0.2986111111111111 0.00703125 0.016666666666666666
7 0.303515625 0.12638888888888888 0.00703125 0.016666666666666666
7 0.295703125 0.04027777777777778 0.00546875 0.013888888888888888
7 0.415625 0.02847222222222222 0.00625 0.009722222222222222
7 0.276953125 0.40347222222222223 0.00703125 0.029166666666666667
7 0.28125 0.4048611111111111 0.0078125 0.03194444444444444
7 0.44921875 0.13125 0.0046875 0.015277777777777777
7 0.451171875 0.10486111111111111 0.00390625 0.015277777777777777
7 0.45625 0.09791666666666667 0.0046875 0.015277777777777777
7 0.4515625 0.059722222222222225 0.0046875 0.016666666666666666
7 0.46171875 0.05763888888888889 0.0046875 0.015277777777777777
7 0.541015625 0.10555555555555556 0.00390625 0.011111111111111112
7 0.536328125 0.07777777777777778 0.00390625 0.011111111111111112
7 0.545703125 0.08125 0.00390625 0.009722222222222222
7 0.555078125 0.08472222222222223 0.00390625 0.011111111111111112
7 0.543359375 0.041666666666666664 0.00390625 0.011111111111111112
7 0.237890625 0.3215277777777778 0.00703125 0.018055555555555554
7 0.229296875 0.1909722222222222 0.00546875 0.0125
7 0.244140625 0.18194444444444444 0.00546875 0.011111111111111112
7 0.696484375 0.33055555555555555 0.00703125 0.019444444444444445
7 0.226953125 0.10208333333333333 0.00546875 0.020833333333333332
7 0.191015625 0.6125 0.00859375 0.022222222222222223
7 0.146484375 0.8465277777777778 0.01015625 0.034722222222222224
7 0.640234375 0.18194444444444444 0.01015625 0.016666666666666666
7 0.678125 0.11944444444444445 0.0078125 0.016666666666666666
7 0.700390625 0.07847222222222222 0.01015625 0.018055555555555554
7 0.9390625 0.0125 0.0078125 0.019444444444444445
7 0.708203125 0.21944444444444444 0.00859375 0.019444444444444445
7 0.718359375 0.23333333333333334 0.00859375 0.019444444444444445
7 0.734375 0.31527777777777777 0.0078125 0.022222222222222223
7 0.740234375 0.3194444444444444 0.00703125 0.013888888888888888
7 0.765625 0.45069444444444445 0.009375 0.02361111111111111
7 0.750390625 0.8506944444444444 0.01015625 0.020833333333333332
7 0.759375 0.7888888888888889 0.0109375 0.025
