7 0.439453125 0.28391167192429023 0.02890625 0.08832807570977919
7 0.78203125 0.416403785488959 0.0296875 0.10725552050473186
7 0.621875 0.011829652996845425 0.0109375 0.02050473186119874
7 0.4 0.19873817034700317 0.0234375 0.06624605678233439
7 0.302734375 0.6033123028391167 0.04609375 0.1277602523659306
7 0.71640625 0.20189274447949526 0.021875 0.06624605678233439
7 0.779296875 0.1750788643533123 0.02265625 0.050473186119873815
7 0.6765625 0.11356466876971609 0.01875 0.05362776025236593
7 0.641796875 0.0946372239747634 0.01171875 0.05362776025236593
7 0.66484375 0.050473186119873815 0.0140625 0.028391167192429023
7 0.658203125 0.01971608832807571 0.01328125 0.02996845425867508
7 0.312890625 0.5962145110410094 0.03515625 0.13249211356466878
7 0.22578125 0.3501577287066246 0.03125 0.1167192429022082
7 0.53125 0.038643533123028394 0.015625 0.033123028391167195
7 0.49375 0.013406940063091483 0.0125 0.026813880126182965
7 0.636328125 0.01025236593059937 0.01171875 0.02050473186119874
7 0.637890625 0.02996845425867508 0.01484375 0.025236593059936908
7 0.691796875 0.02917981072555205 0.01484375 0.02996845425867508
7 0.775390625 0.16876971608832808 0.01171875 0.050473186119873815
