7 0.28125 0.3486111111111111 0.009375 0.05277777777777778
7 0.240234375 0.4340277777777778 0.01015625 0.05416666666666667
7 0.16953125 0.6909722222222222 0.0109375 0.05416666666666667
7 0.184765625 0.7916666666666666 0.01328125 0.05555555555555555
7 0.28671875 0.47847222222222224 0.0078125 0.05416666666666667
7 0.530078125 0.4895833333333333 0.01171875 0.03194444444444444
7 0.556640625 0.3090277777777778 0.00859375 0.02361111111111111
7 0.534765625 0.25277777777777777 0.01171875 0.019444444444444445
7 0.537109375 0.21597222222222223 0.01015625 0.020833333333333332
7 0.54296875 0.19166666666666668 0.00625 0.022222222222222223
7 0.536328125 0.1673611111111111 0.01015625 0.020833333333333332
7 0.542578125 0.7986111111111112 0.01640625 0.025
7 0.500390625 0.7666666666666667 0.01484375 0.025
7 0.5078125 0.6479166666666667 0.0125 0.029166666666666667
7 0.557421875 0.6180555555555556 0.01484375 0.022222222222222223
7 0.5703125 0.5972222222222222 0.0109375 0.022222222222222223
7 0.726953125 0.5104166666666666 0.01640625 0.0375
7 0.85234375 0.525 0.0140625 0.027777777777777776
7 0.841796875 0.6194444444444445 0.01796875 0.030555555555555555
7 0.876171875 0.5951388888888889 0.01328125 0.029166666666666667
7 0.8859375 0.6222222222222222 0.0109375 0.025
7 0.90859375 0.7027777777777777 0.015625 0.03611111111111111
7 0.91015625 0.6319444444444444 0.0109375 0.022222222222222223
7 0.805859375 0.3486111111111111 0.01328125 0.025
7 0.83125 0.3326388888888889 0.0140625 0.02638888888888889
7 0.861328125 0.22361111111111112 0.01171875 0.025
7 0.862109375 0.1638888888888889 0.01015625 0.022222222222222223
7 0.169140625 0.7493055555555556 0.01328125 0.06527777777777778
7 0.1859375 0.7340277777777777 0.0125 0.06527777777777778
7 0.3125 0.33125 0.009375 0.05138888888888889
7 0.348046875 0.27847222222222223 0.01015625 0.05138888888888889
7 0.54296875 0.08541666666666667 0.0078125 0.02361111111111111
7 0.59296875 0.04375 0.00625 0.018055555555555554
7 0.879296875 0.11180555555555556 0.00703125 0.02361111111111111
7 0.78984375 0.125 0.009375 0.025
7 0.95234375 0.7520833333333333 0.009375 0.03194444444444444
7 0.287109375 0.34652777777777777 0.01171875 0.04861111111111111
7 0.3578125 0.23472222222222222 0.0078125 0.027777777777777776
7 0.3328125 0.0625 0.0078125 0.041666666666666664
7 0.3421875 0.06527777777777778 0.009375 0.03611111111111111
7 0.550390625 0.03125 0.00859375 0.02361111111111111
7 0.58984375 0.030555555555555555 0.0078125 0.022222222222222223
7 0.945703125 0.7486111111111111 0.01015625 0.03888888888888889
