7 0.93046875 0.5034722222222222 0.0375 0.11805555555555555
7 0.755078125 0.3548611111111111 0.03203125 0.09305555555555556
7 0.446875 0.42777777777777776 0.0328125 0.08888888888888889
7 0.516796875 0.43194444444444446 0.03671875 0.10277777777777777
7 0.449609375 0.1673611111111111 0.01796875 0.04861111111111111
7 0.334765625 0.09791666666666667 0.01328125 0.029166666666666667
7 0.414453125 0.17222222222222222 0.01640625 0.044444444444444446
7 0.5125 0.12083333333333333 0.0140625 0.03333333333333333
7 0.44453125 0.18958333333333333 0.0203125 0.04583333333333333
7 0.46953125 0.07847222222222222 0.009375 0.034722222222222224
