7 0.528125 0.5756944444444444 0.01875 0.03194444444444444
7 0.54453125 0.49166666666666664 0.015625 0.030555555555555555
7 0.5640625 0.6333333333333333 0.01875 0.030555555555555555
7 0.471875 0.3263888888888889 0.0140625 0.025
7 0.5421875 0.34444444444444444 0.015625 0.041666666666666664
7 0.43046875 0.2833333333333333 0.0140625 0.025
7 0.565234375 0.3138888888888889 0.01328125 0.05555555555555555
7 0.566015625 0.35347222222222224 0.01171875 0.0375
7 0.26953125 0.3527777777777778 0.0125 0.030555555555555555
7 0.608203125 0.6798611111111111 0.01953125 0.043055555555555555
7 0.40234375 0.2361111111111111 0.0125 0.030555555555555555
7 0.30625 0.5798611111111112 0.0171875 0.029166666666666667
7 0.30390625 0.6354166666666666 0.015625 0.0375
7 0.285546875 0.32222222222222224 0.01015625 0.022222222222222223
7 0.273046875 0.16875 0.01171875 0.018055555555555554
7 0.252734375 0.16944444444444445 0.01015625 0.016666666666666666
7 0.2375 0.1736111111111111 0.015625 0.016666666666666666
7 0.53203125 0.2361111111111111 0.0125 0.025
7 0.54453125 0.25972222222222224 0.0140625 0.022222222222222223
7 0.60390625 0.7625 0.0125 0.030555555555555555
7 0.42421875 0.15416666666666667 0.009375 0.016666666666666666
7 0.408203125 0.13055555555555556 0.00859375 0.022222222222222223
7 0.515625 0.1 0.00625 0.025
7 0.484375 0.09583333333333334 0.00625 0.025
7 0.48984375 0.09444444444444444 0.00625 0.025
7 0.494921875 0.09513888888888888 0.00546875 0.02361111111111111
7 0.500390625 0.09513888888888888 0.00546875 0.02361111111111111
7 0.50703125 0.09722222222222222 0.00625 0.025
7 0.584375 0.33402777777777776 0.0140625 0.020833333333333332
7 0.14609375 0.3659722222222222 0.0078125 0.03194444444444444
7 0.199609375 0.31666666666666665 0.00859375 0.030555555555555555
7 0.151171875 0.36319444444444443 0.00859375 0.03194444444444444
7 0.16953125 0.34652777777777777 0.0078125 0.03194444444444444
7 0.2046875 0.3173611111111111 0.0078125 0.03194444444444444
7 0.251171875 0.29097222222222224 0.01015625 0.02638888888888889
7 0.37734375 0.14583333333333334 0.009375 0.022222222222222223
7 0.6765625 0.13194444444444445 0.0109375 0.03888888888888889
7 0.671484375 0.11944444444444445 0.00859375 0.027777777777777776
7 0.2296875 0.08194444444444444 0.009375 0.016666666666666666
