7 0.067578125 0.8694444444444445 0.01796875 0.06944444444444445
7 0.0828125 0.8486111111111111 0.0203125 0.08333333333333333
7 0.222265625 0.5868055555555556 0.02421875 0.07083333333333333
7 0.4328125 0.525 0.0234375 0.06388888888888888
7 0.519140625 0.60625 0.02109375 0.08194444444444444
7 0.455859375 0.6743055555555556 0.02890625 0.06527777777777778
7 0.320703125 0.2638888888888889 0.01328125 0.04722222222222222
7 0.365625 0.17083333333333334 0.0125 0.03611111111111111
7 0.469921875 0.2375 0.01328125 0.030555555555555555
7 0.46328125 0.20972222222222223 0.0140625 0.03888888888888889
7 0.493359375 0.030555555555555555 0.00859375 0.019444444444444445
