7 0.02109375 0.9402777777777778 0.0296875 0.09166666666666666
7 0.526171875 0.5451388888888888 0.02890625 0.0763888888888889
7 0.53125 0.3763888888888889 0.0171875 0.03888888888888889
7 0.395703125 0.46597222222222223 0.02421875 0.05416666666666667
7 0.436328125 0.3645833333333333 0.01953125 0.043055555555555555
7 0.4390625 0.3576388888888889 0.0140625 0.04027777777777778
7 0.33046875 0.25555555555555554 0.0140625 0.05
7 0.361328125 0.16319444444444445 0.01015625 0.0375
7 0.51328125 0.04236111111111111 0.00625 0.02361111111111111
7 0.52109375 0.035416666666666666 0.00625 0.02361111111111111
7 0.49609375 0.24861111111111112 0.0140625 0.041666666666666664
