7 0.4171875 0.3680555555555556 0.028125 0.09444444444444444
7 0.465234375 0.3298611111111111 0.02578125 0.09861111111111111
7 0.4296875 0.09861111111111111 0.0140625 0.03611111111111111
7 0.61875 0.16458333333333333 0.01875 0.0625
7 0.643359375 0.14305555555555555 0.01953125 0.05277777777777778
7 0.46015625 0.14305555555555555 0.015625 0.04722222222222222
7 0.478125 0.05555555555555555 0.0140625 0.03888888888888889
7 0.397265625 0.0875 0.01328125 0.03888888888888889
7 0.4765625 0.10416666666666667 0.0140625 0.03888888888888889
7 0.6578125 0.18472222222222223 0.021875 0.06666666666666667
7 0.6015625 0.12708333333333333 0.0125 0.05694444444444444
7 0.400390625 0.04097222222222222 0.01171875 0.02638888888888889
7 0.41171875 0.04652777777777778 0.0140625 0.029166666666666667
7 0.796875 0.1486111111111111 0.021875 0.03888888888888889
