7 0.184765625 0.24444444444444444 0.01796875 0.025
7 0.06640625 0.25555555555555554 0.0203125 0.05555555555555555
7 0.173046875 0.5791666666666667 0.02421875 0.03611111111111111
7 0.99296875 0.8097222222222222 0.0140625 0.07222222222222222
7 0.36171875 0.05486111111111111 0.0203125 0.029166666666666667
7 0.356640625 0.5673611111111111 0.02265625 0.05416666666666667
7 0.955859375 0.37222222222222223 0.01640625 0.030555555555555555
7 0.321875 0.5875 0.015625 0.03611111111111111
7 0.396484375 0.5111111111111111 0.00859375 0.016666666666666666
7 0.390234375 0.5506944444444445 0.01484375 0.02361111111111111
7 0.41953125 0.5027777777777778 0.0125 0.025
7 0.470703125 0.3951388888888889 0.01484375 0.029166666666666667
7 0.562890625 0.3423611111111111 0.01328125 0.02638888888888889
7 0.6 0.2361111111111111 0.015625 0.027777777777777776
7 0.44296875 0.48541666666666666 0.0171875 0.02638888888888889
7 0.438671875 0.5208333333333334 0.01484375 0.019444444444444445
7 0.45625 0.49930555555555556 0.0125 0.02361111111111111
7 0.50625 0.48333333333333334 0.0140625 0.03333333333333333
7 0.52578125 0.46319444444444446 0.0109375 0.02638888888888889
7 0.659375 0.40069444444444446 0.0140625 0.020833333333333332
7 0.68671875 0.5972222222222222 0.0140625 0.025
7 0.525 0.7395833333333334 0.0140625 0.03194444444444444
7 0.630078125 0.7993055555555556 0.01640625 0.029166666666666667
7 0.480859375 0.8090277777777778 0.01171875 0.02361111111111111
7 0.7734375 0.78125 0.015625 0.02638888888888889
7 0.776171875 0.45208333333333334 0.01328125 0.029166666666666667
7 0.71953125 0.41388888888888886 0.0140625 0.027777777777777776
7 0.93828125 0.31805555555555554 0.0140625 0.022222222222222223
7 0.884375 0.39305555555555555 0.015625 0.030555555555555555
7 0.951171875 0.21180555555555555 0.01640625 0.03194444444444444
7 0.82109375 0.13125 0.0125 0.020833333333333332
7 0.84375 0.1486111111111111 0.0109375 0.030555555555555555
7 0.837890625 0.19166666666666668 0.01328125 0.022222222222222223
7 0.995703125 0.3951388888888889 0.00703125 0.02638888888888889
7 0.12890625 0.7527777777777778 0.01875 0.03333333333333333
7 0.14921875 0.10138888888888889 0.015625 0.044444444444444446
7 0.2640625 0.05277777777777778 0.0109375 0.027777777777777776
7 0.575 0.027777777777777776 0.009375 0.022222222222222223
7 0.956640625 0.12708333333333333 0.01484375 0.02361111111111111
7 0.95546875 0.09027777777777778 0.0125 0.022222222222222223
7 0.4953125 0.5965277777777778 0.0171875 0.03194444444444444
7 0.536328125 0.19375 0.01484375 0.029166666666666667
7 0.680078125 0.4895833333333333 0.01171875 0.02361111111111111
7 0.68203125 0.4270833333333333 0.0125 0.02638888888888889
7 0.541015625 0.05625 0.01015625 0.020833333333333332
7 0.560546875 0.05486111111111111 0.01015625 0.02638888888888889
7 0.6625 0.4395833333333333 0.0140625 0.020833333333333332
7 0.662890625 0.4673611111111111 0.01796875 0.02361111111111111
7 0.68828125 0.5034722222222222 0.0109375 0.02361111111111111
7 0.6734375 0.7569444444444444 0.0296875 0.041666666666666664
