7 0.230078125 0.5757097791798107 0.04609375 0.11987381703470032
7 0.73984375 0.27681388012618297 0.0203125 0.052050473186119876
7 0.912109375 0.7862776025236593 0.05390625 0.1971608832807571
7 0.6859375 0.1529968454258675 0.0171875 0.04416403785488959
7 0.7171875 0.23107255520504733 0.01875 0.04889589905362776
7 0.440625 0.20741324921135645 0.021875 0.061514195583596214
7 0.482421875 0.02996845425867508 0.01171875 0.028391167192429023
7 0.5125 0.04968454258675079 0.0109375 0.033123028391167195
7 0.660546875 0.044952681388012616 0.01171875 0.026813880126182965
7 0.666796875 0.011829652996845425 0.01171875 0.02050473186119874
7 0.687109375 0.061514195583596214 0.01171875 0.028391167192429023
7 0.5 0.026813880126182965 0.0109375 0.025236593059936908
7 0.4390625 0.20741324921135645 0.01875 0.061514195583596214
