7 0.36484375 0.4479495268138801 0.028125 0.08832807570977919
7 0.383984375 0.24684542586750788 0.01953125 0.06782334384858044
7 0.71328125 0.20347003154574134 0.015625 0.05362776025236593
7 0.667578125 0.13012618296529968 0.01796875 0.04889589905362776
7 0.650390625 0.0583596214511041 0.01171875 0.022082018927444796
7 0.623828125 0.0946372239747634 0.01328125 0.04416403785488959
7 0.6328125 0.01498422712933754 0.0078125 0.026813880126182965
7 0.470703125 0.08438485804416404 0.00859375 0.03943217665615142
7 0.471875 0.07334384858044164 0.0109375 0.04258675078864353
7 0.541015625 0.06466876971608833 0.01171875 0.031545741324921134
7 0.50234375 0.056782334384858045 0.0109375 0.03470031545741325
7 0.507421875 0.008675078864353312 0.00859375 0.017350157728706624
7 0.497265625 0.01892744479495268 0.01015625 0.022082018927444796
