7 0.1515625 0.5208333333333334 0.0140625 0.08333333333333333
7 0.167578125 0.5194444444444445 0.01328125 0.08055555555555556
7 0.67578125 0.5173611111111112 0.01875 0.0625
7 0.685546875 0.6006944444444444 0.02109375 0.06527777777777778
7 0.1875 0.5215277777777778 0.0171875 0.07916666666666666
7 0.27265625 0.45694444444444443 0.0203125 0.05555555555555555
7 0.181640625 0.5097222222222222 0.01171875 0.08055555555555556
7 0.177734375 0.5006944444444444 0.01171875 0.0875
7 0.487890625 0.07152777777777777 0.00859375 0.02361111111111111
7 0.538671875 0.12222222222222222 0.00703125 0.03333333333333333
7 0.53515625 0.11458333333333333 0.00625 0.034722222222222224
7 0.52421875 0.11319444444444444 0.0078125 0.02638888888888889
7 0.64296875 0.35625 0.015625 0.04583333333333333
