7 0.616015625 0.7701388888888889 0.01328125 0.02361111111111111
7 0.56328125 0.7145833333333333 0.0125 0.02361111111111111
7 0.694140625 0.4201388888888889 0.00703125 0.0125
7 0.5953125 0.5173611111111112 0.0140625 0.02361111111111111
7 0.3625 0.8986111111111111 0.01875 0.025
7 0.45234375 0.5979166666666667 0.0125 0.018055555555555554
7 0.44140625 0.5861111111111111 0.0125 0.022222222222222223
7 0.388671875 0.6277777777777778 0.01328125 0.022222222222222223
7 0.36484375 0.7236111111111111 0.0109375 0.022222222222222223
7 0.3078125 0.7743055555555556 0.0125 0.02361111111111111
7 0.293359375 0.8708333333333333 0.01640625 0.030555555555555555
7 0.268359375 0.9284722222222223 0.01796875 0.02361111111111111
7 0.394921875 0.36180555555555555 0.00859375 0.018055555555555554
7 0.369921875 0.24513888888888888 0.00703125 0.0125
7 0.317578125 0.24791666666666667 0.00859375 0.015277777777777777
7 0.37109375 0.12361111111111112 0.00625 0.016666666666666666
7 0.355078125 0.11736111111111111 0.00546875 0.0125
7 0.359375 0.14444444444444443 0.0078125 0.013888888888888888
7 0.488671875 0.3576388888888889 0.00703125 0.015277777777777777
7 0.4984375 0.3541666666666667 0.009375 0.016666666666666666
7 0.51171875 0.36944444444444446 0.00625 0.016666666666666666
7 0.5046875 0.22430555555555556 0.0078125 0.0125
7 0.630859375 0.4444444444444444 0.00703125 0.03888888888888889
7 0.48125 0.3972222222222222 0.00625 0.016666666666666666
7 0.487109375 0.4513888888888889 0.00703125 0.016666666666666666
7 0.487109375 0.4513888888888889 0.00703125 0.016666666666666666
7 0.48671875 0.42569444444444443 0.0078125 0.015277777777777777
7 0.220703125 0.8048611111111111 0.01328125 0.034722222222222224
7 0.23046875 0.79375 0.009375 0.04027777777777778
7 0.29140625 0.7305555555555555 0.0109375 0.025
7 0.248046875 0.4951388888888889 0.00859375 0.029166666666666667
7 0.284765625 0.26666666666666666 0.00859375 0.022222222222222223
7 0.283203125 0.07361111111111111 0.00546875 0.019444444444444445
7 0.29453125 0.059722222222222225 0.0046875 0.013888888888888888
7 0.343359375 0.016666666666666666 0.00546875 0.011111111111111112
7 0.506640625 0.1798611111111111 0.00703125 0.0125
7 0.509765625 0.17083333333333334 0.00546875 0.013888888888888888
7 0.52109375 0.1701388888888889 0.00625 0.015277777777777777
7 0.519140625 0.13541666666666666 0.00546875 0.0125
7 0.515625 0.12638888888888888 0.00625 0.011111111111111112
7 0.4859375 0.05 0.00625 0.016666666666666666
7 0.473828125 0.10694444444444444 0.00546875 0.011111111111111112
7 0.4984375 0.09722222222222222 0.0046875 0.011111111111111112
7 0.570703125 0.1111111111111111 0.00546875 0.011111111111111112
7 0.732421875 0.21458333333333332 0.00703125 0.018055555555555554
7 0.7265625 0.21458333333333332 0.00625 0.018055555555555554
7 0.779296875 0.7131944444444445 0.00859375 0.03194444444444444
7 0.502734375 0.06180555555555556 0.00546875 0.0125
