7 0.68515625 0.4701388888888889 0.0078125 0.02361111111111111
7 0.781640625 0.8881944444444444 0.01484375 0.02638888888888889
7 0.109375 0.8048611111111111 0.0109375 0.04583333333333333
7 0.576171875 0.5659722222222222 0.01015625 0.02361111111111111
7 0.184765625 0.4305555555555556 0.00859375 0.03333333333333333
7 0.079296875 0.6472222222222223 0.01328125 0.05
7 0.589453125 0.43125 0.00859375 0.020833333333333332
7 0.6609375 0.34930555555555554 0.009375 0.018055555555555554
7 0.65546875 0.30625 0.0078125 0.020833333333333332
7 0.670703125 0.24097222222222223 0.00546875 0.020833333333333332
7 0.644921875 0.22708333333333333 0.00859375 0.015277777777777777
7 0.662890625 0.1840277777777778 0.00703125 0.020833333333333332
7 0.636328125 0.14930555555555555 0.00859375 0.02361111111111111
7 0.52890625 0.14166666666666666 0.0046875 0.016666666666666666
7 0.527734375 0.12152777777777778 0.00390625 0.0125
7 0.56015625 0.11597222222222223 0.0078125 0.015277777777777777
7 0.54453125 0.03333333333333333 0.00625 0.013888888888888888
7 0.531640625 0.03263888888888889 0.00546875 0.018055555555555554
7 0.465625 0.029166666666666667 0.0046875 0.011111111111111112
7 0.295703125 0.03819444444444445 0.00703125 0.015277777777777777
7 0.27421875 0.03888888888888889 0.00625 0.016666666666666666
7 0.559765625 0.8388888888888889 0.01484375 0.030555555555555555
7 0.503515625 0.47847222222222224 0.00859375 0.020833333333333332
7 0.47578125 0.45625 0.0109375 0.02638888888888889
7 0.456640625 0.28541666666666665 0.00859375 0.015277777777777777
7 0.6703125 0.3993055555555556 0.009375 0.018055555555555554
7 0.178515625 0.4305555555555556 0.00703125 0.03611111111111111
7 0.2359375 0.3020833333333333 0.009375 0.03194444444444444
7 0.099609375 0.9104166666666667 0.01328125 0.05416666666666667
7 0.094921875 0.8486111111111111 0.01015625 0.05277777777777778
7 0.10390625 0.8784722222222222 0.009375 0.059722222222222225
7 0.126953125 0.6180555555555556 0.01015625 0.05
7 0.143359375 0.35625 0.00859375 0.034722222222222224
7 0.6640625 0.25069444444444444 0.00625 0.034722222222222224
7 0.94140625 0.5236111111111111 0.0078125 0.016666666666666666
7 0.98125 0.5409722222222222 0.0078125 0.02638888888888889
7 0.95859375 0.5472222222222223 0.0078125 0.025
7 0.980078125 0.49166666666666664 0.01015625 0.044444444444444446
7 0.85859375 0.9506944444444444 0.0125 0.05694444444444444
7 0.865625 0.9104166666666667 0.009375 0.05694444444444444
