7 0.22734375 0.48055555555555557 0.0953125 0.33055555555555555
7 0.03828125 0.3020833333333333 0.0421875 0.1736111111111111
7 0.4109375 0.19444444444444445 0.01875 0.044444444444444446
7 0.453515625 0.18541666666666667 0.01328125 0.04027777777777778
7 0.58125 0.25555555555555554 0.015625 0.030555555555555555
7 0.59765625 0.2326388888888889 0.0140625 0.029166666666666667
7 0.63046875 0.40347222222222223 0.0234375 0.0625
7 0.756640625 0.14652777777777778 0.01796875 0.02638888888888889
7 0.6640625 0.16180555555555556 0.0109375 0.020833333333333332
7 0.576953125 0.30625 0.02109375 0.04027777777777778
7 0.555078125 0.23194444444444445 0.01171875 0.019444444444444445
