7 0.344 0.3264150943396226 0.042 0.09811320754716982
7 0.177 0.47452830188679246 0.052 0.09245283018867924
7 0.7285 0.6188679245283019 0.055 0.1509433962264151
7 0.407 0.1641509433962264 0.03 0.06037735849056604
7 0.8345 0.16981132075471697 0.027 0.06037735849056604
7 0.346 0.15188679245283018 0.026 0.05471698113207547
7 0.472 0.0660377358490566 0.022 0.045283018867924525
7 0.4435 0.05849056603773585 0.023 0.04150943396226415
7 0.808 0.06320754716981132 0.024 0.035849056603773584
7 0.7915 0.12075471698113208 0.029 0.052830188679245285
7 0.9525 0.2509433962264151 0.037 0.04905660377358491
