7 0.40078125 0.4215277777777778 0.021875 0.043055555555555555
7 0.513671875 0.6152777777777778 0.02890625 0.07777777777777778
7 0.55 0.3902777777777778 0.025 0.05555555555555555
7 0.539453125 0.17291666666666666 0.01171875 0.04027777777777778
7 0.486328125 0.14722222222222223 0.00859375 0.03611111111111111
7 0.455859375 0.14166666666666666 0.00703125 0.03333333333333333
7 0.554296875 0.10347222222222222 0.00859375 0.02361111111111111
7 0.55078125 0.10138888888888889 0.0078125 0.022222222222222223
7 0.537109375 0.14375 0.01328125 0.029166666666666667
7 0.568359375 0.08263888888888889 0.01015625 0.029166666666666667
7 0.526953125 0.04861111111111111 0.00859375 0.025
7 0.550390625 0.3902777777777778 0.02421875 0.05
