7 0.253125 0.4895833333333333 0.01875 0.0875
7 0.68203125 0.30069444444444443 0.0140625 0.04027777777777778
7 0.4109375 0.4756944444444444 0.015625 0.06527777777777778
7 0.810546875 0.7034722222222223 0.02890625 0.07083333333333333
7 0.22890625 0.49722222222222223 0.0125 0.075
7 0.23671875 0.48125 0.0140625 0.08472222222222223
7 0.727734375 0.29930555555555555 0.01171875 0.05694444444444444
7 0.617578125 0.21458333333333332 0.01484375 0.029166666666666667
7 0.56015625 0.05625 0.0078125 0.03194444444444444
7 0.591015625 0.08888888888888889 0.01015625 0.030555555555555555
7 0.598046875 0.09444444444444444 0.00703125 0.03333333333333333
