7 0.388671875 0.8722222222222222 0.01796875 0.030555555555555555
7 0.59453125 0.7215277777777778 0.015625 0.0375
7 0.55859375 0.6798611111111111 0.0140625 0.02638888888888889
7 0.53515625 0.6326388888888889 0.0125 0.0375
7 0.4953125 0.6229166666666667 0.0125 0.034722222222222224
7 0.618359375 0.5833333333333334 0.01015625 0.022222222222222223
7 0.648046875 0.5784722222222223 0.01171875 0.02361111111111111
7 0.648046875 0.6069444444444444 0.01328125 0.027777777777777776
7 0.6609375 0.6645833333333333 0.0109375 0.02638888888888889
7 0.6671875 0.6958333333333333 0.009375 0.025
7 0.676953125 0.6638888888888889 0.01015625 0.025
7 0.3796875 0.5972222222222222 0.015625 0.03611111111111111
7 0.364453125 0.5645833333333333 0.01171875 0.03194444444444444
7 0.352734375 0.4875 0.01171875 0.030555555555555555
7 0.507421875 0.39166666666666666 0.01171875 0.030555555555555555
7 0.449609375 0.2520833333333333 0.00703125 0.020833333333333332
7 0.48046875 0.28958333333333336 0.00625 0.020833333333333332
7 0.474609375 0.32222222222222224 0.00703125 0.022222222222222223
7 0.478515625 0.35555555555555557 0.01015625 0.022222222222222223
7 0.49296875 0.23541666666666666 0.00625 0.020833333333333332
7 0.5109375 0.20625 0.00625 0.020833333333333332
7 0.50625 0.21736111111111112 0.00625 0.015277777777777777
7 0.30625 0.28125 0.00625 0.02638888888888889
7 0.3015625 0.2777777777777778 0.00625 0.025
7 0.301171875 0.3090277777777778 0.00703125 0.02638888888888889
7 0.280078125 0.34652777777777777 0.00703125 0.02638888888888889
7 0.326171875 0.18888888888888888 0.00703125 0.016666666666666666
7 0.4109375 0.1326388888888889 0.0046875 0.0125
7 0.39765625 0.12083333333333333 0.0046875 0.013888888888888888
7 0.40078125 0.10486111111111111 0.0046875 0.0125
7 0.45546875 0.12152777777777778 0.0046875 0.0125
7 0.40078125 0.07152777777777777 0.0046875 0.0125
7 0.341796875 0.07430555555555556 0.00546875 0.0125
7 0.283203125 0.31875 0.00703125 0.020833333333333332
7 0.30546875 0.3388888888888889 0.00625 0.025
7 0.30546875 0.3263888888888889 0.00625 0.022222222222222223
7 0.30625 0.2375 0.0078125 0.027777777777777776
7 0.25078125 0.030555555555555555 0.0046875 0.016666666666666666
7 0.254296875 0.02847222222222222 0.00390625 0.015277777777777777
7 0.340625 0.30625 0.0109375 0.020833333333333332
7 0.3578125 0.35 0.009375 0.019444444444444445
7 0.345703125 0.36736111111111114 0.01015625 0.020833333333333332
7 0.363671875 0.3729166666666667 0.01015625 0.020833333333333332
7 0.401171875 0.015277777777777777 0.00546875 0.011111111111111112
7 0.496875 0.13402777777777777 0.00625 0.020833333333333332
7 0.50546875 0.16666666666666666 0.00625 0.022222222222222223
7 0.488671875 0.1638888888888889 0.00703125 0.016666666666666666
7 0.4359375 0.021527777777777778 0.0078125 0.015277777777777777
