7 0.670703125 0.4979166666666667 0.03203125 0.04861111111111111
7 0.738671875 0.38055555555555554 0.01640625 0.025
7 0.739453125 0.3645833333333333 0.01484375 0.029166666666666667
7 0.5875 0.26875 0.015625 0.02361111111111111
7 0.61953125 0.2861111111111111 0.015625 0.025
7 0.679296875 0.08958333333333333 0.01015625 0.02361111111111111
7 0.74921875 0.09861111111111111 0.0109375 0.013888888888888888
7 0.494140625 0.32569444444444445 0.01171875 0.04861111111111111
7 0.498828125 0.3402777777777778 0.01328125 0.05
7 0.51484375 0.33958333333333335 0.0125 0.04583333333333333
7 0.526171875 0.9652777777777778 0.04609375 0.05555555555555555
7 0.92734375 0.46875 0.01875 0.043055555555555555
