7 0.6484375 0.8979166666666667 0.0265625 0.06805555555555555
7 0.725 0.9506944444444444 0.028125 0.07916666666666666
7 0.218359375 0.55 0.01171875 0.08611111111111111
7 0.191796875 0.5666666666666667 0.01328125 0.07777777777777778
7 0.62265625 0.5388888888888889 0.021875 0.058333333333333334
7 0.2109375 0.5597222222222222 0.0171875 0.08333333333333333
7 0.372265625 0.23541666666666666 0.01015625 0.03194444444444444
7 0.571875 0.4013888888888889 0.0140625 0.044444444444444446
7 0.605078125 0.5881944444444445 0.01640625 0.05416666666666667
7 0.19453125 0.5611111111111111 0.0109375 0.08055555555555556
7 0.1984375 0.5520833333333334 0.009375 0.0875
7 0.205078125 0.5444444444444444 0.01171875 0.08611111111111111
7 0.409765625 0.15 0.00859375 0.030555555555555555
7 0.49453125 0.08402777777777778 0.0078125 0.018055555555555554
7 0.479296875 0.08125 0.00703125 0.018055555555555554
7 0.49609375 0.14166666666666666 0.009375 0.022222222222222223
7 0.55390625 0.15694444444444444 0.0078125 0.027777777777777776
