7 0.641015625 0.4513888888888889 0.02421875 0.03888888888888889
7 0.907421875 0.7409722222222223 0.02890625 0.0375
7 0.96328125 0.7722222222222223 0.025 0.06111111111111111
7 0.58671875 0.38958333333333334 0.0203125 0.029166666666666667
7 0.37578125 0.5770833333333333 0.01875 0.059722222222222225
7 0.33046875 0.53125 0.0171875 0.0375
7 0.3203125 0.09236111111111112 0.0171875 0.0375
7 0.562890625 0.23194444444444445 0.01484375 0.03333333333333333
7 0.341796875 0.6222222222222222 0.02109375 0.03611111111111111
7 0.33125 0.4361111111111111 0.0140625 0.030555555555555555
7 0.74453125 0.9673611111111111 0.03125 0.04861111111111111
7 0.51796875 0.1986111111111111 0.015625 0.03333333333333333
7 0.26953125 0.25833333333333336 0.0171875 0.027777777777777776
7 0.266015625 0.13472222222222222 0.01640625 0.03333333333333333
7 0.8734375 0.5972222222222222 0.01875 0.03611111111111111
7 0.451171875 0.9736111111111111 0.02890625 0.05
7 0.596484375 0.06527777777777778 0.01171875 0.027777777777777776
7 0.673828125 0.04652777777777778 0.01015625 0.034722222222222224
7 0.775 0.13680555555555557 0.009375 0.0375
7 0.606640625 0.07083333333333333 0.01171875 0.027777777777777776
7 0.198828125 0.6548611111111111 0.01796875 0.06527777777777778
