7 0.184765625 0.5215277777777778 0.01796875 0.08194444444444444
7 0.62578125 0.5236111111111111 0.021875 0.06111111111111111
7 0.5609375 0.24930555555555556 0.0109375 0.0375
7 0.162109375 0.5215277777777778 0.01171875 0.0763888888888889
7 0.151171875 0.5229166666666667 0.01328125 0.08194444444444444
7 0.20390625 0.89375 0.03125 0.08194444444444444
7 0.5390625 0.2375 0.0109375 0.03611111111111111
7 0.18125 0.5104166666666666 0.015625 0.07916666666666666
7 0.176171875 0.5027777777777778 0.01171875 0.08611111111111111
7 0.166796875 0.5118055555555555 0.01328125 0.08472222222222223
7 0.363671875 0.11666666666666667 0.01171875 0.030555555555555555
7 0.490234375 0.03125 0.00703125 0.020833333333333332
7 0.524609375 0.1125 0.00703125 0.025
7 0.534375 0.12291666666666666 0.00625 0.03194444444444444
7 0.741015625 0.5368055555555555 0.01953125 0.05416666666666667
