7 0.060546875 0.44583333333333336 0.02109375 0.05277777777777778
7 0.141796875 0.39305555555555555 0.02109375 0.027777777777777776
7 0.3265625 0.4736111111111111 0.0203125 0.044444444444444446
7 0.59921875 0.3645833333333333 0.0203125 0.03194444444444444
7 0.08984375 0.30416666666666664 0.01875 0.03333333333333333
7 0.12421875 0.3576388888888889 0.009375 0.0375
7 0.1859375 0.10069444444444445 0.00625 0.02361111111111111
7 0.234375 0.14444444444444443 0.0140625 0.022222222222222223
7 0.2484375 0.1701388888888889 0.009375 0.02361111111111111
7 0.204296875 0.059027777777777776 0.00546875 0.015277777777777777
7 0.092578125 0.09027777777777778 0.01796875 0.05555555555555555
7 0.080859375 0.08194444444444444 0.01953125 0.058333333333333334
7 0.840234375 0.26944444444444443 0.01953125 0.022222222222222223
7 0.9453125 0.39861111111111114 0.015625 0.03888888888888889
7 0.927734375 0.1875 0.01640625 0.03611111111111111
7 0.9609375 0.6020833333333333 0.0203125 0.020833333333333332
7 0.93203125 0.43472222222222223 0.009375 0.03333333333333333
7 0.7578125 0.05625 0.0125 0.02638888888888889
7 0.4875 0.7513888888888889 0.01875 0.03611111111111111
7 0.5453125 0.6930555555555555 0.01875 0.03333333333333333
7 0.877734375 0.7409722222222223 0.01953125 0.034722222222222224
7 0.544140625 0.20555555555555555 0.00859375 0.025
7 0.35546875 0.5652777777777778 0.00625 0.025
7 0.400390625 0.6291666666666667 0.01953125 0.03333333333333333
7 0.42265625 0.6541666666666667 0.015625 0.03333333333333333
7 0.41796875 0.7319444444444444 0.0125 0.03333333333333333
7 0.42265625 0.7979166666666667 0.0125 0.029166666666666667
7 0.33359375 0.6993055555555555 0.0109375 0.029166666666666667
7 0.3140625 0.6909722222222222 0.0171875 0.029166666666666667
7 0.364453125 0.6451388888888889 0.01171875 0.029166666666666667
7 0.366015625 0.5986111111111111 0.01484375 0.041666666666666664
7 0.658984375 0.8270833333333333 0.02265625 0.034722222222222224
7 0.683203125 0.3729166666666667 0.02109375 0.03194444444444444
7 0.128515625 0.07083333333333333 0.02109375 0.05555555555555555
7 0.965234375 0.54375 0.02421875 0.0375
7 0.944921875 0.08472222222222223 0.01796875 0.03611111111111111
