7 0.4703125 0.18680555555555556 0.0375 0.1125
7 0.650390625 0.13541666666666666 0.02265625 0.09583333333333334
7 0.72734375 0.06944444444444445 0.03125 0.09166666666666666
7 0.101953125 0.4222222222222222 0.05703125 0.10277777777777777
7 0.551171875 0.10694444444444444 0.02265625 0.10555555555555556
7 0.810546875 0.09513888888888888 0.03359375 0.09027777777777778
7 0.576953125 0.11875 0.03203125 0.09027777777777778
7 0.772265625 0.029861111111111113 0.02421875 0.059722222222222225
7 0.5890625 0.11805555555555555 0.025 0.08888888888888889
7 0.6390625 0.1375 0.0359375 0.1
7 0.819921875 0.08541666666666667 0.02421875 0.10138888888888889
