7 0.24140625 0.56875 0.0171875 0.08472222222222223
7 0.3828125 0.4388888888888889 0.015625 0.05277777777777778
7 0.834765625 0.7430555555555556 0.02578125 0.075
7 0.51875 0.08472222222222223 0.00625 0.019444444444444445
7 0.222265625 0.56875 0.01171875 0.07916666666666666
7 0.569140625 0.32013888888888886 0.01171875 0.034722222222222224
7 0.219140625 0.5791666666666667 0.01484375 0.07222222222222222
7 0.244140625 0.5583333333333333 0.01640625 0.08333333333333333
7 0.226171875 0.5597222222222222 0.01015625 0.08611111111111111
7 0.233203125 0.5548611111111111 0.01328125 0.08472222222222223
7 0.532421875 0.05625 0.00703125 0.018055555555555554
7 0.51953125 0.05347222222222222 0.0078125 0.018055555555555554
7 0.5078125 0.14375 0.009375 0.018055555555555554
7 0.583984375 0.16111111111111112 0.00703125 0.03333333333333333
7 0.589453125 0.16805555555555557 0.00703125 0.03611111111111111
7 0.709765625 0.3347222222222222 0.01328125 0.041666666666666664
