7 0.141015625 0.4722222222222222 0.01640625 0.08055555555555556
7 0.159765625 0.4756944444444444 0.01328125 0.08194444444444444
7 0.12265625 0.4777777777777778 0.0140625 0.08333333333333333
7 0.33515625 0.29444444444444445 0.0109375 0.058333333333333334
7 0.664453125 0.47638888888888886 0.01953125 0.06111111111111111
7 0.905859375 0.9618055555555556 0.03828125 0.06527777777777778
7 0.708984375 0.4625 0.01484375 0.058333333333333334
7 0.165234375 0.46111111111111114 0.01484375 0.08611111111111111
7 0.144921875 0.45208333333333334 0.01796875 0.08194444444444444
7 0.471875 0.02013888888888889 0.00625 0.020833333333333332
7 0.47890625 0.04791666666666667 0.00625 0.015277777777777777
7 0.51171875 0.06458333333333334 0.0078125 0.034722222222222224
