7 0.165625 0.6076388888888888 0.015625 0.08194444444444444
7 0.184765625 0.6069444444444444 0.01484375 0.08888888888888889
7 0.156640625 0.6201388888888889 0.01484375 0.08194444444444444
7 0.53359375 0.28125 0.0109375 0.034722222222222224
7 0.172265625 0.5819444444444445 0.01484375 0.08333333333333333
7 0.188671875 0.5861111111111111 0.01328125 0.08888888888888889
7 0.167578125 0.5930555555555556 0.01484375 0.08333333333333333
7 0.47578125 0.08055555555555556 0.00625 0.016666666666666666
7 0.482421875 0.12569444444444444 0.00859375 0.020833333333333332
7 0.538671875 0.2111111111111111 0.00703125 0.025
