7 0.5065 0.30660377358490565 0.043 0.1
7 0.532 0.35283018867924526 0.038 0.10566037735849057
7 0.2215 0.4009433962264151 0.045 0.10754716981132076
7 0.9215 0.35566037735849054 0.045 0.08490566037735849
7 0.41 0.11226415094339623 0.024 0.04339622641509434
7 0.519 0.1009433962264151 0.022 0.04716981132075472
7 0.922 0.3584905660377358 0.042 0.07924528301886792
7 0.5705 0.07924528301886792 0.027 0.05660377358490566
7 0.5065 0.07641509433962264 0.021 0.03962264150943396
7 0.4555 0.09433962264150944 0.027 0.04905660377358491
