7 0.476171875 0.3861111111111111 0.01484375 0.030555555555555555
7 0.57578125 0.7180555555555556 0.0203125 0.041666666666666664
7 0.298828125 0.8333333333333334 0.01953125 0.03333333333333333
7 0.35859375 0.15763888888888888 0.0109375 0.020833333333333332
7 0.33984375 0.1597222222222222 0.0109375 0.019444444444444445
7 0.32734375 0.9180555555555555 0.0140625 0.03611111111111111
7 0.29609375 0.7145833333333333 0.0109375 0.02638888888888889
7 0.257421875 0.44166666666666665 0.01015625 0.022222222222222223
7 0.294140625 0.35208333333333336 0.00703125 0.02361111111111111
7 0.501171875 0.26319444444444445 0.01015625 0.02361111111111111
7 0.51640625 0.24097222222222223 0.009375 0.020833333333333332
7 0.519140625 0.30833333333333335 0.01015625 0.019444444444444445
7 0.382421875 0.13125 0.00703125 0.020833333333333332
7 0.33984375 0.07013888888888889 0.0109375 0.018055555555555554
7 0.368359375 0.09097222222222222 0.00859375 0.015277777777777777
7 0.4328125 0.08472222222222223 0.009375 0.019444444444444445
7 0.376171875 0.15694444444444444 0.01015625 0.019444444444444445
7 0.214453125 0.08819444444444445 0.00703125 0.015277777777777777
7 0.257421875 0.03819444444444445 0.00859375 0.018055555555555554
7 0.219921875 0.059722222222222225 0.00859375 0.019444444444444445
7 0.215625 0.04097222222222222 0.009375 0.0125
7 0.1359375 0.375 0.0078125 0.030555555555555555
7 0.144921875 0.37430555555555556 0.00859375 0.03194444444444444
7 0.189453125 0.33958333333333335 0.00859375 0.03194444444444444
7 0.143359375 0.3715277777777778 0.00859375 0.03194444444444444
