7 0.553125 0.75625 0.0109375 0.02638888888888889
7 0.68203125 0.7722222222222223 0.0109375 0.025
7 0.700390625 0.8159722222222222 0.01171875 0.02638888888888889
7 0.62265625 0.8618055555555556 0.0125 0.020833333333333332
7 0.18125 0.6444444444444445 0.009375 0.022222222222222223
7 0.053125 0.7326388888888888 0.0109375 0.029166666666666667
7 0.056640625 0.7180555555555556 0.01171875 0.025
7 0.0734375 0.5534722222222223 0.0109375 0.03194444444444444
7 0.050390625 0.4951388888888889 0.01171875 0.03194444444444444
7 0.05625 0.4756944444444444 0.0109375 0.03194444444444444
7 0.076953125 0.46875 0.01171875 0.03194444444444444
7 0.039453125 0.5069444444444444 0.01171875 0.030555555555555555
7 0.179296875 0.3333333333333333 0.01015625 0.027777777777777776
7 0.3046875 0.3736111111111111 0.0078125 0.016666666666666666
7 0.3359375 0.26666666666666666 0.0078125 0.016666666666666666
7 0.35703125 0.08333333333333333 0.0046875 0.013888888888888888
7 0.3625 0.07916666666666666 0.0046875 0.013888888888888888
7 0.3734375 0.06666666666666667 0.0046875 0.013888888888888888
7 0.372265625 0.03888888888888889 0.00546875 0.013888888888888888
7 0.35390625 0.06458333333333334 0.0046875 0.018055555555555554
7 0.487109375 0.15069444444444444 0.00390625 0.009722222222222222
7 0.4609375 0.19027777777777777 0.0046875 0.011111111111111112
7 0.46875 0.1986111111111111 0.0046875 0.011111111111111112
7 0.52109375 0.3645833333333333 0.0046875 0.0125
7 0.569140625 0.32430555555555557 0.00703125 0.02361111111111111
7 0.494140625 0.47430555555555554 0.00703125 0.02361111111111111
7 0.590234375 0.7076388888888889 0.01171875 0.02638888888888889
7 0.633984375 0.8395833333333333 0.01171875 0.018055555555555554
7 0.581640625 0.6770833333333334 0.01171875 0.02638888888888889
7 0.6359375 0.8020833333333334 0.0125 0.018055555555555554
7 0.608203125 0.8284722222222223 0.01171875 0.020833333333333332
7 0.59453125 0.8159722222222222 0.0125 0.020833333333333332
7 0.590234375 0.7423611111111111 0.01171875 0.020833333333333332
7 0.58515625 0.85 0.0125 0.019444444444444445
7 0.583984375 0.6465277777777778 0.01171875 0.02638888888888889
7 0.68203125 0.42569444444444443 0.00625 0.015277777777777777
7 0.715234375 0.8076388888888889 0.01171875 0.02638888888888889
7 0.72109375 0.76875 0.0109375 0.02638888888888889
7 0.742578125 0.6909722222222222 0.01171875 0.02638888888888889
7 0.434765625 0.8263888888888888 0.01171875 0.03611111111111111
7 0.34375 0.8208333333333333 0.0109375 0.03611111111111111
7 0.641015625 0.8895833333333333 0.01171875 0.020833333333333332
7 0.12109375 0.19652777777777777 0.0078125 0.02361111111111111
7 0.218359375 0.40069444444444446 0.00859375 0.02361111111111111
7 0.36953125 0.0125 0.00625 0.011111111111111112
7 0.096875 0.6340277777777777 0.015625 0.03194444444444444
7 0.612890625 0.3263888888888889 0.00859375 0.016666666666666666
7 0.605859375 0.3104166666666667 0.00859375 0.015277777777777777
7 0.46640625 0.09166666666666666 0.00625 0.013888888888888888
7 0.437890625 0.03333333333333333 0.00703125 0.03333333333333333
