7 0.273828125 0.7452681388012619 0.04453125 0.14037854889589904
7 0.656640625 0.09936908517350158 0.01640625 0.04100946372239748
7 0.34375 0.3383280757097792 0.0203125 0.083596214511041
7 0.70390625 0.16009463722397477 0.0171875 0.04258675078864353
7 0.619140625 0.06072555205047318 0.01171875 0.02365930599369085
7 0.64375 0.0417981072555205 0.0109375 0.02365930599369085
7 0.459765625 0.09227129337539432 0.01328125 0.04258675078864353
7 0.5375 0.08517350157728706 0.0125 0.028391167192429023
7 0.494921875 0.07570977917981073 0.01171875 0.03470031545741325
7 0.491796875 0.026813880126182965 0.01015625 0.025236593059936908
7 0.497265625 0.013406940063091483 0.01015625 0.02365930599369085
7 0.54296875 0.02050473186119874 0.0109375 0.025236593059936908
7 0.551171875 0.011041009463722398 0.00859375 0.022082018927444796
