7 0.123046875 0.5770833333333333 0.01484375 0.06805555555555555
7 0.15078125 0.5736111111111111 0.0140625 0.08333333333333333
7 0.741015625 0.8111111111111111 0.02578125 0.08055555555555556
7 0.13671875 0.575 0.0109375 0.07222222222222222
7 0.88046875 0.9763888888888889 0.0234375 0.03611111111111111
7 0.694921875 0.22361111111111112 0.01015625 0.05277777777777778
7 0.154296875 0.5645833333333333 0.01796875 0.08194444444444444
7 0.141796875 0.5256944444444445 0.01171875 0.02638888888888889
7 0.5125 0.21180555555555555 0.009375 0.020833333333333332
7 0.5171875 0.2611111111111111 0.0125 0.03611111111111111
7 0.469140625 0.3423611111111111 0.01328125 0.0375
7 0.51328125 0.17291666666666666 0.0078125 0.04027777777777778
