7 0.607421875 0.4652777777777778 0.03984375 0.08888888888888889
7 0.38984375 0.9173611111111111 0.0671875 0.15138888888888888
7 0.515625 0.3819444444444444 0.0359375 0.10277777777777777
7 0.3765625 0.09166666666666666 0.0171875 0.03333333333333333
7 0.616796875 0.09236111111111112 0.01328125 0.04027777777777778
7 0.6828125 0.22291666666666668 0.0234375 0.0763888888888889
7 0.933203125 0.8423611111111111 0.05078125 0.2263888888888889
7 0.9828125 0.7097222222222223 0.0296875 0.125
7 0.959375 0.8576388888888888 0.0609375 0.2013888888888889
7 0.546484375 0.04652777777777778 0.01484375 0.0375
7 0.6109375 0.4895833333333333 0.040625 0.1125
