7 0.16328125 0.5215277777777778 0.015625 0.0763888888888889
7 0.184765625 0.5236111111111111 0.01640625 0.08611111111111111
7 0.146484375 0.5215277777777778 0.01328125 0.08194444444444444
7 0.59375 0.7569444444444444 0.025 0.06666666666666667
7 0.18046875 0.5104166666666666 0.015625 0.07916666666666666
7 0.172265625 0.5027777777777778 0.01484375 0.08333333333333333
7 0.16015625 0.4840277777777778 0.009375 0.029166666666666667
7 0.31640625 0.2534722222222222 0.0125 0.034722222222222224
7 0.483203125 0.09861111111111111 0.00859375 0.025
7 0.53125 0.12708333333333333 0.00625 0.03194444444444444
7 0.591796875 0.7479166666666667 0.02421875 0.06805555555555555
