7 0.2328125 0.5958333333333333 0.0171875 0.08055555555555556
7 0.204296875 0.5930555555555556 0.01328125 0.075
7 0.215625 0.5944444444444444 0.0125 0.07777777777777778
7 0.50546875 0.09236111111111112 0.00625 0.018055555555555554
7 0.22734375 0.54375 0.015625 0.04861111111111111
7 0.251171875 0.5729166666666666 0.01328125 0.07916666666666666
7 0.220703125 0.5777777777777777 0.01328125 0.08333333333333333
7 0.492578125 0.11319444444444444 0.00703125 0.020833333333333332
7 0.512890625 0.16805555555555557 0.01015625 0.019444444444444445
7 0.578515625 0.18680555555555556 0.00703125 0.02361111111111111
