7 0.272265625 0.6784722222222223 0.01796875 0.02638888888888889
7 0.18671875 0.29930555555555555 0.0125 0.03194444444444444
7 0.27421875 0.30069444444444443 0.0140625 0.029166666666666667
7 0.29140625 0.26875 0.0125 0.029166666666666667
7 0.333203125 0.10555555555555556 0.01015625 0.019444444444444445
7 0.323046875 0.14166666666666666 0.01171875 0.016666666666666666
7 0.498046875 0.7826388888888889 0.01171875 0.05416666666666667
7 0.598828125 0.7625 0.01640625 0.019444444444444445
7 0.50703125 0.5736111111111111 0.0125 0.025
7 0.5265625 0.6798611111111111 0.0109375 0.029166666666666667
7 0.845703125 0.7263888888888889 0.01484375 0.027777777777777776
7 0.926953125 0.64375 0.01484375 0.05416666666666667
7 0.853515625 0.6409722222222223 0.01484375 0.0375
7 0.851953125 0.7770833333333333 0.01484375 0.02638888888888889
7 0.635546875 0.5784722222222223 0.01171875 0.02361111111111111
7 0.623046875 0.7277777777777777 0.01640625 0.025
7 0.441015625 0.49027777777777776 0.01015625 0.025
7 0.393359375 0.5444444444444444 0.01328125 0.022222222222222223
7 0.499609375 0.36666666666666664 0.01171875 0.025
7 0.55234375 0.3458333333333333 0.0078125 0.022222222222222223
7 0.62109375 0.38680555555555557 0.0078125 0.02361111111111111
7 0.6203125 0.42777777777777776 0.0109375 0.016666666666666666
7 0.640625 0.4083333333333333 0.009375 0.025
7 0.687109375 0.4395833333333333 0.01328125 0.020833333333333332
7 0.460546875 0.4875 0.01015625 0.019444444444444445
7 0.419921875 0.5208333333333334 0.01171875 0.025
7 0.8765625 0.48680555555555555 0.0140625 0.02361111111111111
7 0.765625 0.3951388888888889 0.009375 0.020833333333333332
7 0.785546875 0.2923611111111111 0.00859375 0.020833333333333332
7 0.80859375 0.3333333333333333 0.009375 0.016666666666666666
7 0.840234375 0.36666666666666664 0.01015625 0.019444444444444445
7 0.777734375 0.36736111111111114 0.01015625 0.020833333333333332
7 0.8703125 0.2548611111111111 0.009375 0.020833333333333332
7 0.144921875 0.30625 0.00859375 0.03194444444444444
7 0.28125 0.11944444444444445 0.0078125 0.03611111111111111
7 0.441015625 0.5208333333333334 0.01015625 0.025
7 0.48125 0.49236111111111114 0.0078125 0.02361111111111111
7 0.4734375 0.47291666666666665 0.0078125 0.02638888888888889
7 0.46875 0.5055555555555555 0.0078125 0.016666666666666666
7 0.51484375 0.4756944444444444 0.009375 0.02361111111111111
7 0.5265625 0.46319444444444446 0.0109375 0.02361111111111111
7 0.812109375 0.18958333333333333 0.00859375 0.020833333333333332
7 0.8640625 0.14444444444444443 0.009375 0.022222222222222223
7 0.81640625 0.1284722222222222 0.009375 0.020833333333333332
7 0.891015625 0.19652777777777777 0.01015625 0.043055555555555555
7 0.742578125 0.15902777777777777 0.00859375 0.018055555555555554
7 0.73359375 0.19791666666666666 0.009375 0.020833333333333332
7 0.73046875 0.14097222222222222 0.0078125 0.015277777777777777
7 0.743359375 0.10555555555555556 0.00703125 0.03611111111111111
7 0.751171875 0.09513888888888888 0.00703125 0.0375
7 0.907421875 0.32569444444444445 0.01015625 0.04861111111111111
7 0.888671875 0.04652777777777778 0.00546875 0.034722222222222224
7 0.8484375 0.04097222222222222 0.00625 0.015277777777777777
7 0.571875 0.04236111111111111 0.0078125 0.018055555555555554
7 0.64453125 0.009722222222222222 0.0078125 0.016666666666666666
7 0.587109375 0.009722222222222222 0.01015625 0.016666666666666666
7 0.545703125 0.06597222222222222 0.00859375 0.015277777777777777
7 0.5609375 0.06180555555555556 0.0078125 0.015277777777777777
7 0.659765625 0.41458333333333336 0.01015625 0.02361111111111111
7 0.40234375 0.11388888888888889 0.0109375 0.030555555555555555
7 0.453515625 0.009027777777777777 0.01015625 0.018055555555555554
7 0.579296875 0.2375 0.01015625 0.025
7 0.814453125 0.011111111111111112 0.00859375 0.022222222222222223
7 0.099609375 0.3548611111111111 0.01328125 0.04861111111111111
