7 0.931640625 0.4701388888888889 0.04140625 0.11527777777777778
7 0.7671875 0.31319444444444444 0.021875 0.09583333333333334
7 0.433984375 0.0875 0.01640625 0.03888888888888889
7 0.60390625 0.0798611111111111 0.0109375 0.04583333333333333
7 0.408203125 0.08263888888888889 0.01640625 0.04583333333333333
7 0.976171875 0.5680555555555555 0.04765625 0.13055555555555556
7 0.7171875 0.26666666666666666 0.0265625 0.06944444444444445
7 0.65234375 0.11597222222222223 0.0125 0.018055555555555554
7 0.7796875 0.31666666666666665 0.028125 0.10555555555555556
7 0.58359375 0.08055555555555556 0.0125 0.03611111111111111
7 0.442578125 0.03611111111111111 0.01328125 0.025
7 0.584765625 0.0763888888888889 0.01484375 0.03333333333333333
7 0.427734375 0.017361111111111112 0.01015625 0.029166666666666667
7 0.841796875 0.17847222222222223 0.02578125 0.05138888888888889
7 0.663671875 0.21736111111111112 0.02578125 0.043055555555555555
