7 0.128125 0.8485804416403786 0.040625 0.17981072555205047
7 0.755078125 0.3391167192429022 0.02734375 0.06624605678233439
7 0.693359375 0.24290220820189273 0.01328125 0.0694006309148265
7 0.6640625 0.21451104100946372 0.015625 0.03785488958990536
7 0.623828125 0.08990536277602523 0.01171875 0.025236593059936908
7 0.440625 0.20031545741324921 0.015625 0.04100946372239748
7 0.70234375 0.2302839116719243 0.015625 0.04100946372239748
7 0.11171875 0.8533123028391167 0.05 0.17034700315457413
7 0.445703125 0.19558359621451105 0.01171875 0.03470031545741325
7 0.500390625 0.14511041009463724 0.01328125 0.03470031545741325
7 0.54765625 0.1892744479495268 0.0171875 0.04416403785488959
7 0.559765625 0.0694006309148265 0.00859375 0.025236593059936908
7 0.496875 0.0583596214511041 0.0109375 0.025236593059936908
7 0.5046875 0.04574132492113565 0.009375 0.022082018927444796
7 0.53984375 0.02050473186119874 0.0078125 0.01892744479495268
7 0.640625 0.021293375394321766 0.0109375 0.02050473186119874
7 0.681640625 0.12460567823343849 0.01484375 0.025236593059936908
