7 0.504296875 0.6743055555555556 0.01328125 0.020833333333333332
7 0.729296875 0.7361111111111112 0.01171875 0.019444444444444445
7 0.319921875 0.8826388888888889 0.01640625 0.029166666666666667
7 0.38203125 0.975 0.0125 0.025
7 0.298046875 0.6125 0.01171875 0.019444444444444445
7 0.29765625 0.5659722222222222 0.0125 0.020833333333333332
7 0.311328125 0.5236111111111111 0.01171875 0.019444444444444445
7 0.333203125 0.34097222222222223 0.00859375 0.018055555555555554
7 0.312890625 0.31527777777777777 0.00703125 0.016666666666666666
7 0.430078125 0.34305555555555556 0.01171875 0.019444444444444445
7 0.422265625 0.39861111111111114 0.01015625 0.019444444444444445
7 0.433203125 0.2986111111111111 0.00703125 0.016666666666666666
7 0.43984375 0.30277777777777776 0.0078125 0.016666666666666666
7 0.470703125 0.30694444444444446 0.00703125 0.016666666666666666
7 0.530078125 0.23194444444444445 0.00703125 0.016666666666666666
7 0.537890625 0.22083333333333333 0.00703125 0.016666666666666666
7 0.55234375 0.21388888888888888 0.0078125 0.016666666666666666
7 0.441015625 0.23333333333333334 0.00703125 0.016666666666666666
7 0.441796875 0.2 0.00703125 0.016666666666666666
7 0.449609375 0.20833333333333334 0.00703125 0.016666666666666666
7 0.5828125 0.40694444444444444 0.00625 0.03333333333333333
7 0.58671875 0.4027777777777778 0.00625 0.03333333333333333
7 0.655078125 0.38055555555555554 0.00546875 0.013888888888888888
7 0.72109375 0.38125 0.0046875 0.015277777777777777
7 0.095703125 0.8236111111111111 0.01015625 0.044444444444444446
7 0.13203125 0.8291666666666667 0.0109375 0.03611111111111111
7 0.140625 0.8354166666666667 0.0140625 0.034722222222222224
7 0.14921875 0.8173611111111111 0.009375 0.0375
7 0.1453125 0.7868055555555555 0.009375 0.018055555555555554
7 0.13984375 0.68125 0.00625 0.015277777777777777
7 0.134765625 0.6833333333333333 0.00703125 0.027777777777777776
7 0.1578125 0.5326388888888889 0.0078125 0.02361111111111111
7 0.221484375 0.4222222222222222 0.00859375 0.016666666666666666
7 0.24453125 0.4375 0.0078125 0.016666666666666666
7 0.255859375 0.36944444444444446 0.00859375 0.016666666666666666
7 0.237109375 0.1111111111111111 0.00703125 0.019444444444444445
7 0.316015625 0.8951388888888889 0.01328125 0.0375
7 0.44296875 0.04722222222222222 0.00625 0.011111111111111112
7 0.448046875 0.004861111111111111 0.00546875 0.009722222222222222
7 0.441015625 0.004166666666666667 0.00546875 0.008333333333333333
7 0.523828125 0.04652777777777778 0.00546875 0.0125
7 0.53046875 0.1125 0.00625 0.013888888888888888
7 0.53515625 0.14166666666666666 0.0078125 0.013888888888888888
7 0.542578125 0.14097222222222222 0.00703125 0.0125
7 0.634375 0.25069444444444444 0.0078125 0.015277777777777777
7 0.64453125 0.24722222222222223 0.00625 0.011111111111111112
7 0.61015625 0.2111111111111111 0.0078125 0.011111111111111112
7 0.696484375 0.15 0.00546875 0.013888888888888888
7 0.673828125 0.19236111111111112 0.00546875 0.015277777777777777
7 0.61953125 0.21736111111111112 0.00625 0.015277777777777777
7 0.933203125 0.09027777777777778 0.00546875 0.016666666666666666
7 0.750390625 0.9569444444444445 0.01171875 0.041666666666666664
