7 0.571484375 0.9125 0.01171875 0.030555555555555555
7 0.534765625 0.6597222222222222 0.00859375 0.022222222222222223
7 0.602734375 0.6465277777777778 0.00703125 0.029166666666666667
7 0.519921875 0.5680555555555555 0.00703125 0.022222222222222223
7 0.530859375 0.5513888888888889 0.00703125 0.016666666666666666
7 0.505859375 0.5298611111111111 0.00859375 0.020833333333333332
7 0.525 0.5034722222222222 0.00625 0.018055555555555554
7 0.562109375 0.7979166666666667 0.00859375 0.02638888888888889
7 0.548046875 0.8763888888888889 0.00859375 0.025
7 0.57890625 0.8548611111111111 0.009375 0.02638888888888889
7 0.548828125 0.9319444444444445 0.01015625 0.030555555555555555
7 0.568359375 0.9541666666666667 0.00859375 0.025
7 0.49765625 0.8354166666666667 0.009375 0.029166666666666667
7 0.480078125 0.4284722222222222 0.00703125 0.018055555555555554
7 0.505859375 0.44375 0.00703125 0.020833333333333332
7 0.517578125 0.4326388888888889 0.00859375 0.020833333333333332
7 0.48671875 0.4027777777777778 0.00625 0.019444444444444445
7 0.48359375 0.3715277777777778 0.009375 0.020833333333333332
7 0.483203125 0.33125 0.00703125 0.015277777777777777
7 0.556640625 0.34930555555555554 0.00546875 0.015277777777777777
7 0.198828125 0.56875 0.00859375 0.015277777777777777
7 0.308984375 0.19583333333333333 0.00546875 0.013888888888888888
7 0.328515625 0.18472222222222223 0.00546875 0.013888888888888888
7 0.316015625 0.17152777777777778 0.00390625 0.0125
7 0.308984375 0.1527777777777778 0.00546875 0.013888888888888888
7 0.45703125 0.08055555555555556 0.0078125 0.016666666666666666
7 0.462890625 0.09027777777777778 0.00859375 0.013888888888888888
7 0.48984375 0.13958333333333334 0.0078125 0.018055555555555554
7 0.4234375 0.1701388888888889 0.0078125 0.0125
7 0.4296875 0.16597222222222222 0.00625 0.0125
7 0.432421875 0.11319444444444444 0.00703125 0.015277777777777777
7 0.438671875 0.13541666666666666 0.00703125 0.018055555555555554
7 0.43828125 0.12222222222222222 0.0078125 0.013888888888888888
7 0.4125 0.12986111111111112 0.0078125 0.020833333333333332
7 0.450390625 0.20833333333333334 0.00859375 0.019444444444444445
7 0.443359375 0.24930555555555556 0.00703125 0.009722222222222222
7 0.46484375 0.27569444444444446 0.009375 0.015277777777777777
7 0.4734375 0.27152777777777776 0.0078125 0.015277777777777777
7 0.465625 0.2548611111111111 0.009375 0.0125
7 0.483203125 0.31875 0.00859375 0.015277777777777777
7 0.327734375 0.006944444444444444 0.00546875 0.011111111111111112
7 0.264453125 0.25 0.01015625 0.027777777777777776
7 0.271484375 0.24583333333333332 0.00859375 0.025
7 0.144921875 0.43125 0.00703125 0.02638888888888889
7 0.1375 0.4875 0.0125 0.03333333333333333
7 0.054296875 0.6625 0.01015625 0.027777777777777776
7 0.60234375 0.38680555555555557 0.0078125 0.02638888888888889
7 0.594921875 0.3763888888888889 0.00703125 0.016666666666666666
