7 0.578125 0.2534722222222222 0.015625 0.04027777777777778
7 0.3984375 0.3798611111111111 0.0234375 0.04027777777777778
7 0.151953125 0.9416666666666667 0.03671875 0.08888888888888889
7 0.26484375 0.5986111111111111 0.0203125 0.09444444444444444
7 0.25234375 0.6013888888888889 0.021875 0.08888888888888889
7 0.225 0.6076388888888888 0.0234375 0.07083333333333333
7 0.60234375 0.28125 0.0109375 0.034722222222222224
7 0.607421875 0.15902777777777777 0.01015625 0.029166666666666667
7 0.48203125 0.07291666666666667 0.009375 0.02638888888888889
7 0.5921875 0.03680555555555556 0.00625 0.029166666666666667
