7 0.7875 0.38055555555555554 0.0265625 0.03333333333333333
7 0.6484375 0.23055555555555557 0.0203125 0.030555555555555555
7 0.786328125 0.4548611111111111 0.02734375 0.05138888888888889
7 0.7390625 0.9527777777777777 0.04375 0.07222222222222222
7 0.8375 0.9666666666666667 0.0375 0.04722222222222222
7 0.530859375 0.029166666666666667 0.01328125 0.022222222222222223
7 0.08984375 0.4888888888888889 0.0203125 0.08888888888888889
7 0.0421875 0.4986111111111111 0.01875 0.08611111111111111
7 0.05546875 0.4895833333333333 0.0109375 0.09027777777777778
7 0.0625 0.49583333333333335 0.0140625 0.08055555555555556
7 0.112109375 0.41180555555555554 0.03671875 0.059722222222222225
