7 0.5815 0.4830188679245283 0.049 0.1169811320754717
7 0.937 0.3452830188679245 0.036 0.09056603773584905
7 0.387 0.3452830188679245 0.04 0.07169811320754717
7 0.2425 0.4981132075471698 0.037 0.10943396226415095
7 0.216 0.49433962264150944 0.024 0.09811320754716982
7 0.5865 0.16037735849056603 0.025 0.04905660377358491
7 0.544 0.0509433962264151 0.018 0.033962264150943396
7 0.483 0.1169811320754717 0.02 0.03773584905660377
7 0.456 0.12264150943396226 0.024 0.03773584905660377
7 0.8435 0.15188679245283018 0.027 0.03207547169811321
