7 0.246875 0.8756944444444444 0.0109375 0.034722222222222224
7 0.7046875 0.6618055555555555 0.0109375 0.015277777777777777
7 0.61484375 0.6888888888888889 0.0125 0.027777777777777776
7 0.678515625 0.5923611111111111 0.01015625 0.015277777777777777
7 0.1265625 0.9326388888888889 0.01875 0.043055555555555555
7 0.05390625 0.8284722222222223 0.0171875 0.04027777777777778
7 0.090234375 0.7895833333333333 0.01484375 0.043055555555555555
7 0.107421875 0.7701388888888889 0.01484375 0.03194444444444444
7 0.113671875 0.8034722222222223 0.01171875 0.03194444444444444
7 0.120703125 0.7972222222222223 0.01015625 0.03333333333333333
7 0.194921875 0.6090277777777777 0.00859375 0.02638888888888889
7 0.216796875 0.5833333333333334 0.00703125 0.022222222222222223
7 0.230078125 0.5736111111111111 0.01015625 0.03611111111111111
7 0.186328125 0.46875 0.00859375 0.03194444444444444
7 0.2 0.45694444444444443 0.009375 0.022222222222222223
7 0.058984375 0.6201388888888889 0.01171875 0.0375
7 0.073046875 0.5076388888888889 0.01328125 0.02638888888888889
7 0.686328125 0.8854166666666666 0.01328125 0.020833333333333332
7 0.665625 0.8583333333333333 0.009375 0.022222222222222223
7 0.705078125 0.9 0.01171875 0.019444444444444445
7 0.698046875 0.9416666666666667 0.01171875 0.025
7 0.71875 0.89375 0.009375 0.020833333333333332
7 0.715625 0.8298611111111112 0.0109375 0.02638888888888889
7 0.696484375 0.8270833333333333 0.01171875 0.02361111111111111
7 0.68515625 0.7854166666666667 0.009375 0.02361111111111111
7 0.69296875 0.7604166666666666 0.009375 0.020833333333333332
7 0.67421875 0.7555555555555555 0.009375 0.019444444444444445
7 0.70234375 0.7375 0.009375 0.019444444444444445
7 0.61953125 0.7465277777777778 0.0109375 0.020833333333333332
7 0.620703125 0.8027777777777778 0.00859375 0.022222222222222223
7 0.681640625 0.6416666666666667 0.00859375 0.022222222222222223
7 0.689453125 0.6284722222222222 0.00859375 0.020833333333333332
7 0.67109375 0.6159722222222223 0.0078125 0.02638888888888889
7 0.646875 0.5840277777777778 0.009375 0.0125
7 0.590234375 0.4777777777777778 0.00859375 0.016666666666666666
7 0.680859375 0.4284722222222222 0.00859375 0.018055555555555554
7 0.698828125 0.42777777777777776 0.00859375 0.016666666666666666
7 0.674609375 0.32430555555555557 0.00703125 0.015277777777777777
7 0.773828125 0.6548611111111111 0.01015625 0.015277777777777777
7 0.7828125 0.6152777777777778 0.0078125 0.019444444444444445
7 0.446484375 0.21805555555555556 0.00703125 0.016666666666666666
7 0.146484375 0.7048611111111112 0.00859375 0.02638888888888889
7 0.10390625 0.46805555555555556 0.0109375 0.025
7 0.121484375 0.4465277777777778 0.01015625 0.029166666666666667
7 0.33984375 0.29930555555555555 0.00625 0.02361111111111111
7 0.408203125 0.2326388888888889 0.00546875 0.02361111111111111
7 0.46953125 0.15208333333333332 0.00625 0.015277777777777777
7 0.719140625 0.8840277777777777 0.01171875 0.020833333333333332
7 0.716796875 0.8666666666666667 0.01015625 0.016666666666666666
7 0.66640625 0.975 0.0125 0.022222222222222223
7 0.665234375 0.9638888888888889 0.01328125 0.027777777777777776
7 0.50859375 0.9493055555555555 0.0125 0.034722222222222224
7 0.5171875 0.95 0.0109375 0.03333333333333333
7 0.21875 0.5763888888888888 0.0078125 0.022222222222222223
7 0.677734375 0.24444444444444444 0.00703125 0.016666666666666666
7 0.681640625 0.2743055555555556 0.00703125 0.015277777777777777
7 0.796484375 0.5854166666666667 0.00859375 0.034722222222222224
7 0.666015625 0.8736111111111111 0.01171875 0.025
