7 0.4875 0.34930555555555554 0.0125 0.020833333333333332
7 0.68203125 0.5430555555555555 0.0203125 0.04722222222222222
7 0.301171875 0.63125 0.01796875 0.029166666666666667
7 0.592578125 0.6319444444444444 0.01796875 0.03888888888888889
7 0.547265625 0.5923611111111111 0.02109375 0.034722222222222224
7 0.448828125 0.25 0.01328125 0.019444444444444445
7 0.701171875 0.6305555555555555 0.02578125 0.03611111111111111
7 0.46640625 0.5604166666666667 0.0171875 0.03194444444444444
7 0.403125 0.2013888888888889 0.0109375 0.022222222222222223
7 0.43828125 0.2791666666666667 0.0125 0.019444444444444445
7 0.51015625 0.5666666666666667 0.01875 0.025
7 0.316796875 0.6729166666666667 0.01796875 0.03194444444444444
7 0.725390625 0.6104166666666667 0.01953125 0.029166666666666667
7 0.2578125 0.3229166666666667 0.0109375 0.020833333333333332
7 0.43984375 0.3055555555555556 0.0125 0.027777777777777776
7 0.26484375 0.3958333333333333 0.0140625 0.030555555555555555
7 0.279296875 0.5402777777777777 0.01015625 0.022222222222222223
7 0.334375 0.9798611111111111 0.01875 0.02638888888888889
7 0.640625 0.5388888888888889 0.0109375 0.027777777777777776
7 0.288671875 0.3861111111111111 0.01171875 0.027777777777777776
7 0.234765625 0.2 0.01171875 0.022222222222222223
7 0.4953125 0.17847222222222223 0.015625 0.029166666666666667
7 0.471875 0.20555555555555555 0.00625 0.013888888888888888
7 0.25703125 0.06666666666666667 0.0078125 0.013888888888888888
7 0.32734375 0.07708333333333334 0.0078125 0.015277777777777777
7 0.334765625 0.029861111111111113 0.00859375 0.009722222222222222
7 0.479296875 0.11527777777777778 0.00859375 0.027777777777777776
7 0.41640625 0.08194444444444444 0.009375 0.019444444444444445
7 0.3375 0.0625 0.0078125 0.019444444444444445
7 0.13984375 0.36736111111111114 0.0078125 0.029166666666666667
7 0.148046875 0.36736111111111114 0.00859375 0.029166666666666667
7 0.1625 0.3451388888888889 0.0078125 0.029166666666666667
7 0.19453125 0.2951388888888889 0.0078125 0.029166666666666667
7 0.2 0.2743055555555556 0.0078125 0.029166666666666667
7 0.20859375 0.3263888888888889 0.009375 0.03333333333333333
