7 0.659375 0.5555555555555556 0.0265625 0.03611111111111111
7 0.5859375 0.6770833333333334 0.025 0.04861111111111111
7 0.1609375 0.96875 0.0390625 0.059722222222222225
7 0.6 0.675 0.0203125 0.04722222222222222
7 0.52421875 0.42916666666666664 0.0203125 0.03611111111111111
7 0.538671875 0.49444444444444446 0.01953125 0.03611111111111111
7 0.67265625 0.16805555555555557 0.0109375 0.019444444444444445
7 0.712890625 0.26319444444444445 0.01328125 0.029166666666666667
7 0.760546875 0.25277777777777777 0.01328125 0.022222222222222223
7 0.4875 0.36527777777777776 0.0125 0.05555555555555555
7 0.494921875 0.35138888888888886 0.01171875 0.05277777777777778
7 0.509765625 0.36527777777777776 0.01171875 0.04722222222222222
