7 0.464453125 0.6944444444444444 0.01328125 0.030555555555555555
7 0.49140625 0.8145833333333333 0.0109375 0.03194444444444444
7 0.531640625 0.7527777777777778 0.01484375 0.025
7 0.56484375 0.7791666666666667 0.0125 0.027777777777777776
7 0.5875 0.7840277777777778 0.015625 0.02361111111111111
7 0.561328125 0.7340277777777777 0.01484375 0.03194444444444444
7 0.505859375 0.8715277777777778 0.01171875 0.03194444444444444
7 0.419921875 0.5638888888888889 0.01015625 0.025
7 0.410546875 0.5201388888888889 0.00859375 0.020833333333333332
7 0.4015625 0.48819444444444443 0.00625 0.015277777777777777
7 0.38203125 0.46944444444444444 0.0078125 0.016666666666666666
7 0.33203125 0.5215277777777778 0.009375 0.020833333333333332
7 0.341015625 0.47708333333333336 0.01015625 0.020833333333333332
7 0.21640625 0.5166666666666667 0.009375 0.022222222222222223
7 0.23671875 0.4576388888888889 0.009375 0.020833333333333332
7 0.22578125 0.4486111111111111 0.0078125 0.022222222222222223
7 0.211328125 0.4444444444444444 0.00859375 0.022222222222222223
7 0.236328125 0.38819444444444445 0.00703125 0.02361111111111111
7 0.2046875 0.38958333333333334 0.0078125 0.018055555555555554
7 0.19609375 0.3541666666666667 0.0078125 0.019444444444444445
7 0.178515625 0.3284722222222222 0.00703125 0.018055555555555554
7 0.28984375 0.28680555555555554 0.0046875 0.0125
7 0.276171875 0.27291666666666664 0.00390625 0.015277777777777777
7 0.323046875 0.32569444444444445 0.00703125 0.018055555555555554
7 0.5515625 0.4625 0.0078125 0.030555555555555555
7 0.49765625 0.3861111111111111 0.009375 0.030555555555555555
7 0.444921875 0.33541666666666664 0.00703125 0.029166666666666667
7 0.391015625 0.25277777777777777 0.00859375 0.025
7 0.407421875 0.25 0.00703125 0.030555555555555555
7 0.4140625 0.24930555555555556 0.0109375 0.029166666666666667
7 0.255859375 0.25277777777777777 0.00546875 0.013888888888888888
7 0.04296875 0.6479166666666667 0.0125 0.02361111111111111
7 0.07734375 0.49375 0.0109375 0.020833333333333332
7 0.084375 0.4638888888888889 0.0109375 0.019444444444444445
7 0.0703125 0.45625 0.009375 0.020833333333333332
7 0.0921875 0.4513888888888889 0.0078125 0.03333333333333333
7 0.0515625 0.3611111111111111 0.0078125 0.016666666666666666
7 0.05546875 0.34097222222222223 0.0078125 0.020833333333333332
7 0.034375 0.35833333333333334 0.00625 0.027777777777777776
7 0.034375 0.18125 0.0078125 0.0125
7 0.190234375 0.6444444444444445 0.00546875 0.03888888888888889
7 0.040625 0.007638888888888889 0.00625 0.0125
7 0.079296875 0.03611111111111111 0.00546875 0.013888888888888888
7 0.1046875 0.16666666666666666 0.0078125 0.016666666666666666
7 0.11171875 0.18125 0.00625 0.015277777777777777
7 0.119921875 0.18680555555555556 0.00703125 0.015277777777777777
7 0.224609375 0.3451388888888889 0.00859375 0.018055555555555554
7 0.2640625 0.4409722222222222 0.0078125 0.020833333333333332
7 0.1359375 0.23125 0.00625 0.0125
7 0.140625 0.24305555555555555 0.00625 0.016666666666666666
7 0.1453125 0.23472222222222222 0.00625 0.016666666666666666
7 0.148046875 0.22430555555555556 0.00703125 0.015277777777777777
7 0.15390625 0.23680555555555555 0.0078125 0.015277777777777777
7 0.163671875 0.23194444444444445 0.00703125 0.013888888888888888
7 0.178125 0.26458333333333334 0.009375 0.018055555555555554
7 0.223828125 0.2534722222222222 0.00859375 0.020833333333333332
7 0.17578125 0.11180555555555556 0.00625 0.0125
7 0.109375 0.04375 0.00625 0.02361111111111111
7 0.14609375 0.024305555555555556 0.0078125 0.015277777777777777
7 0.29375 0.12222222222222222 0.00625 0.019444444444444445
7 0.300390625 0.1388888888888889 0.00546875 0.027777777777777776
7 0.3140625 0.15208333333333332 0.00625 0.02361111111111111
7 0.266015625 0.17083333333333334 0.00859375 0.013888888888888888
7 0.305078125 0.18819444444444444 0.00703125 0.02361111111111111
7 0.3140625 0.19236111111111112 0.00625 0.0125
7 0.350390625 0.22083333333333333 0.00703125 0.016666666666666666
7 0.377734375 0.3076388888888889 0.00859375 0.015277777777777777
7 0.397265625 0.33958333333333335 0.00859375 0.018055555555555554
7 0.40234375 0.34930555555555554 0.0078125 0.015277777777777777
7 0.410546875 0.35625 0.00859375 0.0125
7 0.41640625 0.3729166666666667 0.009375 0.018055555555555554
7 0.417578125 0.3902777777777778 0.00859375 0.016666666666666666
7 0.55625 0.7576388888888889 0.0109375 0.020833333333333332
7 0.68359375 0.5618055555555556 0.009375 0.043055555555555555
