7 0.435546875 0.250788643533123 0.02578125 0.0914826498422713
7 0.777734375 0.27365930599369087 0.02421875 0.07413249211356467
7 0.837890625 0.3832807570977918 0.02890625 0.11041009463722397
7 0.26640625 0.5181388012618297 0.040625 0.1056782334384858
7 0.91953125 0.6246056782334385 0.0484375 0.167192429022082
7 0.74609375 0.13564668769716087 0.0171875 0.056782334384858045
7 0.46328125 0.15851735015772872 0.0171875 0.06782334384858044
7 0.7140625 0.09858044164037855 0.015625 0.04574132492113565
7 0.472265625 0.08675078864353312 0.01484375 0.0473186119873817
7 0.690625 0.09858044164037855 0.015625 0.04889589905362776
7 0.500390625 0.0583596214511041 0.01640625 0.04416403785488959
7 0.504296875 0.09700315457413249 0.01640625 0.052050473186119876
7 0.5046875 0.1443217665615142 0.01875 0.06466876971608833
7 0.90625 0.5678233438485805 0.025 0.11356466876971609
7 0.558203125 0.018138801261829655 0.01328125 0.033123028391167195
7 0.705859375 0.055993690851735015 0.01484375 0.02996845425867508
