7 0.797265625 0.43819444444444444 0.01640625 0.043055555555555555
7 0.912109375 0.04861111111111111 0.01484375 0.019444444444444445
7 0.480859375 0.9041666666666667 0.01640625 0.03888888888888889
7 0.179296875 0.32708333333333334 0.02109375 0.05416666666666667
7 0.208984375 0.3104166666666667 0.01328125 0.043055555555555555
7 0.26015625 0.27152777777777776 0.015625 0.043055555555555555
7 0.280078125 0.24583333333333332 0.01640625 0.05277777777777778
7 0.063671875 0.5909722222222222 0.01328125 0.04861111111111111
7 0.052734375 0.6493055555555556 0.01796875 0.05694444444444444
7 0.032421875 0.7395833333333334 0.01796875 0.059722222222222225
7 0.008203125 0.74375 0.01484375 0.07083333333333333
7 0.814453125 0.3902777777777778 0.01484375 0.05277777777777778
7 0.98359375 0.31180555555555556 0.0109375 0.029166666666666667
7 0.991796875 0.6229166666666667 0.01484375 0.034722222222222224
7 0.962890625 0.40555555555555556 0.01328125 0.03333333333333333
7 0.0859375 0.47152777777777777 0.0140625 0.04861111111111111
7 0.889453125 0.10416666666666667 0.01484375 0.019444444444444445
7 0.548828125 0.1986111111111111 0.00703125 0.022222222222222223
7 0.5453125 0.2465277777777778 0.009375 0.020833333333333332
7 0.572265625 0.2326388888888889 0.01171875 0.02361111111111111
7 0.585546875 0.16944444444444445 0.00859375 0.019444444444444445
7 0.586328125 0.07222222222222222 0.01328125 0.027777777777777776
