7 0.41484375 0.16876971608832808 0.0171875 0.05993690851735016
7 0.781640625 0.4187697160883281 0.03046875 0.083596214511041
7 0.7421875 0.3832807570977918 0.028125 0.07886435331230283
7 0.48046875 0.22634069400630916 0.021875 0.07097791798107256
7 0.72578125 0.222397476340694 0.021875 0.0694006309148265
7 0.686328125 0.12854889589905363 0.01640625 0.03627760252365931
7 0.453515625 0.15220820189274448 0.01640625 0.03943217665615142
7 0.819140625 0.4195583596214511 0.03203125 0.07570977917981073
7 0.459375 0.08123028391167192 0.0140625 0.033123028391167195
7 0.65234375 0.03470031545741325 0.0109375 0.022082018927444796
7 0.46171875 0.11198738170347003 0.015625 0.05362776025236593
