7 0.22265625 0.5416666666666666 0.0125 0.08611111111111111
7 0.394140625 0.2361111111111111 0.01171875 0.03611111111111111
7 0.188671875 0.5520833333333334 0.01171875 0.07361111111111111
7 0.201171875 0.5520833333333334 0.01171875 0.08194444444444444
7 0.603515625 0.6333333333333333 0.02109375 0.06388888888888888
7 0.219921875 0.5513888888888889 0.01796875 0.08611111111111111
7 0.21328125 0.5298611111111111 0.0125 0.08472222222222223
7 0.2046875 0.5409722222222222 0.0125 0.0875
7 0.67421875 0.9576388888888889 0.028125 0.06805555555555555
7 0.607421875 0.2777777777777778 0.01171875 0.03333333333333333
7 0.60390625 0.275 0.009375 0.03888888888888889
7 0.487109375 0.13472222222222222 0.00703125 0.019444444444444445
7 0.515234375 0.03888888888888889 0.00703125 0.016666666666666666
