7 0.865625 0.6104166666666667 0.021875 0.07083333333333333
7 0.5390625 0.4423611111111111 0.0203125 0.07916666666666666
7 0.373828125 0.21666666666666667 0.01015625 0.027777777777777776
7 0.480078125 0.24375 0.01640625 0.0375
7 0.48828125 0.17777777777777778 0.015625 0.030555555555555555
7 0.54765625 0.1527777777777778 0.009375 0.03611111111111111
7 0.37734375 0.1486111111111111 0.0125 0.03333333333333333
7 0.41640625 0.10902777777777778 0.009375 0.020833333333333332
7 0.432421875 0.1 0.01015625 0.025
7 0.503125 0.06388888888888888 0.009375 0.019444444444444445
7 0.51484375 0.05763888888888889 0.0078125 0.020833333333333332
7 0.4484375 0.03958333333333333 0.00625 0.018055555555555554
7 0.490234375 0.030555555555555555 0.00703125 0.022222222222222223
