7 0.184375 0.5270833333333333 0.0171875 0.08472222222222223
7 0.7640625 0.58125 0.0203125 0.059722222222222225
7 0.151953125 0.5270833333333333 0.01484375 0.08194444444444444
7 0.162890625 0.5284722222222222 0.01171875 0.0763888888888889
7 0.168359375 0.51875 0.01171875 0.0875
7 0.363671875 0.12291666666666666 0.01171875 0.020833333333333332
7 0.590234375 0.42569444444444443 0.01796875 0.05416666666666667
7 0.18359375 0.5145833333333333 0.01875 0.08194444444444444
7 0.1765625 0.5076388888888889 0.0171875 0.0875
7 0.491796875 0.024305555555555556 0.00859375 0.020833333333333332
7 0.454296875 0.022222222222222223 0.00703125 0.016666666666666666
7 0.52265625 0.11319444444444444 0.009375 0.02638888888888889
7 0.5328125 0.12222222222222222 0.0078125 0.03333333333333333
7 0.550390625 0.2222222222222222 0.01171875 0.030555555555555555
