7 0.651171875 0.8763888888888889 0.01171875 0.022222222222222223
7 0.69375 0.8930555555555556 0.0125 0.03611111111111111
7 0.659765625 0.85 0.01171875 0.022222222222222223
7 0.633203125 0.8729166666666667 0.01171875 0.02638888888888889
7 0.615234375 0.8826388888888889 0.01171875 0.02638888888888889
7 0.61640625 0.8631944444444445 0.0109375 0.018055555555555554
7 0.61640625 0.7673611111111112 0.0109375 0.02361111111111111
7 0.575 0.7979166666666667 0.0109375 0.02361111111111111
7 0.603515625 0.6847222222222222 0.01015625 0.022222222222222223
7 0.6078125 0.6229166666666667 0.009375 0.015277777777777777
7 0.6640625 0.43472222222222223 0.0078125 0.019444444444444445
7 0.663671875 0.41597222222222224 0.00703125 0.020833333333333332
7 0.725 0.8270833333333333 0.0125 0.029166666666666667
7 0.708984375 0.7979166666666667 0.01171875 0.029166666666666667
7 0.60078125 0.5902777777777778 0.009375 0.013888888888888888
7 0.601953125 0.5645833333333333 0.01015625 0.02361111111111111
7 0.60390625 0.5333333333333333 0.009375 0.016666666666666666
7 0.164453125 0.7895833333333333 0.01015625 0.02361111111111111
7 0.30859375 0.6743055555555556 0.0109375 0.02361111111111111
7 0.267578125 0.58125 0.01171875 0.020833333333333332
7 0.30546875 0.58125 0.0125 0.02638888888888889
7 0.409765625 0.22361111111111112 0.00703125 0.013888888888888888
7 0.513671875 0.5486111111111112 0.00703125 0.011111111111111112
7 0.67421875 0.44722222222222224 0.0078125 0.019444444444444445
7 0.59921875 0.20347222222222222 0.0046875 0.0125
7 0.513671875 0.14930555555555555 0.00390625 0.009722222222222222
7 0.13125 0.49444444444444446 0.009375 0.027777777777777776
7 0.105078125 0.5541666666666667 0.01015625 0.030555555555555555
7 0.075 0.7673611111111112 0.0125 0.0375
7 0.11953125 0.8604166666666667 0.0125 0.0375
7 0.044921875 0.8041666666666667 0.01015625 0.027777777777777776
7 0.32109375 0.925 0.0078125 0.03333333333333333
7 0.33359375 0.8479166666666667 0.0109375 0.043055555555555555
7 0.34375 0.8493055555555555 0.009375 0.0375
7 0.36875 0.8583333333333333 0.009375 0.03333333333333333
7 0.0984375 0.6854166666666667 0.0171875 0.03194444444444444
7 0.11796875 0.5868055555555556 0.0140625 0.029166666666666667
7 0.09609375 0.4361111111111111 0.0109375 0.027777777777777776
7 0.04140625 0.4798611111111111 0.0109375 0.029166666666666667
7 0.19765625 0.3388888888888889 0.009375 0.016666666666666666
7 0.269921875 0.2986111111111111 0.00859375 0.025
7 0.28046875 0.27152777777777776 0.0109375 0.034722222222222224
7 0.37734375 0.175 0.0078125 0.016666666666666666
7 0.501953125 0.06666666666666667 0.00703125 0.016666666666666666
7 0.487890625 0.04375 0.00546875 0.018055555555555554
7 0.494921875 0.0375 0.00546875 0.016666666666666666
7 0.48359375 0.11736111111111111 0.00625 0.020833333333333332
7 0.56640625 0.2861111111111111 0.009375 0.027777777777777776
7 0.58515625 0.30416666666666664 0.0078125 0.030555555555555555
7 0.551171875 0.3972222222222222 0.00859375 0.019444444444444445
7 0.562890625 0.5090277777777777 0.00703125 0.034722222222222224
7 0.540625 0.5138888888888888 0.0109375 0.03333333333333333
7 0.61328125 0.8076388888888889 0.0109375 0.020833333333333332
7 0.61015625 0.7166666666666667 0.009375 0.016666666666666666
7 0.61640625 0.7180555555555556 0.009375 0.03888888888888889
7 0.615234375 0.20416666666666666 0.00859375 0.019444444444444445
7 0.693359375 0.5972222222222222 0.01015625 0.030555555555555555
7 0.7109375 0.5770833333333333 0.009375 0.02638888888888889
7 0.48046875 0.3763888888888889 0.00625 0.022222222222222223
7 0.46640625 0.36527777777777776 0.0078125 0.019444444444444445
7 0.460546875 0.37083333333333335 0.00546875 0.025
