7 0.633203125 0.8729166666666667 0.01171875 0.02638888888888889
7 0.659765625 0.85 0.01171875 0.022222222222222223
7 0.651171875 0.8763888888888889 0.01171875 0.022222222222222223
7 0.615234375 0.8826388888888889 0.01171875 0.02638888888888889
7 0.616796875 0.8430555555555556 0.00859375 0.016666666666666666
7 0.61640625 0.7590277777777777 0.0109375 0.02361111111111111
7 0.61171875 0.6479166666666667 0.0109375 0.020833333333333332
7 0.609765625 0.5763888888888888 0.00859375 0.013888888888888888
7 0.605859375 0.5555555555555556 0.01015625 0.022222222222222223
7 0.606640625 0.5361111111111111 0.01015625 0.016666666666666666
7 0.509765625 0.0875 0.00703125 0.013888888888888888
7 0.51015625 0.10347222222222222 0.00625 0.0125
7 0.725 0.8270833333333333 0.0125 0.029166666666666667
7 0.709375 0.8006944444444445 0.0109375 0.020833333333333332
7 0.675 0.8159722222222222 0.0109375 0.020833333333333332
7 0.670703125 0.75625 0.01015625 0.020833333333333332
7 0.665625 0.6659722222222222 0.0109375 0.020833333333333332
7 0.307421875 0.71875 0.00859375 0.02361111111111111
7 0.37578125 0.5298611111111111 0.0078125 0.018055555555555554
7 0.3515625 0.4131944444444444 0.009375 0.020833333333333332
7 0.428515625 0.18958333333333333 0.00859375 0.009722222222222222
7 0.41875 0.13402777777777777 0.00625 0.015277777777777777
7 0.418359375 0.1 0.00703125 0.011111111111111112
7 0.41953125 0.04375 0.0078125 0.009722222222222222
7 0.419921875 0.017361111111111112 0.00703125 0.009722222222222222
7 0.69609375 0.7319444444444444 0.0078125 0.041666666666666664
7 0.68984375 0.7222222222222222 0.0078125 0.041666666666666664
7 0.68984375 0.6951388888888889 0.0078125 0.043055555555555555
7 0.615234375 0.8055555555555556 0.00859375 0.016666666666666666
7 0.578515625 0.7902777777777777 0.00703125 0.025
7 0.6140625 0.7263888888888889 0.0078125 0.019444444444444445
7 0.617578125 0.6979166666666666 0.00859375 0.018055555555555554
7 0.66953125 0.43819444444444444 0.00625 0.015277777777777777
7 0.67890625 0.4513888888888889 0.00625 0.016666666666666666
7 0.66796875 0.4201388888888889 0.00625 0.015277777777777777
7 0.64140625 0.3958333333333333 0.00625 0.022222222222222223
7 0.645703125 0.39444444444444443 0.00546875 0.022222222222222223
7 0.52265625 0.16111111111111112 0.0046875 0.013888888888888888
7 0.527734375 0.17777777777777778 0.00390625 0.013888888888888888
7 0.1296875 0.8597222222222223 0.0171875 0.027777777777777776
7 0.03046875 0.7854166666666667 0.009375 0.03194444444444444
7 0.04921875 0.7826388888888889 0.009375 0.03194444444444444
7 0.332421875 0.83125 0.01015625 0.034722222222222224
7 0.254296875 0.91875 0.01328125 0.03194444444444444
7 0.330859375 0.8694444444444445 0.01015625 0.03888888888888889
7 0.336328125 0.9416666666666667 0.01328125 0.05277777777777778
7 0.465625 0.8576388888888888 0.009375 0.034722222222222224
7 0.525390625 0.8895833333333333 0.01015625 0.034722222222222224
7 0.041015625 0.9680555555555556 0.01796875 0.03888888888888889
7 0.13359375 0.8569444444444444 0.0140625 0.03333333333333333
7 0.046484375 0.4597222222222222 0.01328125 0.03333333333333333
7 0.09140625 0.41805555555555557 0.0109375 0.022222222222222223
7 0.277734375 0.2861111111111111 0.01171875 0.027777777777777776
7 0.288671875 0.2625 0.01015625 0.030555555555555555
7 0.394140625 0.1361111111111111 0.00703125 0.016666666666666666
7 0.42890625 0.007638888888888889 0.0078125 0.0125
7 0.522265625 0.014583333333333334 0.00703125 0.020833333333333332
7 0.520703125 0.1125 0.00859375 0.019444444444444445
7 0.525390625 0.41388888888888886 0.00703125 0.03333333333333333
7 0.53515625 0.4736111111111111 0.0078125 0.03611111111111111
7 0.5203125 0.6479166666666667 0.0125 0.0375
7 0.518359375 0.5409722222222222 0.01171875 0.020833333333333332
7 0.603125 0.6215277777777778 0.0078125 0.0375
7 0.628515625 0.24166666666666667 0.01015625 0.022222222222222223
7 0.552734375 0.025694444444444443 0.00703125 0.020833333333333332
