7 0.151171875 0.5798611111111112 0.03203125 0.09861111111111111
7 0.705859375 0.7666666666666667 0.02421875 0.06388888888888888
7 0.48203125 0.10486111111111111 0.00625 0.02361111111111111
7 0.49140625 0.13125 0.0078125 0.02638888888888889
7 0.085546875 0.6 0.02265625 0.09722222222222222
7 0.504296875 0.03819444444444445 0.00546875 0.018055555555555554
7 0.525390625 0.025 0.00546875 0.019444444444444445
7 0.048828125 0.6013888888888889 0.01484375 0.08888888888888889
7 0.066796875 0.5944444444444444 0.01796875 0.075
7 0.0734375 0.5715277777777777 0.015625 0.06527777777777778
