7 0.530859375 0.34305555555555556 0.01171875 0.044444444444444446
7 0.5234375 0.23680555555555555 0.009375 0.03194444444444444
7 0.625390625 0.21388888888888888 0.01015625 0.03611111111111111
7 0.612890625 0.14652777777777778 0.00703125 0.018055555555555554
7 0.558984375 0.14652777777777778 0.00703125 0.020833333333333332
7 0.59921875 0.10347222222222222 0.00625 0.018055555555555554
7 0.610546875 0.1 0.00546875 0.019444444444444445
7 0.60546875 0.08541666666666667 0.0046875 0.015277777777777777
7 0.5859375 0.1375 0.0078125 0.019444444444444445
7 0.54453125 0.09861111111111111 0.00625 0.025
