7 0.3890625 0.25416666666666665 0.021875 0.06388888888888888
7 0.42109375 0.4222222222222222 0.034375 0.08888888888888889
7 0.405859375 0.7666666666666667 0.04140625 0.10555555555555556
7 0.411328125 0.8180555555555555 0.05078125 0.14722222222222223
7 0.75546875 0.24513888888888888 0.0203125 0.05694444444444444
7 0.576953125 0.09861111111111111 0.01328125 0.03611111111111111
7 0.600390625 0.23194444444444445 0.02109375 0.06666666666666667
7 0.6953125 0.23125 0.01875 0.07361111111111111
7 0.41484375 0.1798611111111111 0.0171875 0.043055555555555555
7 0.6234375 0.13958333333333334 0.0140625 0.05138888888888889
7 0.701171875 0.2388888888888889 0.02109375 0.06944444444444445
7 0.60390625 0.11319444444444444 0.0140625 0.04861111111111111
7 0.66796875 0.1798611111111111 0.0171875 0.05694444444444444
7 0.40234375 0.03125 0.009375 0.02638888888888889
7 0.596484375 0.09444444444444444 0.01328125 0.03611111111111111
7 0.59375 0.09305555555555556 0.0125 0.03611111111111111
7 0.696484375 0.09236111111111112 0.01484375 0.03194444444444444
