7 0.847265625 0.5319444444444444 0.02265625 0.06944444444444445
7 0.53984375 0.4215277777777778 0.0203125 0.06805555555555555
7 0.32109375 0.31319444444444444 0.015625 0.034722222222222224
7 0.47890625 0.17430555555555555 0.0140625 0.02638888888888889
7 0.477734375 0.13402777777777777 0.01328125 0.02638888888888889
7 0.42109375 0.1361111111111111 0.0109375 0.025
7 0.40078125 0.14444444444444443 0.0125 0.025
7 0.37890625 0.1486111111111111 0.0109375 0.030555555555555555
7 0.48671875 0.06319444444444444 0.009375 0.018055555555555554
7 0.487890625 0.020833333333333332 0.00703125 0.013888888888888888
7 0.50234375 0.059027777777777776 0.009375 0.020833333333333332
