7 0.573046875 0.7 0.02890625 0.05
7 0.393359375 0.7041666666666667 0.02578125 0.04722222222222222
7 0.677734375 0.38125 0.01953125 0.03194444444444444
7 0.625 0.3020833333333333 0.0203125 0.029166666666666667
7 0.759375 0.17916666666666667 0.0140625 0.022222222222222223
7 0.730078125 0.13472222222222222 0.01640625 0.025
7 0.716796875 0.3472222222222222 0.02109375 0.027777777777777776
7 0.35546875 0.9145833333333333 0.028125 0.05138888888888889
7 0.18984375 0.9340277777777778 0.0328125 0.09861111111111111
7 0.48515625 0.37083333333333335 0.015625 0.06111111111111111
7 0.4765625 0.3854166666666667 0.0125 0.059722222222222225
7 0.4921875 0.3888888888888889 0.0140625 0.058333333333333334
7 0.7390625 0.04652777777777778 0.009375 0.009722222222222222
