7 0.159375 0.7402777777777778 0.0109375 0.04722222222222222
7 0.146875 0.7395833333333334 0.009375 0.04861111111111111
7 0.858203125 0.9743055555555555 0.01328125 0.04027777777777778
7 0.80859375 0.6798611111111111 0.009375 0.020833333333333332
7 0.144921875 0.6361111111111111 0.01171875 0.05277777777777778
7 0.661328125 0.6861111111111111 0.01171875 0.025
7 0.288671875 0.3375 0.00546875 0.03333333333333333
7 0.53828125 0.37569444444444444 0.009375 0.018055555555555554
7 0.238671875 0.42916666666666664 0.01015625 0.03611111111111111
7 0.746875 0.41041666666666665 0.00625 0.02638888888888889
7 0.7265625 0.3854166666666667 0.0078125 0.018055555555555554
7 0.688671875 0.2659722222222222 0.00859375 0.020833333333333332
7 0.697265625 0.23125 0.00546875 0.020833333333333332
7 0.71015625 0.22152777777777777 0.0078125 0.020833333333333332
7 0.753125 0.18819444444444444 0.0078125 0.029166666666666667
7 0.755859375 0.2638888888888889 0.00703125 0.027777777777777776
7 0.665234375 0.4361111111111111 0.00859375 0.022222222222222223
7 0.293359375 0.3402777777777778 0.00859375 0.030555555555555555
7 0.54921875 0.041666666666666664 0.0046875 0.011111111111111112
7 0.536328125 0.024305555555555556 0.00703125 0.015277777777777777
7 0.748828125 0.5708333333333333 0.00703125 0.022222222222222223
7 0.449609375 0.19791666666666666 0.00859375 0.018055555555555554
7 0.921875 0.9465277777777777 0.0109375 0.05416666666666667
7 0.720703125 0.027083333333333334 0.00546875 0.02361111111111111
