7 0.512890625 0.8527777777777777 0.03828125 0.07777777777777778
7 0.56875 0.18958333333333333 0.0140625 0.034722222222222224
7 0.52734375 0.3423611111111111 0.0171875 0.05694444444444444
7 0.457421875 0.7368055555555556 0.03203125 0.0875
7 0.45234375 0.37222222222222223 0.021875 0.04722222222222222
7 0.42890625 0.2673611111111111 0.0140625 0.04583333333333333
7 0.505859375 0.09166666666666666 0.01015625 0.022222222222222223
7 0.541015625 0.06041666666666667 0.01015625 0.02638888888888889
7 0.53515625 0.04375 0.009375 0.02361111111111111
7 0.533203125 0.022916666666666665 0.00859375 0.018055555555555554
