7 0.396875 0.3423611111111111 0.0296875 0.0875
7 0.39453125 0.14722222222222223 0.01875 0.05277777777777778
7 0.73671875 0.4909722222222222 0.04375 0.13194444444444445
7 0.426953125 0.5465277777777777 0.04140625 0.10694444444444444
7 0.7796875 0.28958333333333336 0.0265625 0.07361111111111111
7 0.637109375 0.14305555555555555 0.01953125 0.041666666666666664
7 0.4171875 0.21180555555555555 0.0203125 0.059722222222222225
7 0.6953125 0.23125 0.021875 0.09305555555555556
7 0.983984375 0.4666666666666667 0.02734375 0.1111111111111111
7 0.41484375 0.09652777777777778 0.0140625 0.04583333333333333
7 0.66484375 0.1875 0.0171875 0.06111111111111111
7 0.9125 0.4722222222222222 0.0359375 0.11666666666666667
7 0.90546875 0.44930555555555557 0.034375 0.10694444444444444
7 0.396484375 0.3486111111111111 0.02734375 0.07222222222222222
7 0.71484375 0.09791666666666667 0.0171875 0.029166666666666667
7 0.633203125 0.14583333333333334 0.01953125 0.041666666666666664
