7 0.258984375 0.47708333333333336 0.01640625 0.08194444444444444
7 0.40625 0.43819444444444444 0.0234375 0.059722222222222225
7 0.23671875 0.4756944444444444 0.0125 0.0763888888888889
7 0.650390625 0.44583333333333336 0.01640625 0.05
7 0.222265625 0.47708333333333336 0.01171875 0.08194444444444444
7 0.681640625 0.6354166666666666 0.02109375 0.0625
7 0.69453125 0.5826388888888889 0.0203125 0.059722222222222225
7 0.25703125 0.46597222222222223 0.0171875 0.0763888888888889
7 0.247265625 0.4597222222222222 0.01015625 0.08055555555555556
7 0.241015625 0.4638888888888889 0.01171875 0.07777777777777778
7 0.4046875 0.44583333333333336 0.0171875 0.058333333333333334
7 0.598046875 0.0798611111111111 0.00703125 0.02638888888888889
7 0.60546875 0.08125 0.00625 0.020833333333333332
7 0.5671875 0.03888888888888889 0.00625 0.027777777777777776
7 0.61015625 0.45416666666666666 0.0140625 0.05277777777777778
