7 0.646875 0.9486111111111111 0.0109375 0.027777777777777776
7 0.56328125 0.8222222222222222 0.009375 0.019444444444444445
7 0.691015625 0.8333333333333334 0.01171875 0.025
7 0.708984375 0.8756944444444444 0.01328125 0.02638888888888889
7 0.72421875 0.8756944444444444 0.0125 0.03194444444444444
7 0.728515625 0.8326388888888889 0.01015625 0.020833333333333332
7 0.18125 0.5708333333333333 0.0078125 0.030555555555555555
7 0.367578125 0.5868055555555556 0.01015625 0.02638888888888889
7 0.348828125 0.40069444444444446 0.00859375 0.018055555555555554
7 0.1984375 0.5520833333333334 0.0078125 0.029166666666666667
7 0.13984375 0.5430555555555555 0.0078125 0.030555555555555555
7 0.146875 0.6131944444444445 0.0078125 0.029166666666666667
7 0.109375 0.5965277777777778 0.0078125 0.029166666666666667
7 0.1 0.5069444444444444 0.0078125 0.030555555555555555
7 0.1203125 0.49583333333333335 0.0078125 0.030555555555555555
7 0.0046875 0.6125 0.0078125 0.030555555555555555
7 0.1203125 0.6715277777777777 0.0078125 0.029166666666666667
7 0.11484375 0.7006944444444444 0.0078125 0.029166666666666667
7 0.09453125 0.7125 0.0078125 0.030555555555555555
7 0.072265625 0.9527777777777777 0.01484375 0.03611111111111111
7 0.357421875 0.8680555555555556 0.01484375 0.03611111111111111
7 0.278515625 0.7638888888888888 0.01484375 0.03611111111111111
7 0.36875 0.2881944444444444 0.009375 0.015277777777777777
7 0.37890625 0.3 0.009375 0.016666666666666666
7 0.39375 0.28125 0.009375 0.015277777777777777
7 0.403125 0.29375 0.009375 0.015277777777777777
7 0.4265625 0.30833333333333335 0.009375 0.016666666666666666
7 0.3984375 0.1284722222222222 0.00625 0.0125
7 0.410546875 0.11041666666666666 0.00546875 0.0125
7 0.65234375 0.7381944444444445 0.0078125 0.03194444444444444
7 0.558984375 0.7270833333333333 0.00703125 0.03194444444444444
7 0.523828125 0.8590277777777777 0.00703125 0.03194444444444444
7 0.645703125 0.8666666666666667 0.01171875 0.025
7 0.717578125 0.76875 0.01015625 0.020833333333333332
7 0.728515625 0.7284722222222222 0.01015625 0.020833333333333332
7 0.64140625 0.9173611111111111 0.0109375 0.02638888888888889
7 0.628125 0.9361111111111111 0.0109375 0.027777777777777776
7 0.615625 0.9069444444444444 0.0109375 0.027777777777777776
7 0.60546875 0.8777777777777778 0.0109375 0.027777777777777776
7 0.6015625 0.8430555555555556 0.0109375 0.027777777777777776
7 0.603125 0.8020833333333334 0.0109375 0.02638888888888889
7 0.60234375 0.7680555555555556 0.0109375 0.027777777777777776
7 0.593359375 0.7347222222222223 0.01015625 0.027777777777777776
7 0.5953125 0.7055555555555556 0.0109375 0.027777777777777776
7 0.59453125 0.9138888888888889 0.0109375 0.027777777777777776
7 0.703125 0.5652777777777778 0.00625 0.016666666666666666
7 0.706640625 0.6069444444444444 0.00546875 0.016666666666666666
7 0.48203125 0.4548611111111111 0.00625 0.034722222222222224
7 0.53671875 0.42986111111111114 0.00625 0.018055555555555554
7 0.487890625 0.1673611111111111 0.00546875 0.0125
7 0.0421875 0.8479166666666667 0.0140625 0.029166666666666667
7 0.01640625 0.5458333333333333 0.0078125 0.03333333333333333
7 0.02109375 0.53125 0.009375 0.029166666666666667
7 0.03828125 0.5145833333333333 0.0109375 0.02638888888888889
7 0.49140625 0.10208333333333333 0.0078125 0.018055555555555554
7 0.507421875 0.2263888888888889 0.00859375 0.016666666666666666
7 0.36796875 0.1951388888888889 0.00625 0.015277777777777777
7 0.4828125 0.26666666666666666 0.0078125 0.019444444444444445
7 0.696484375 0.5222222222222223 0.00859375 0.022222222222222223
7 0.703515625 0.5131944444444444 0.00859375 0.018055555555555554
