7 0.1890625 0.5159722222222223 0.0171875 0.08194444444444444
7 0.588671875 0.6291666666666667 0.02109375 0.06388888888888888
7 0.825390625 0.8590277777777777 0.03046875 0.0875
7 0.16875 0.5138888888888888 0.0125 0.075
7 0.152734375 0.5159722222222223 0.01328125 0.08194444444444444
7 0.287109375 0.35347222222222224 0.01484375 0.04583333333333333
7 0.176171875 0.4965277777777778 0.00859375 0.08472222222222223
7 0.182421875 0.5027777777777778 0.01015625 0.07777777777777778
7 0.3859375 0.09236111111111112 0.009375 0.02638888888888889
7 0.4484375 0.07708333333333334 0.009375 0.02361111111111111
7 0.467578125 0.06597222222222222 0.00859375 0.02361111111111111
7 0.49765625 0.06319444444444444 0.00625 0.03194444444444444
7 0.49375 0.08819444444444445 0.0046875 0.0125
7 0.497265625 0.09027777777777778 0.00859375 0.016666666666666666
7 0.534375 0.1076388888888889 0.00625 0.03194444444444444
7 0.539453125 0.11458333333333333 0.00546875 0.034722222222222224
7 0.61953125 0.30069444444444443 0.0140625 0.043055555555555555
