7 0.360546875 0.6291666666666667 0.02109375 0.05555555555555555
7 0.5421875 0.7847222222222222 0.021875 0.06111111111111111
7 0.451171875 0.6138888888888889 0.02109375 0.05277777777777778
7 0.719921875 0.4166666666666667 0.01484375 0.03888888888888889
7 0.155859375 0.9041666666666667 0.01953125 0.07777777777777778
7 0.59296875 0.13680555555555557 0.009375 0.02361111111111111
7 0.720703125 0.3375 0.01484375 0.030555555555555555
7 0.723828125 0.37083333333333335 0.01328125 0.03611111111111111
7 0.451953125 0.6166666666666667 0.01953125 0.044444444444444446
7 0.52421875 0.07291666666666667 0.0078125 0.034722222222222224
7 0.6390625 0.11319444444444444 0.0078125 0.034722222222222224
