7 0.788671875 0.4085173501577287 0.02890625 0.11987381703470032
7 0.731640625 0.25630914826498424 0.01953125 0.0804416403785489
7 0.453125 0.10804416403785488 0.0125 0.04889589905362776
7 0.503125 0.17665615141955837 0.015625 0.05362776025236593
7 0.634765625 0.06072555205047318 0.01171875 0.03943217665615142
7 0.666796875 0.05993690851735016 0.01328125 0.022082018927444796
7 0.653125 0.05914826498422713 0.0125 0.026813880126182965
7 0.640234375 0.032334384858044164 0.01171875 0.02050473186119874
7 0.453125 0.111198738170347 0.015625 0.052050473186119876
7 0.733203125 0.24605678233438485 0.02109375 0.05362776025236593
7 0.78984375 0.3864353312302839 0.0328125 0.07570977917981073
