7 0.5171875 0.9763888888888889 0.0125 0.03611111111111111
7 0.1671875 0.5256944444444445 0.0078125 0.029166666666666667
7 0.568359375 0.7784722222222222 0.01015625 0.02361111111111111
7 0.6 0.8763888888888889 0.009375 0.019444444444444445
7 0.716796875 0.84375 0.01171875 0.02638888888888889
7 0.73125 0.7819444444444444 0.0 0.0
7 0.3984375 0.5569444444444445 0.0109375 0.016666666666666666
7 0.64921875 0.6298611111111111 0.0109375 0.0375
7 0.286328125 0.5104166666666666 0.01015625 0.018055555555555554
7 0.2921875 0.40208333333333335 0.0078125 0.029166666666666667
7 0.36875 0.29930555555555555 0.0078125 0.029166666666666667
7 0.362109375 0.23819444444444443 0.00703125 0.018055555555555554
7 0.4828125 0.21458333333333332 0.0078125 0.018055555555555554
7 0.34296875 0.22013888888888888 0.0078125 0.029166666666666667
7 0.29453125 0.26944444444444443 0.0078125 0.027777777777777776
7 0.508984375 0.1701388888888889 0.00703125 0.018055555555555554
7 0.503515625 0.9381944444444444 0.01171875 0.0375
7 0.503125 0.9680555555555556 0.0125 0.03611111111111111
7 0.50234375 0.9784722222222222 0.0125 0.0375
7 0.48984375 0.9555555555555556 0.0125 0.03611111111111111
7 0.355078125 0.8416666666666667 0.01015625 0.03333333333333333
7 0.2109375 0.6298611111111111 0.0078125 0.02361111111111111
7 0.59921875 0.6881944444444444 0.009375 0.02361111111111111
7 0.6015625 0.6666666666666666 0.009375 0.025
7 0.605859375 0.7319444444444444 0.01015625 0.025
7 0.607421875 0.8090277777777778 0.01015625 0.02361111111111111
7 0.61015625 0.8465277777777778 0.009375 0.02361111111111111
7 0.62421875 0.8555555555555555 0.0109375 0.019444444444444445
7 0.653125 0.8305555555555556 0.0109375 0.019444444444444445
7 0.65 0.875 0.0109375 0.019444444444444445
7 0.63828125 0.8875 0.0109375 0.025
7 0.65546875 0.9194444444444444 0.0125 0.025
7 0.70078125 0.7979166666666667 0.0125 0.02638888888888889
7 0.73125 0.8256944444444444 0.0125 0.02638888888888889
7 0.738671875 0.7881944444444444 0.01171875 0.02638888888888889
7 0.06328125 0.8319444444444445 0.0140625 0.03333333333333333
7 0.0921875 0.6763888888888889 0.009375 0.030555555555555555
7 0.02109375 0.6013888888888889 0.0109375 0.027777777777777776
7 0.033203125 0.5694444444444444 0.00859375 0.027777777777777776
7 0.1171875 0.5548611111111111 0.0109375 0.029166666666666667
7 0.11015625 0.5326388888888889 0.009375 0.03194444444444444
7 0.05 0.46944444444444444 0.0125 0.03333333333333333
7 0.38046875 0.03125 0.00625 0.02638888888888889
7 0.4921875 0.058333333333333334 0.0046875 0.013888888888888888
7 0.487890625 0.11319444444444444 0.00546875 0.0125
7 0.540625 0.38819444444444445 0.009375 0.015277777777777777
7 0.65078125 0.41041666666666665 0.0109375 0.020833333333333332
7 0.634375 0.3298611111111111 0.0078125 0.0125
7 0.628515625 0.33958333333333335 0.00859375 0.0125
7 0.597265625 0.2534722222222222 0.00859375 0.02361111111111111
7 0.5375 0.20416666666666666 0.009375 0.025
