7 0.507421875 0.39305555555555555 0.01328125 0.03888888888888889
7 0.5390625 0.2826388888888889 0.00625 0.04583333333333333
7 0.46484375 0.36180555555555555 0.0125 0.0375
7 0.501953125 0.2798611111111111 0.01171875 0.03194444444444444
7 0.53046875 0.2388888888888889 0.00625 0.041666666666666664
7 0.496875 0.16597222222222222 0.00625 0.020833333333333332
7 0.411328125 0.21388888888888888 0.00703125 0.030555555555555555
7 0.4953125 0.09027777777777778 0.003125 0.013888888888888888
7 0.53515625 0.18125 0.00625 0.029166666666666667
7 0.5 0.12083333333333333 0.0078125 0.016666666666666666
7 0.50625 0.12569444444444444 0.0078125 0.018055555555555554
7 0.483984375 0.11388888888888889 0.00703125 0.022222222222222223
