7 0.4953125 0.8326388888888889 0.015625 0.03194444444444444
7 0.42109375 0.9576388888888889 0.0140625 0.03194444444444444
7 0.406640625 0.6902777777777778 0.01484375 0.03333333333333333
7 0.652734375 0.8840277777777777 0.01953125 0.034722222222222224
7 0.659765625 0.7673611111111112 0.01484375 0.02638888888888889
7 0.6078125 0.5840277777777778 0.015625 0.02638888888888889
7 0.390234375 0.5270833333333333 0.01171875 0.02361111111111111
7 0.31015625 0.30277777777777776 0.00625 0.027777777777777776
7 0.340234375 0.2861111111111111 0.01015625 0.027777777777777776
7 0.330859375 0.2798611111111111 0.00703125 0.02638888888888889
7 0.328515625 0.2604166666666667 0.00703125 0.02638888888888889
7 0.33515625 0.24166666666666667 0.0078125 0.013888888888888888
7 0.263671875 0.10486111111111111 0.00546875 0.018055555555555554
7 0.3484375 0.017361111111111112 0.00625 0.015277777777777777
7 0.3765625 0.07152777777777777 0.0078125 0.015277777777777777
7 0.38828125 0.45625 0.0125 0.02638888888888889
7 0.70390625 0.9604166666666667 0.009375 0.03194444444444444
7 0.708984375 0.9701388888888889 0.01484375 0.03194444444444444
7 0.610546875 0.6722222222222223 0.01484375 0.030555555555555555
7 0.517578125 0.27291666666666664 0.01015625 0.020833333333333332
7 0.500390625 0.21875 0.01015625 0.020833333333333332
7 0.496875 0.16111111111111112 0.0078125 0.027777777777777776
7 0.445703125 0.06666666666666667 0.00703125 0.013888888888888888
7 0.44921875 0.05416666666666667 0.0078125 0.013888888888888888
7 0.444140625 0.02013888888888889 0.00703125 0.0125
7 0.49375 0.1125 0.0078125 0.016666666666666666
7 0.530078125 0.14722222222222223 0.00859375 0.013888888888888888
7 0.541015625 0.1638888888888889 0.00859375 0.013888888888888888
7 0.55703125 0.24930555555555556 0.0109375 0.03194444444444444
7 0.54765625 0.25625 0.009375 0.018055555555555554
7 0.53515625 0.11805555555555555 0.0078125 0.019444444444444445
7 0.54140625 0.02638888888888889 0.0046875 0.019444444444444445
7 0.8359375 0.38819444444444445 0.0078125 0.0375
