7 0.662109375 0.5520833333333334 0.02109375 0.059722222222222225
7 0.31875 0.6402777777777777 0.021875 0.06666666666666667
7 0.682421875 0.3798611111111111 0.01640625 0.04861111111111111
7 0.2546875 0.5083333333333333 0.0140625 0.08055555555555556
7 0.248046875 0.5201388888888889 0.01796875 0.08472222222222223
7 0.225390625 0.5291666666666667 0.01484375 0.07222222222222222
7 0.228125 0.5201388888888889 0.0125 0.0763888888888889
7 0.23203125 0.5104166666666666 0.0125 0.08194444444444444
7 0.238671875 0.5027777777777778 0.01328125 0.08055555555555556
7 0.52265625 0.06319444444444444 0.00625 0.020833333333333332
7 0.508203125 0.02361111111111111 0.00703125 0.019444444444444445
7 0.55 0.04722222222222222 0.0078125 0.019444444444444445
7 0.596875 0.12569444444444444 0.0078125 0.034722222222222224
7 0.59296875 0.11944444444444445 0.00625 0.03333333333333333
7 0.6609375 0.26875 0.0109375 0.0375
7 0.5546875 0.28194444444444444 0.0125 0.03611111111111111
