7 0.492578125 0.28055555555555556 0.02578125 0.06666666666666667
7 0.501953125 0.14375 0.01796875 0.05138888888888889
7 0.53203125 0.27847222222222223 0.0265625 0.0875
7 0.43515625 0.2111111111111111 0.01875 0.06388888888888888
7 0.39765625 0.08125 0.015625 0.04027777777777778
7 0.38828125 0.15763888888888888 0.0171875 0.04861111111111111
7 0.576953125 0.07777777777777778 0.01171875 0.03888888888888889
7 0.601171875 0.09166666666666666 0.01484375 0.03888888888888889
7 0.57421875 0.9465277777777777 0.071875 0.08472222222222223
7 0.41484375 0.09513888888888888 0.0125 0.04583333333333333
7 0.598046875 0.08263888888888889 0.01171875 0.029166666666666667
7 0.412109375 0.04722222222222222 0.01640625 0.03333333333333333
7 0.49140625 0.27847222222222223 0.021875 0.05416666666666667
7 0.503125 0.1451388888888889 0.0171875 0.043055555555555555
7 0.397265625 0.0798611111111111 0.01484375 0.02638888888888889
7 0.556640625 0.0763888888888889 0.01171875 0.03888888888888889
7 0.60078125 0.11388888888888889 0.0140625 0.03888888888888889
7 0.77109375 0.12986111111111112 0.0234375 0.04027777777777778
