7 0.246875 0.5909722222222222 0.0203125 0.07916666666666666
7 0.309375 0.3993055555555556 0.0171875 0.06805555555555555
7 0.318359375 0.425 0.01640625 0.05277777777777778
7 0.384375 0.30486111111111114 0.01875 0.04861111111111111
7 0.462890625 0.24861111111111112 0.01640625 0.044444444444444446
7 0.602734375 0.22777777777777777 0.01796875 0.041666666666666664
7 0.525390625 0.1375 0.01484375 0.03333333333333333
7 0.6390625 0.1388888888888889 0.009375 0.025
7 0.61875 0.09027777777777778 0.0125 0.025
7 0.4984375 0.08819444444444445 0.0125 0.02638888888888889
