7 0.5546875 0.81875 0.0296875 0.10416666666666667
7 0.19453125 0.6652777777777777 0.0203125 0.05
7 0.21796875 0.6569444444444444 0.025 0.075
7 0.30859375 0.5840277777777778 0.0234375 0.05694444444444444
7 0.355859375 0.5902777777777778 0.02265625 0.05555555555555555
7 0.435546875 0.4388888888888889 0.02109375 0.05277777777777778
7 0.38046875 0.4423611111111111 0.0203125 0.04583333333333333
7 0.368359375 0.33125 0.01640625 0.05416666666666667
7 0.386328125 0.29305555555555557 0.01328125 0.05555555555555555
7 0.421875 0.31666666666666665 0.0203125 0.05277777777777778
7 0.490234375 0.2548611111111111 0.01640625 0.04027777777777778
7 0.6109375 0.34930555555555554 0.0265625 0.05694444444444444
7 0.433984375 0.18888888888888888 0.01171875 0.03611111111111111
7 0.48203125 0.1111111111111111 0.0078125 0.025
