7 0.388671875 0.55625 0.01328125 0.02638888888888889
7 0.4828125 0.3472222222222222 0.009375 0.019444444444444445
7 0.418359375 0.7840277777777778 0.01484375 0.029166666666666667
7 0.51796875 0.475 0.0109375 0.022222222222222223
7 0.526171875 0.4444444444444444 0.01015625 0.022222222222222223
7 0.535546875 0.34652777777777777 0.00703125 0.015277777777777777
7 0.4734375 0.3472222222222222 0.009375 0.019444444444444445
7 0.4734375 0.3472222222222222 0.009375 0.019444444444444445
7 0.4734375 0.3472222222222222 0.009375 0.019444444444444445
7 0.4734375 0.3472222222222222 0.009375 0.019444444444444445
7 0.4734375 0.3472222222222222 0.009375 0.019444444444444445
7 0.53359375 0.4236111111111111 0.0078125 0.016666666666666666
7 0.533984375 0.4131944444444444 0.00859375 0.018055555555555554
7 0.547265625 0.34791666666666665 0.01015625 0.020833333333333332
7 0.538671875 0.3625 0.00703125 0.013888888888888888
7 0.4953125 0.2763888888888889 0.009375 0.016666666666666666
7 0.03359375 0.5375 0.0140625 0.027777777777777776
7 0.0875 0.6486111111111111 0.015625 0.030555555555555555
7 0.08359375 0.7416666666666667 0.015625 0.030555555555555555
7 0.21640625 0.7270833333333333 0.015625 0.029166666666666667
7 0.276953125 0.4875 0.01328125 0.027777777777777776
7 0.15390625 0.375 0.015625 0.025
7 0.220703125 0.28958333333333336 0.01796875 0.02638888888888889
7 0.26171875 0.2375 0.0109375 0.019444444444444445
7 0.293359375 0.2638888888888889 0.01171875 0.027777777777777776
7 0.341015625 0.1798611111111111 0.01328125 0.02361111111111111
7 0.361328125 0.17569444444444443 0.01015625 0.020833333333333332
7 0.37890625 0.18541666666666667 0.0109375 0.020833333333333332
7 0.39453125 0.16805555555555557 0.0078125 0.019444444444444445
7 0.404296875 0.15 0.01015625 0.022222222222222223
7 0.42421875 0.11875 0.009375 0.020833333333333332
7 0.371875 0.07222222222222222 0.0078125 0.016666666666666666
7 0.49765625 0.15416666666666667 0.009375 0.019444444444444445
7 0.915234375 0.8125 0.01484375 0.030555555555555555
7 0.877734375 0.7854166666666667 0.01640625 0.029166666666666667
7 0.833203125 0.8354166666666667 0.01171875 0.029166666666666667
7 0.81484375 0.8090277777777778 0.015625 0.034722222222222224
7 0.751953125 0.8236111111111111 0.01640625 0.03611111111111111
7 0.587109375 0.7541666666666667 0.01640625 0.025
7 0.57265625 0.7826388888888889 0.0125 0.02638888888888889
7 0.68046875 0.6159722222222223 0.0109375 0.020833333333333332
7 0.698828125 0.59375 0.01484375 0.029166666666666667
7 0.634765625 0.5666666666666667 0.01328125 0.025
7 0.5953125 0.5645833333333333 0.0125 0.02361111111111111
7 0.56640625 0.49444444444444446 0.009375 0.030555555555555555
7 0.563671875 0.47847222222222224 0.01171875 0.02361111111111111
7 0.63046875 0.4576388888888889 0.0125 0.02638888888888889
7 0.655078125 0.4965277777777778 0.01484375 0.020833333333333332
7 0.868359375 0.63125 0.01484375 0.02361111111111111
7 0.830078125 0.6770833333333334 0.01328125 0.02361111111111111
7 0.8890625 0.4798611111111111 0.0125 0.02638888888888889
7 0.87578125 0.44027777777777777 0.0109375 0.025
7 0.830859375 0.4791666666666667 0.01328125 0.022222222222222223
7 0.8203125 0.4597222222222222 0.009375 0.025
7 0.81484375 0.48055555555555557 0.0140625 0.022222222222222223
7 0.806640625 0.41041666666666665 0.01171875 0.02361111111111111
7 0.715625 0.5173611111111112 0.0125 0.029166666666666667
7 0.676171875 0.4479166666666667 0.01171875 0.02638888888888889
7 0.794921875 0.30277777777777776 0.01328125 0.022222222222222223
7 0.8453125 0.26180555555555557 0.009375 0.015277777777777777
7 0.846875 0.22847222222222222 0.0109375 0.018055555555555554
7 0.832421875 0.22708333333333333 0.01171875 0.020833333333333332
7 0.840625 0.19722222222222222 0.009375 0.022222222222222223
7 0.71328125 0.09236111111111112 0.009375 0.018055555555555554
7 0.783984375 0.09166666666666666 0.00859375 0.016666666666666666
7 0.771875 0.08263888888888889 0.00625 0.0125
7 0.80078125 0.07777777777777778 0.0078125 0.013888888888888888
7 0.818359375 0.059027777777777776 0.00859375 0.018055555555555554
7 0.845703125 0.0375 0.00859375 0.016666666666666666
7 0.798828125 0.04583333333333333 0.01015625 0.016666666666666666
7 0.790625 0.03680555555555556 0.00625 0.018055555555555554
7 0.040625 0.4777777777777778 0.0125 0.03611111111111111
7 0.126953125 0.3486111111111111 0.01328125 0.022222222222222223
7 0.230078125 0.1986111111111111 0.01171875 0.03888888888888889
7 0.301953125 0.19652777777777777 0.01015625 0.02361111111111111
7 0.385546875 0.05763888888888889 0.01015625 0.018055555555555554
7 0.385546875 0.03194444444444444 0.00859375 0.019444444444444445
7 0.48828125 0.03680555555555556 0.0078125 0.018055555555555554
7 0.43671875 0.5729166666666666 0.0125 0.029166666666666667
7 0.50234375 0.3076388888888889 0.0109375 0.02361111111111111
7 0.519140625 0.4597222222222222 0.01015625 0.019444444444444445
7 0.536328125 0.4027777777777778 0.01171875 0.03611111111111111
7 0.579296875 0.21388888888888888 0.00859375 0.03611111111111111
7 0.8625 0.04097222222222222 0.0078125 0.03194444444444444
7 0.875390625 0.28680555555555554 0.00703125 0.04583333333333333
7 0.86328125 0.11944444444444445 0.0109375 0.03333333333333333
7 0.865234375 0.16944444444444445 0.00703125 0.03611111111111111
7 0.943359375 0.8333333333333334 0.01484375 0.06111111111111111
