7 0.47109375 0.2673611111111111 0.009375 0.034722222222222224
7 0.33125 0.6236111111111111 0.01875 0.058333333333333334
7 0.401171875 0.3902777777777778 0.01328125 0.03333333333333333
7 0.419140625 0.21875 0.00859375 0.02638888888888889
7 0.496484375 0.23402777777777778 0.00859375 0.034722222222222224
7 0.427734375 0.14583333333333334 0.00546875 0.016666666666666666
7 0.45546875 0.21875 0.009375 0.029166666666666667
7 0.406640625 0.4263888888888889 0.01328125 0.05
7 0.39921875 0.13680555555555557 0.00625 0.020833333333333332
7 0.43125 0.08263888888888889 0.0046875 0.015277777777777777
7 0.440234375 0.07361111111111111 0.00390625 0.013888888888888888
7 0.494921875 0.21666666666666667 0.00546875 0.03333333333333333
7 0.382421875 0.1763888888888889 0.00546875 0.03611111111111111
