7 0.6765625 0.6645833333333333 0.021875 0.04583333333333333
7 0.96875 0.6902777777777778 0.01875 0.041666666666666664
7 0.594140625 0.2569444444444444 0.01484375 0.027777777777777776
7 0.62578125 0.48194444444444445 0.021875 0.03333333333333333
7 0.668359375 0.5152777777777777 0.02109375 0.030555555555555555
7 0.81796875 0.5819444444444445 0.01875 0.027777777777777776
7 0.790234375 0.6222222222222222 0.01953125 0.027777777777777776
7 0.83515625 0.5006944444444444 0.0265625 0.05138888888888889
7 0.493359375 0.3819444444444444 0.00859375 0.019444444444444445
7 0.583984375 0.07013888888888889 0.00703125 0.018055555555555554
7 0.5765625 0.05277777777777778 0.0078125 0.019444444444444445
7 0.0359375 0.7145833333333333 0.0109375 0.04583333333333333
7 0.0296875 0.6159722222222223 0.0125 0.04027777777777778
7 0.22421875 0.3076388888888889 0.0140625 0.04027777777777778
7 0.058203125 0.8506944444444444 0.01484375 0.06527777777777778
7 0.9265625 0.2659722222222222 0.0140625 0.04861111111111111
