7 0.1484375 0.53125 0.015625 0.034722222222222224
7 0.551953125 0.7777777777777778 0.00859375 0.019444444444444445
7 0.68203125 0.7965277777777777 0.0109375 0.02638888888888889
7 0.40078125 0.28958333333333336 0.009375 0.029166666666666667
7 0.36953125 0.4097222222222222 0.0125 0.019444444444444445
7 0.365234375 0.14444444444444443 0.00546875 0.013888888888888888
7 0.36015625 0.16666666666666666 0.00625 0.013888888888888888
7 0.391015625 0.11944444444444445 0.00546875 0.013888888888888888
7 0.332421875 0.2076388888888889 0.01015625 0.029166666666666667
7 0.3046875 0.24513888888888888 0.009375 0.029166666666666667
7 0.114453125 0.50625 0.01484375 0.034722222222222224
7 0.095703125 0.5590277777777778 0.01484375 0.034722222222222224
7 0.261328125 0.47430555555555554 0.01171875 0.018055555555555554
7 0.621875 0.5597222222222222 0.00625 0.025
7 0.68359375 0.5013888888888889 0.0078125 0.019444444444444445
7 0.380859375 0.9284722222222223 0.01484375 0.034722222222222224
7 0.404296875 0.8881944444444444 0.01484375 0.034722222222222224
7 0.416796875 0.9465277777777777 0.01484375 0.034722222222222224
7 0.412109375 0.91875 0.01484375 0.034722222222222224
7 0.408203125 0.95625 0.01484375 0.034722222222222224
7 0.38984375 0.9729166666666667 0.0125 0.0375
7 0.5875 0.7305555555555555 0.009375 0.019444444444444445
7 0.589453125 0.7680555555555556 0.00859375 0.019444444444444445
7 0.590234375 0.8041666666666667 0.00859375 0.019444444444444445
7 0.59296875 0.8458333333333333 0.009375 0.019444444444444445
7 0.583203125 0.8777777777777778 0.00859375 0.019444444444444445
7 0.60703125 0.8604166666666667 0.0109375 0.02638888888888889
7 0.6328125 0.8722222222222222 0.0109375 0.027777777777777776
7 0.633984375 0.8326388888888889 0.01171875 0.02638888888888889
7 0.62109375 0.8854166666666666 0.0109375 0.02638888888888889
7 0.637890625 0.9201388888888888 0.01171875 0.02638888888888889
7 0.582421875 0.6888888888888889 0.00859375 0.019444444444444445
7 0.58359375 0.6486111111111111 0.009375 0.019444444444444445
7 0.584765625 0.6611111111111111 0.00859375 0.019444444444444445
7 0.696875 0.8284722222222223 0.0109375 0.02638888888888889
7 0.71328125 0.8270833333333333 0.0109375 0.02638888888888889
7 0.72109375 0.7888888888888889 0.0109375 0.025
7 0.3640625 0.004861111111111111 0.0046875 0.009722222222222222
7 0.00625 0.5291666666666667 0.009375 0.03333333333333333
7 0.04296875 0.8326388888888889 0.0109375 0.04027777777777778
7 0.39375 0.9666666666666667 0.009375 0.027777777777777776
7 0.46328125 0.22152777777777777 0.00625 0.015277777777777777
7 0.46953125 0.22430555555555556 0.00625 0.009722222222222222
7 0.448046875 0.09791666666666667 0.00703125 0.029166666666666667
7 0.5734375 0.23194444444444445 0.0078125 0.013888888888888888
7 0.60859375 0.33819444444444446 0.0078125 0.015277777777777777
7 0.604296875 0.325 0.00703125 0.019444444444444445
7 0.63203125 0.42083333333333334 0.009375 0.022222222222222223
7 0.474609375 0.10486111111111111 0.00703125 0.02638888888888889
7 0.468359375 0.11666666666666667 0.00546875 0.013888888888888888
7 0.4890625 0.17777777777777778 0.0078125 0.016666666666666666
7 0.4859375 0.16180555555555556 0.0078125 0.018055555555555554
