7 0.7625 0.5131944444444444 0.01875 0.0375
7 0.5796875 0.28055555555555556 0.0171875 0.03888888888888889
7 0.576953125 0.38958333333333334 0.02265625 0.0375
7 0.536328125 0.2798611111111111 0.01953125 0.034722222222222224
7 0.321875 0.49027777777777776 0.021875 0.03888888888888889
7 0.66796875 0.20208333333333334 0.025 0.03194444444444444
7 0.339453125 0.5930555555555556 0.01640625 0.030555555555555555
7 0.299609375 0.5090277777777777 0.01796875 0.043055555555555555
7 0.4859375 0.12291666666666666 0.0171875 0.03194444444444444
7 0.31953125 0.16180555555555556 0.01875 0.0375
7 0.346484375 0.6534722222222222 0.02109375 0.03194444444444444
7 0.298046875 0.20694444444444443 0.01484375 0.030555555555555555
7 0.763671875 0.9854166666666667 0.02890625 0.02638888888888889
7 0.35 0.7722222222222223 0.021875 0.03333333333333333
7 0.327734375 0.9159722222222222 0.02109375 0.04027777777777778
7 0.41171875 0.6104166666666667 0.0234375 0.043055555555555555
7 0.318359375 0.6729166666666667 0.02109375 0.043055555555555555
7 0.376953125 0.5715277777777777 0.01953125 0.02638888888888889
7 0.299609375 0.5694444444444444 0.01640625 0.03333333333333333
7 0.753125 0.45416666666666666 0.01875 0.03611111111111111
7 0.97578125 0.8076388888888889 0.0203125 0.0375
7 0.96875 0.8020833333333334 0.0203125 0.043055555555555555
7 0.292578125 0.4465277777777778 0.01796875 0.02638888888888889
7 0.298828125 0.39861111111111114 0.01484375 0.030555555555555555
7 0.271484375 0.32013888888888886 0.01796875 0.02638888888888889
7 0.259765625 0.22291666666666668 0.01484375 0.02361111111111111
7 0.271875 0.19583333333333333 0.01875 0.030555555555555555
7 0.498046875 0.05277777777777778 0.01328125 0.025
7 0.416015625 0.024305555555555556 0.02109375 0.020833333333333332
7 0.296484375 0.14027777777777778 0.01953125 0.022222222222222223
7 0.2734375 0.15069444444444444 0.0125 0.020833333333333332
7 0.263671875 0.1284722222222222 0.01640625 0.018055555555555554
7 0.246484375 0.11458333333333333 0.01953125 0.020833333333333332
7 0.25390625 0.05347222222222222 0.0140625 0.02361111111111111
7 0.2609375 0.07430555555555556 0.0125 0.018055555555555554
7 0.55859375 0.07916666666666666 0.01875 0.030555555555555555
7 0.101171875 0.43333333333333335 0.01171875 0.04722222222222222
7 0.122265625 0.41805555555555557 0.01171875 0.04722222222222222
7 0.137109375 0.40694444444444444 0.01171875 0.04722222222222222
7 0.1796875 0.3576388888888889 0.0125 0.04583333333333333
7 0.135546875 0.4041666666666667 0.01171875 0.04722222222222222
7 0.153125 0.4465277777777778 0.015625 0.04861111111111111
