7 0.68984375 0.6604166666666667 0.0078125 0.020833333333333332
7 0.442578125 0.3388888888888889 0.00859375 0.027777777777777776
7 0.49609375 0.9291666666666667 0.0109375 0.027777777777777776
7 0.4984375 0.8361111111111111 0.0140625 0.025
7 0.51328125 0.7763888888888889 0.0125 0.027777777777777776
7 0.589453125 0.48055555555555557 0.01015625 0.022222222222222223
7 0.574609375 0.42083333333333334 0.00703125 0.022222222222222223
7 0.5453125 0.4777777777777778 0.009375 0.016666666666666666
7 0.645703125 0.11597222222222223 0.00546875 0.015277777777777777
7 0.6484375 0.14027777777777778 0.0046875 0.013888888888888888
7 0.65078125 0.12708333333333333 0.003125 0.009722222222222222
7 0.654296875 0.11458333333333333 0.00390625 0.0125
7 0.631640625 0.07777777777777778 0.00390625 0.011111111111111112
7 0.474609375 0.1840277777777778 0.00546875 0.018055555555555554
7 0.468359375 0.09236111111111112 0.00546875 0.015277777777777777
7 0.5046875 0.0763888888888889 0.0046875 0.016666666666666666
7 0.46640625 0.05 0.0046875 0.011111111111111112
7 0.467578125 0.03263888888888889 0.00390625 0.0125
7 0.46875 0.00625 0.003125 0.009722222222222222
7 0.728125 0.22569444444444445 0.00625 0.009722222222222222
7 0.72421875 0.20902777777777778 0.0046875 0.015277777777777777
7 0.1046875 0.8305555555555556 0.0078125 0.027777777777777776
7 0.11015625 0.8291666666666667 0.0078125 0.027777777777777776
7 0.131640625 0.8041666666666667 0.01015625 0.027777777777777776
7 0.13671875 0.8 0.0109375 0.030555555555555555
7 0.16484375 0.7638888888888888 0.0171875 0.03611111111111111
7 0.269921875 0.5333333333333333 0.01328125 0.022222222222222223
7 0.27578125 0.4965277777777778 0.00625 0.020833333333333332
7 0.2890625 0.47638888888888886 0.009375 0.019444444444444445
7 0.302734375 0.28680555555555554 0.00703125 0.018055555555555554
7 0.309375 0.28194444444444444 0.0046875 0.019444444444444445
7 0.286328125 0.28055555555555556 0.00546875 0.025
7 0.3265625 0.26458333333333334 0.0046875 0.020833333333333332
7 0.340625 0.13125 0.00625 0.015277777777777777
7 0.56953125 0.011111111111111112 0.00625 0.013888888888888888
7 0.571875 0.01875 0.00625 0.015277777777777777
7 0.6 0.07361111111111111 0.00625 0.019444444444444445
7 0.605859375 0.10833333333333334 0.00546875 0.027777777777777776
7 0.568359375 0.4847222222222222 0.01015625 0.019444444444444445
7 0.6640625 0.029861111111111113 0.00625 0.018055555555555554
7 0.644921875 0.010416666666666666 0.00546875 0.0125
7 0.712890625 0.2875 0.00859375 0.013888888888888888
