7 0.169921875 0.5819444444444445 0.01640625 0.08055555555555556
7 0.192578125 0.5694444444444444 0.01484375 0.08333333333333333
7 0.296484375 0.9430555555555555 0.03203125 0.075
7 0.183203125 0.5527777777777778 0.01640625 0.08611111111111111
7 0.634375 0.3798611111111111 0.0125 0.03194444444444444
7 0.195703125 0.5590277777777778 0.01484375 0.08194444444444444
7 0.1765625 0.5645833333333333 0.015625 0.09027777777777778
7 0.375390625 0.15416666666666667 0.01015625 0.030555555555555555
7 0.380078125 0.13819444444444445 0.00859375 0.02638888888888889
7 0.502734375 0.12986111111111112 0.00703125 0.034722222222222224
7 0.50859375 0.12291666666666666 0.00625 0.02361111111111111
7 0.541796875 0.25555555555555554 0.01015625 0.03333333333333333
7 0.520703125 0.3368055555555556 0.01015625 0.034722222222222224
