7 0.43828125 0.5958333333333333 0.015625 0.027777777777777776
7 0.659765625 0.4638888888888889 0.01328125 0.027777777777777776
7 0.73203125 0.8826388888888889 0.0171875 0.059722222222222225
7 0.51953125 0.4263888888888889 0.0125 0.019444444444444445
7 0.684765625 0.5958333333333333 0.01484375 0.019444444444444445
7 0.269921875 0.4354166666666667 0.01328125 0.029166666666666667
7 0.026953125 0.4465277777777778 0.00859375 0.04583333333333333
7 0.28515625 0.8354166666666667 0.0203125 0.03194444444444444
7 0.28203125 0.32430555555555557 0.0109375 0.02361111111111111
7 0.2828125 0.25555555555555554 0.009375 0.022222222222222223
7 0.27890625 0.2361111111111111 0.009375 0.022222222222222223
7 0.28828125 0.18055555555555555 0.0078125 0.019444444444444445
7 0.286328125 0.2111111111111111 0.01015625 0.019444444444444445
7 0.309765625 0.19583333333333333 0.00859375 0.019444444444444445
7 0.3203125 0.1798611111111111 0.00625 0.015277777777777777
7 0.330859375 0.1986111111111111 0.00859375 0.022222222222222223
7 0.2984375 0.07083333333333333 0.0078125 0.022222222222222223
7 0.68125 0.825 0.0171875 0.03333333333333333
7 0.56796875 0.68125 0.01875 0.02638888888888889
7 0.59375 0.10416666666666667 0.009375 0.016666666666666666
7 0.601953125 0.12430555555555556 0.00859375 0.015277777777777777
7 0.58671875 0.019444444444444445 0.0078125 0.019444444444444445
7 0.5703125 0.011111111111111112 0.009375 0.016666666666666666
7 0.04609375 0.5097222222222222 0.009375 0.044444444444444446
7 0.00390625 0.5083333333333333 0.00625 0.03888888888888889
7 0.0109375 0.4736111111111111 0.0109375 0.044444444444444446
7 0.0203125 0.4527777777777778 0.0109375 0.044444444444444446
7 0.071484375 0.39861111111111114 0.01015625 0.04722222222222222
7 0.082421875 0.4166666666666667 0.00859375 0.044444444444444446
7 0.089453125 0.4097222222222222 0.00859375 0.04722222222222222
7 0.08046875 0.36875 0.0109375 0.043055555555555555
7 0.1234375 0.1951388888888889 0.0078125 0.04027777777777778
7 0.606640625 0.98125 0.01640625 0.02638888888888889
7 0.688671875 0.9868055555555556 0.01171875 0.015277777777777777
7 0.62265625 0.11736111111111111 0.0078125 0.0375
7 0.613671875 0.04027777777777778 0.00703125 0.016666666666666666
7 0.674609375 0.36666666666666664 0.01015625 0.04722222222222222
7 0.91640625 0.30416666666666664 0.0109375 0.03888888888888889
7 0.93359375 0.29583333333333334 0.0078125 0.03333333333333333
7 0.961328125 0.29930555555555555 0.00859375 0.03194444444444444
7 0.90546875 0.35625 0.009375 0.04583333333333333
7 0.875390625 0.36527777777777776 0.00859375 0.03888888888888889
