7 0.1675 0.6773584905660377 0.187 0.6226415094339622
7 0.3915 0.0509433962264151 0.023 0.04150943396226415
7 0.4295 0.04150943396226415 0.019 0.03018867924528302
7 0.662 0.12264150943396226 0.02 0.04150943396226415
7 0.594 0.09716981132075472 0.018 0.03962264150943396
7 0.6065 0.06886792452830189 0.015 0.035849056603773584
7 0.578 0.06037735849056604 0.014 0.03018867924528302
7 0.621 0.052830188679245285 0.014 0.03773584905660377
7 0.912 0.33867924528301885 0.03 0.1
7 0.903 0.3150943396226415 0.028 0.06415094339622641
