7 0.415625 0.6805555555555556 0.0125 0.03333333333333333
7 0.309375 0.69375 0.0140625 0.034722222222222224
7 0.31171875 0.6465277777777778 0.0140625 0.034722222222222224
7 0.309765625 0.6229166666666667 0.01796875 0.04583333333333333
7 0.340234375 0.4618055555555556 0.01015625 0.03194444444444444
7 0.321484375 0.49930555555555556 0.01015625 0.029166666666666667
7 0.437109375 0.4354166666666667 0.01015625 0.03194444444444444
7 0.4484375 0.4048611111111111 0.0109375 0.029166666666666667
7 0.463671875 0.29305555555555557 0.01171875 0.025
7 0.42109375 0.23541666666666666 0.009375 0.02361111111111111
7 0.427734375 0.19722222222222222 0.01015625 0.022222222222222223
7 0.39296875 0.20277777777777778 0.0125 0.025
7 0.382421875 0.21875 0.01015625 0.02361111111111111
7 0.11484375 0.14166666666666666 0.0140625 0.041666666666666664
7 0.1375 0.12152777777777778 0.0125 0.04583333333333333
7 0.157421875 0.10138888888888889 0.00859375 0.03888888888888889
7 0.089453125 0.25069444444444444 0.01015625 0.02638888888888889
7 0.05859375 0.2534722222222222 0.0140625 0.0375
7 0.21015625 0.3736111111111111 0.0171875 0.027777777777777776
7 0.516796875 0.14791666666666667 0.00859375 0.034722222222222224
7 0.52578125 0.10625 0.0078125 0.04027777777777778
7 0.526953125 0.0875 0.00546875 0.025
7 0.664453125 0.5881944444444445 0.01328125 0.029166666666666667
7 0.6609375 0.5159722222222223 0.0125 0.0375
7 0.600390625 0.47847222222222224 0.01328125 0.03194444444444444
7 0.55546875 0.5076388888888889 0.0109375 0.029166666666666667
7 0.5765625 0.48680555555555555 0.0125 0.02361111111111111
7 0.7890625 0.5666666666666667 0.015625 0.03611111111111111
7 0.62734375 0.044444444444444446 0.0109375 0.030555555555555555
7 0.59921875 0.16805555555555557 0.0078125 0.03888888888888889
7 0.74765625 0.08472222222222223 0.009375 0.019444444444444445
7 0.2625 0.10277777777777777 0.0140625 0.030555555555555555
7 0.844921875 0.6305555555555555 0.01640625 0.03888888888888889
7 0.834765625 0.3090277777777778 0.01015625 0.04583333333333333
7 0.6515625 0.022222222222222223 0.0109375 0.041666666666666664
7 0.658984375 0.021527777777777778 0.01484375 0.0375
7 0.562109375 0.21597222222222223 0.01015625 0.020833333333333332
7 0.597265625 0.2388888888888889 0.01328125 0.025
7 0.619140625 0.2965277777777778 0.01328125 0.02638888888888889
