7 0.530078125 0.34097222222222223 0.01484375 0.02361111111111111
7 0.5984375 0.5451388888888888 0.01875 0.034722222222222224
7 0.441015625 0.15069444444444444 0.01015625 0.02638888888888889
7 0.6296875 0.32916666666666666 0.0140625 0.022222222222222223
7 0.569921875 0.24375 0.01328125 0.029166666666666667
7 0.715234375 0.7673611111111112 0.01953125 0.03194444444444444
7 0.3171875 0.49375 0.0125 0.02638888888888889
7 0.31328125 0.4548611111111111 0.0125 0.029166666666666667
7 0.30546875 0.41180555555555554 0.021875 0.020833333333333332
7 0.482421875 0.11041666666666666 0.00859375 0.018055555555555554
7 0.48984375 0.1326388888888889 0.009375 0.020833333333333332
7 0.3546875 0.058333333333333334 0.0078125 0.016666666666666666
7 0.384765625 0.06736111111111111 0.01171875 0.0125
7 0.39765625 0.07847222222222222 0.009375 0.015277777777777777
7 0.36796875 0.024305555555555556 0.009375 0.015277777777777777
7 0.500390625 0.2625 0.01015625 0.019444444444444445
7 0.5625 0.43194444444444446 0.0109375 0.019444444444444445
7 0.164453125 0.36319444444444443 0.00546875 0.02638888888888889
7 0.191796875 0.3451388888888889 0.00546875 0.02638888888888889
7 0.168359375 0.36041666666666666 0.00546875 0.02638888888888889
7 0.172265625 0.36180555555555555 0.00546875 0.02638888888888889
7 0.6859375 0.09166666666666666 0.009375 0.03333333333333333
7 0.519140625 0.024305555555555556 0.02109375 0.02361111111111111
7 0.55078125 0.052083333333333336 0.009375 0.02361111111111111
