7 0.344921875 0.17113564668769715 0.01796875 0.09305993690851735
7 0.50390625 0.16246056782334384 0.0203125 0.08832807570977919
7 0.787890625 0.33753943217665616 0.03046875 0.10410094637223975
7 0.84375 0.3422712933753943 0.0296875 0.07255520504731862
7 0.740625 0.3115141955835962 0.0296875 0.08990536277602523
7 0.825 0.4313880126182965 0.0296875 0.11198738170347003
7 0.90078125 0.5370662460567823 0.04375 0.1529968454258675
7 0.866015625 0.6080441640378549 0.04453125 0.15930599369085174
7 0.2984375 0.4605678233438486 0.0375 0.10725552050473186
7 0.696875 0.018138801261829655 0.0125 0.026813880126182965
7 0.301171875 0.4597791798107255 0.04140625 0.12460567823343849
7 0.70625 0.04968454258675079 0.015625 0.03627760252365931
