7 0.75 0.8618055555555556 0.0109375 0.029166666666666667
7 0.69921875 0.8979166666666667 0.0109375 0.02361111111111111
7 0.6453125 0.8909722222222223 0.0109375 0.018055555555555554
7 0.642578125 0.8152777777777778 0.00859375 0.025
7 0.6453125 0.7673611111111112 0.0109375 0.015277777777777777
7 0.641796875 0.7326388888888888 0.01171875 0.02361111111111111
7 0.6375 0.6784722222222223 0.009375 0.020833333333333332
7 0.636328125 0.6402777777777777 0.00859375 0.016666666666666666
7 0.6390625 0.6208333333333333 0.009375 0.022222222222222223
7 0.6609375 0.8826388888888889 0.0109375 0.029166666666666667
7 0.68046875 0.8840277777777777 0.0109375 0.029166666666666667
7 0.687890625 0.8555555555555555 0.00859375 0.022222222222222223
7 0.692578125 0.8215277777777777 0.01171875 0.029166666666666667
7 0.745703125 0.8395833333333333 0.01171875 0.029166666666666667
7 0.36953125 0.5791666666666667 0.009375 0.013888888888888888
7 0.360546875 0.40902777777777777 0.00859375 0.015277777777777777
7 0.401171875 0.3145833333333333 0.00859375 0.015277777777777777
7 0.546484375 0.6131944444444445 0.00703125 0.0375
7 0.5828125 0.4041666666666667 0.0046875 0.013888888888888888
7 0.668359375 0.4027777777777778 0.00390625 0.013888888888888888
7 0.699609375 0.4465277777777778 0.00546875 0.015277777777777777
7 0.708203125 0.4597222222222222 0.00546875 0.016666666666666666
7 0.708203125 0.4597222222222222 0.00546875 0.016666666666666666
7 0.695703125 0.4305555555555556 0.00546875 0.016666666666666666
7 0.690234375 0.4152777777777778 0.00546875 0.016666666666666666
7 0.671484375 0.40555555555555556 0.00390625 0.013888888888888888
7 0.605859375 0.8020833333333334 0.00703125 0.02361111111111111
7 0.544140625 0.5555555555555556 0.00703125 0.011111111111111112
7 0.1671875 0.8076388888888889 0.0078125 0.02361111111111111
7 0.356640625 0.8430555555555556 0.01015625 0.03888888888888889
7 0.079296875 0.7993055555555556 0.01171875 0.034722222222222224
7 0.0890625 0.7597222222222222 0.0109375 0.03333333333333333
7 0.0796875 0.7708333333333334 0.0109375 0.03333333333333333
7 0.0625 0.7972222222222223 0.0109375 0.03333333333333333
7 0.3453125 0.8743055555555556 0.009375 0.0375
7 0.405078125 0.2743055555555556 0.00546875 0.015277777777777777
7 0.077734375 0.47708333333333336 0.01328125 0.03194444444444444
7 0.303515625 0.3013888888888889 0.00859375 0.025
7 0.315625 0.27847222222222223 0.0078125 0.03194444444444444
7 0.4390625 0.14375 0.0078125 0.018055555555555554
7 0.440625 0.09513888888888888 0.00625 0.015277777777777777
7 0.53046875 0.03611111111111111 0.00625 0.013888888888888888
7 0.53359375 0.12916666666666668 0.00625 0.016666666666666666
7 0.555859375 0.17708333333333334 0.00703125 0.015277777777777777
7 0.548828125 0.17291666666666666 0.00703125 0.018055555555555554
7 0.554296875 0.19027777777777777 0.00859375 0.016666666666666666
7 0.555078125 0.40694444444444444 0.00703125 0.03333333333333333
7 0.64375 0.7076388888888889 0.009375 0.02638888888888889
7 0.6453125 0.8534722222222222 0.0109375 0.02361111111111111
7 0.756640625 0.8965277777777778 0.01015625 0.03194444444444444
7 0.765625 0.9215277777777777 0.0140625 0.029166666666666667
7 0.669140625 0.4638888888888889 0.01171875 0.030555555555555555
7 0.65546875 0.2520833333333333 0.009375 0.020833333333333332
7 0.5390625 0.07152777777777777 0.0078125 0.029166666666666667
7 0.021484375 0.7479166666666667 0.01015625 0.034722222222222224
7 0.025390625 0.7479166666666667 0.01171875 0.02638888888888889
7 0.5375 0.22708333333333333 0.0078125 0.02638888888888889
7 0.70078125 0.9736111111111111 0.0109375 0.03333333333333333
