7 0.63125 0.3298611111111111 0.0265625 0.08472222222222223
7 0.3640625 0.625 0.0421875 0.11666666666666667
7 0.511328125 0.6444444444444445 0.04453125 0.14722222222222223
7 0.337109375 0.22847222222222222 0.02109375 0.05694444444444444
7 0.949609375 0.8256944444444444 0.06484375 0.20972222222222223
7 0.421875 0.1388888888888889 0.015625 0.04722222222222222
7 0.537109375 0.14583333333333334 0.01640625 0.058333333333333334
7 0.377734375 0.06458333333333334 0.01171875 0.02638888888888889
7 0.39296875 0.050694444444444445 0.0109375 0.02361111111111111
7 0.3640625 0.5888888888888889 0.0453125 0.09722222222222222
