7 0.4640625 0.8486111111111111 0.0078125 0.03888888888888889
7 0.73515625 0.9034722222222222 0.0140625 0.020833333333333332
7 0.71953125 0.8409722222222222 0.0125 0.02361111111111111
7 0.477734375 0.8645833333333334 0.00859375 0.03194444444444444
7 0.57265625 0.8881944444444444 0.015625 0.029166666666666667
7 0.541015625 0.8875 0.01171875 0.030555555555555555
7 0.574609375 0.85 0.00859375 0.027777777777777776
7 0.587890625 0.8541666666666666 0.01015625 0.025
7 0.5828125 0.8715277777777778 0.0078125 0.02638888888888889
7 0.587890625 0.8826388888888889 0.01171875 0.029166666666666667
7 0.595703125 0.8902777777777777 0.01015625 0.022222222222222223
7 0.594140625 0.9090277777777778 0.01484375 0.0375
7 0.5984375 0.9381944444444444 0.0078125 0.02638888888888889
7 0.59765625 0.7527777777777778 0.0078125 0.03611111111111111
7 0.7375 0.7451388888888889 0.0109375 0.02361111111111111
7 0.71640625 0.7263888888888889 0.0109375 0.019444444444444445
7 0.773046875 0.7506944444444444 0.01328125 0.029166666666666667
7 0.787890625 0.7208333333333333 0.01015625 0.022222222222222223
7 0.777734375 0.6895833333333333 0.00859375 0.020833333333333332
7 0.728125 0.6256944444444444 0.0078125 0.018055555555555554
7 0.732421875 0.5972222222222222 0.00859375 0.019444444444444445
7 0.721484375 0.5888888888888889 0.00703125 0.019444444444444445
7 0.752734375 0.55 0.00859375 0.025
7 0.78125 0.5972222222222222 0.009375 0.025
7 0.7109375 0.53125 0.0078125 0.018055555555555554
7 0.68671875 0.44722222222222224 0.009375 0.016666666666666666
7 0.67890625 0.41805555555555557 0.00625 0.019444444444444445
7 0.668359375 0.4201388888888889 0.00859375 0.020833333333333332
7 0.656640625 0.39791666666666664 0.00859375 0.020833333333333332
7 0.640625 0.39166666666666666 0.0078125 0.016666666666666666
7 0.633984375 0.4111111111111111 0.00703125 0.013888888888888888
7 0.720703125 0.42083333333333334 0.00859375 0.019444444444444445
7 0.715234375 0.38958333333333334 0.00546875 0.018055555555555554
7 0.706640625 0.37569444444444444 0.00703125 0.020833333333333332
7 0.696484375 0.35208333333333336 0.00703125 0.020833333333333332
7 0.707421875 0.32569444444444445 0.00703125 0.02361111111111111
7 0.7171875 0.35347222222222224 0.00625 0.018055555555555554
7 0.719140625 0.3701388888888889 0.00703125 0.018055555555555554
7 0.585546875 0.26944444444444443 0.00859375 0.016666666666666666
7 0.6015625 0.23333333333333334 0.0078125 0.022222222222222223
7 0.587890625 0.22708333333333333 0.00703125 0.020833333333333332
7 0.597265625 0.20277777777777778 0.00546875 0.013888888888888888
7 0.60546875 0.18055555555555555 0.0078125 0.013888888888888888
7 0.59375 0.11180555555555556 0.00625 0.018055555555555554
7 0.598828125 0.09444444444444444 0.00390625 0.016666666666666666
7 0.58515625 0.09305555555555556 0.0078125 0.016666666666666666
7 0.2140625 0.5458333333333333 0.009375 0.030555555555555555
7 0.211328125 0.49375 0.01015625 0.034722222222222224
7 0.2203125 0.44930555555555557 0.00625 0.029166666666666667
7 0.213671875 0.44305555555555554 0.00546875 0.022222222222222223
7 0.20703125 0.44930555555555557 0.00625 0.03194444444444444
7 0.21875 0.43333333333333335 0.00625 0.027777777777777776
7 0.401171875 0.31666666666666665 0.00703125 0.019444444444444445
7 0.439453125 0.3111111111111111 0.00703125 0.013888888888888888
7 0.4828125 0.020833333333333332 0.00625 0.013888888888888888
7 0.4953125 0.011111111111111112 0.0046875 0.013888888888888888
7 0.16953125 0.9625 0.015625 0.030555555555555555
7 0.104296875 0.7090277777777778 0.01171875 0.034722222222222224
7 0.074609375 0.6951388888888889 0.01171875 0.0375
7 0.07421875 0.5930555555555556 0.0109375 0.03333333333333333
7 0.07421875 0.5590277777777778 0.0109375 0.03194444444444444
7 0.158984375 0.3958333333333333 0.00703125 0.022222222222222223
7 0.34140625 0.2548611111111111 0.00625 0.029166666666666667
7 0.398046875 0.16597222222222222 0.00546875 0.02638888888888889
7 0.47578125 0.09861111111111111 0.00625 0.016666666666666666
7 0.482421875 0.075 0.00703125 0.016666666666666666
7 0.49609375 0.09583333333333334 0.00625 0.016666666666666666
7 0.540234375 0.33055555555555555 0.00546875 0.027777777777777776
7 0.5546875 0.33541666666666664 0.0078125 0.02361111111111111
7 0.546484375 0.3388888888888889 0.00859375 0.019444444444444445
7 0.668359375 0.42291666666666666 0.00859375 0.018055555555555554
7 0.68125 0.49722222222222223 0.0109375 0.016666666666666666
7 0.661328125 0.8381944444444445 0.01328125 0.02361111111111111
7 0.70078125 0.9791666666666666 0.0140625 0.025
7 0.7359375 0.9652777777777778 0.0140625 0.03333333333333333
7 0.734765625 0.8888888888888888 0.01171875 0.019444444444444445
7 0.802734375 0.6076388888888888 0.01015625 0.02638888888888889
7 0.7 0.16944444444444445 0.0078125 0.016666666666666666
7 0.7875 0.5319444444444444 0.00625 0.025
7 0.593359375 0.9486111111111111 0.01171875 0.03611111111111111
7 0.53046875 0.8895833333333333 0.009375 0.03194444444444444
7 0.50078125 0.8777777777777778 0.0140625 0.030555555555555555
7 0.459765625 0.8611111111111112 0.01171875 0.044444444444444446
7 0.429296875 0.8604166666666667 0.01171875 0.04027777777777778
