7 0.235546875 0.4666666666666667 0.01484375 0.07777777777777778
7 0.650390625 0.42083333333333334 0.01953125 0.04722222222222222
7 0.26171875 0.4625 0.015625 0.08611111111111111
7 0.420703125 0.3951388888888889 0.01796875 0.05694444444444444
7 0.64453125 0.33958333333333335 0.0140625 0.04861111111111111
7 0.242578125 0.4618055555555556 0.01171875 0.07916666666666666
7 0.28984375 0.6597222222222222 0.025 0.075
7 0.26171875 0.45208333333333334 0.0171875 0.08194444444444444
7 0.25234375 0.44583333333333336 0.0140625 0.08611111111111111
7 0.246484375 0.4513888888888889 0.01171875 0.08333333333333333
7 0.69921875 0.28958333333333336 0.0125 0.04861111111111111
7 0.65078125 0.4270833333333333 0.0171875 0.04583333333333333
