7 0.043359375 0.46597222222222223 0.01171875 0.04583333333333333
7 0.028125 0.46597222222222223 0.0109375 0.05138888888888889
7 0.723046875 0.6541666666666667 0.01640625 0.027777777777777776
7 0.691015625 0.5402777777777777 0.01328125 0.027777777777777776
7 0.3453125 0.9083333333333333 0.01875 0.027777777777777776
7 0.64375 0.3486111111111111 0.0125 0.019444444444444445
7 0.499609375 0.48055555555555557 0.01484375 0.025
7 0.166015625 0.1673611111111111 0.00859375 0.0375
7 0.059765625 0.41041666666666665 0.01171875 0.04583333333333333
7 0.434375 0.10138888888888889 0.0109375 0.022222222222222223
7 0.301953125 0.8409722222222222 0.01953125 0.04027777777777778
7 0.35078125 0.4041666666666667 0.0109375 0.025
7 0.3484375 0.24861111111111112 0.0109375 0.025
7 0.34453125 0.1736111111111111 0.0109375 0.022222222222222223
7 0.335546875 0.14166666666666666 0.01015625 0.022222222222222223
7 0.45546875 0.13680555555555557 0.0109375 0.020833333333333332
7 0.543359375 0.8909722222222223 0.01640625 0.0375
7 0.807421875 0.8888888888888888 0.01796875 0.03611111111111111
7 0.8375 0.9770833333333333 0.0203125 0.034722222222222224
7 0.609765625 0.5194444444444445 0.01484375 0.027777777777777776
7 0.622265625 0.4097222222222222 0.01484375 0.027777777777777776
7 0.6796875 0.37083333333333335 0.015625 0.022222222222222223
7 0.622265625 0.20902777777777778 0.01015625 0.018055555555555554
7 0.658203125 0.2 0.01015625 0.016666666666666666
7 0.082421875 0.38472222222222224 0.01015625 0.04722222222222222
7 0.040625 0.29791666666666666 0.009375 0.02638888888888889
7 0.054296875 0.27847222222222223 0.01015625 0.034722222222222224
7 0.10703125 0.14097222222222222 0.009375 0.0375
7 0.1140625 0.12777777777777777 0.0078125 0.03888888888888889
7 0.15625 0.15347222222222223 0.009375 0.03194444444444444
7 0.170703125 0.1527777777777778 0.01171875 0.03333333333333333
7 0.344921875 0.9173611111111111 0.01640625 0.034722222222222224
7 0.594921875 0.21597222222222223 0.01015625 0.04583333333333333
7 0.701953125 0.18055555555555555 0.01015625 0.03888888888888889
7 0.8375 0.9590277777777778 0.0171875 0.029166666666666667
7 0.908203125 0.3298611111111111 0.01015625 0.043055555555555555
7 0.940625 0.32222222222222224 0.0109375 0.044444444444444446
7 0.948828125 0.3298611111111111 0.00859375 0.04027777777777778
7 0.95078125 0.26875 0.0109375 0.034722222222222224
7 0.967578125 0.2652777777777778 0.00703125 0.03333333333333333
7 0.99453125 0.26666666666666666 0.0078125 0.030555555555555555
