7 0.781640625 0.46845425867507884 0.03828125 0.11987381703470032
7 0.365234375 0.43690851735015773 0.03515625 0.09779179810725552
7 0.17109375 0.8903785488958991 0.0671875 0.19085173501577288
7 0.784765625 0.23738170347003154 0.02421875 0.06466876971608833
7 0.463671875 0.14668769716088328 0.01796875 0.056782334384858045
7 0.416796875 0.2113564668769716 0.02109375 0.07255520504731862
7 0.544921875 0.09621451104100946 0.01484375 0.05362776025236593
7 0.817578125 0.3272870662460568 0.03046875 0.07097791798107256
7 0.45078125 0.3422712933753943 0.028125 0.0946372239747634
7 0.454296875 0.2334384858044164 0.02421875 0.06624605678233439
7 0.74921875 0.15141955835962145 0.0171875 0.03785488958990536
7 0.690234375 0.017350157728706624 0.01328125 0.022082018927444796
7 0.69296875 0.02917981072555205 0.0125 0.02365930599369085
7 0.717578125 0.06545741324921135 0.01640625 0.033123028391167195
7 0.809765625 0.3194006309148265 0.01953125 0.08990536277602523
