7 0.147265625 0.49583333333333335 0.01328125 0.08055555555555556
7 0.13125 0.4861111111111111 0.015625 0.08055555555555556
7 0.112890625 0.49375 0.01171875 0.08194444444444444
7 0.3328125 0.3145833333333333 0.0140625 0.0625
7 0.146875 0.47708333333333336 0.01875 0.08194444444444444
7 0.131640625 0.4479166666666667 0.01640625 0.029166666666666667
7 0.4546875 0.022222222222222223 0.009375 0.013888888888888888
7 0.528515625 0.16597222222222222 0.00859375 0.03194444444444444
7 0.45859375 0.24305555555555555 0.0125 0.022222222222222223
7 0.505078125 0.08611111111111111 0.00703125 0.03611111111111111
7 0.473046875 0.07291666666666667 0.00859375 0.015277777777777777
7 0.46875 0.04027777777777778 0.0078125 0.025
