7 0.184375 0.6854166666666667 0.0109375 0.059722222222222225
7 0.128125 0.83125 0.0171875 0.06527777777777778
7 0.202734375 0.6805555555555556 0.01328125 0.06388888888888888
7 0.8984375 0.9208333333333333 0.0203125 0.06111111111111111
7 0.3078125 0.2972222222222222 0.0109375 0.05
7 0.215234375 0.4423611111111111 0.00859375 0.04583333333333333
7 0.548046875 0.28680555555555554 0.01171875 0.02361111111111111
7 0.60390625 0.2875 0.009375 0.027777777777777776
7 0.583984375 0.40625 0.01015625 0.03194444444444444
7 0.87734375 0.4618055555555556 0.0140625 0.02638888888888889
7 0.841015625 0.32013888888888886 0.01328125 0.02638888888888889
7 0.8640625 0.30833333333333335 0.0125 0.030555555555555555
7 0.909765625 0.18333333333333332 0.01171875 0.022222222222222223
7 0.815234375 0.17708333333333334 0.01015625 0.02638888888888889
7 0.85390625 0.18888888888888888 0.0078125 0.019444444444444445
7 0.95390625 0.38333333333333336 0.0140625 0.030555555555555555
7 0.933984375 0.6770833333333334 0.01015625 0.029166666666666667
7 0.95546875 0.7048611111111112 0.015625 0.034722222222222224
7 0.95234375 0.8826388888888889 0.0171875 0.029166666666666667
7 0.301953125 0.5506944444444445 0.01328125 0.06527777777777778
7 0.898046875 0.06041666666666667 0.01015625 0.018055555555555554
7 0.719921875 0.13472222222222222 0.01015625 0.027777777777777776
7 0.572265625 0.07013888888888889 0.00546875 0.020833333333333332
7 0.580078125 0.05416666666666667 0.00546875 0.022222222222222223
7 0.572265625 0.04027777777777778 0.00546875 0.022222222222222223
7 0.589453125 0.03958333333333333 0.00546875 0.020833333333333332
7 0.6015625 0.02013888888888889 0.00625 0.015277777777777777
7 0.326953125 0.2861111111111111 0.01484375 0.05
7 0.889453125 0.014583333333333334 0.01015625 0.02638888888888889
7 0.908984375 0.6131944444444445 0.00859375 0.029166666666666667
7 0.995703125 0.5715277777777777 0.00703125 0.02361111111111111
