7 0.25078125 0.5458333333333333 0.021875 0.06388888888888888
7 0.14296875 0.5340277777777778 0.015625 0.08194444444444444
7 0.580078125 0.5576388888888889 0.01796875 0.05416666666666667
7 0.160546875 0.5333333333333333 0.01328125 0.08055555555555556
7 0.176953125 0.5388888888888889 0.01640625 0.07777777777777778
7 0.177734375 0.5215277777777778 0.01484375 0.07916666666666666
7 0.167578125 0.5131944444444444 0.01171875 0.08472222222222223
7 0.52890625 0.13472222222222222 0.00625 0.030555555555555555
7 0.46015625 0.05694444444444444 0.0078125 0.013888888888888888
7 0.47734375 0.04513888888888889 0.009375 0.015277777777777777
7 0.4734375 0.07013888888888889 0.0078125 0.0125
