7 0.36484375 0.4444444444444444 0.0140625 0.08333333333333333
7 0.464453125 0.9541666666666667 0.03515625 0.08333333333333333
7 0.964453125 0.6694444444444444 0.02578125 0.075
7 0.34921875 0.43472222222222223 0.0125 0.07777777777777778
7 0.344140625 0.45 0.01484375 0.06944444444444445
7 0.368359375 0.43472222222222223 0.01171875 0.08055555555555556
7 0.35703125 0.4284722222222222 0.0109375 0.08194444444444444
7 0.348046875 0.45208333333333334 0.01015625 0.059722222222222225
7 0.63828125 0.024305555555555556 0.0078125 0.018055555555555554
7 0.637890625 0.020833333333333332 0.00859375 0.027777777777777776
7 0.65 0.021527777777777778 0.0078125 0.020833333333333332
7 0.647265625 0.011111111111111112 0.00703125 0.019444444444444445
7 0.671875 0.020833333333333332 0.0078125 0.019444444444444445
7 0.682421875 0.03819444444444445 0.00703125 0.020833333333333332
7 0.714453125 0.06041666666666667 0.00546875 0.029166666666666667
7 0.719140625 0.06805555555555555 0.00546875 0.03333333333333333
7 0.472265625 0.26666666666666666 0.01640625 0.03611111111111111
