7 0.53828125 0.4597791798107255 0.0296875 0.10252365930599369
7 0.83203125 0.638801261829653 0.0546875 0.0946372239747634
7 0.33828125 0.4503154574132492 0.01875 0.09936908517350158
7 0.71796875 0.23974763406940064 0.0171875 0.04100946372239748
7 0.423046875 0.33675078864353314 0.02265625 0.07728706624605679
7 0.54375 0.15694006309148265 0.0125 0.03627760252365931
7 0.675 0.12854889589905363 0.0140625 0.026813880126182965
7 0.32890625 0.44637223974763407 0.0265625 0.0914826498422713
7 0.48046875 0.10094637223974763 0.0109375 0.028391167192429023
7 0.473046875 0.12302839116719243 0.01328125 0.031545741324921134
7 0.488671875 0.12066246056782334 0.01171875 0.033123028391167195
7 0.52109375 0.06309148264984227 0.0109375 0.031545741324921134
7 0.536328125 0.03548895899053628 0.00859375 0.02050473186119874
7 0.63984375 0.08675078864353312 0.0140625 0.025236593059936908
7 0.652734375 0.09858044164037855 0.01171875 0.02365930599369085
7 0.816015625 0.6766561514195584 0.02421875 0.17034700315457413
