7 0.140625 0.5020833333333333 0.015625 0.0763888888888889
7 0.15703125 0.5 0.015625 0.08333333333333333
7 0.119921875 0.5034722222222222 0.01484375 0.08194444444444444
7 0.7875 0.6965277777777777 0.0265625 0.07361111111111111
7 0.789453125 0.6958333333333333 0.02421875 0.06666666666666667
7 0.444921875 0.034722222222222224 0.00859375 0.016666666666666666
7 0.1375 0.4618055555555556 0.0203125 0.04027777777777778
7 0.151953125 0.4895833333333333 0.01640625 0.08194444444444444
7 0.522265625 0.5479166666666667 0.01953125 0.05694444444444444
7 0.474609375 0.05 0.00703125 0.030555555555555555
7 0.5109375 0.08055555555555556 0.0078125 0.022222222222222223
