7 0.546484375 0.32569444444444445 0.00859375 0.009722222222222222
7 0.3609375 0.6340277777777777 0.0140625 0.020833333333333332
7 0.39921875 0.5534722222222223 0.0125 0.02638888888888889
7 0.575 0.7152777777777778 0.0125 0.030555555555555555
7 0.553125 0.5208333333333334 0.009375 0.022222222222222223
7 0.54140625 0.4173611111111111 0.009375 0.020833333333333332
7 0.5390625 0.3597222222222222 0.0078125 0.022222222222222223
7 0.590234375 0.3138888888888889 0.00859375 0.019444444444444445
7 0.645703125 0.3104166666666667 0.00546875 0.015277777777777777
7 0.60390625 0.30277777777777776 0.00625 0.022222222222222223
7 0.602734375 0.2659722222222222 0.00703125 0.018055555555555554
7 0.4078125 0.3236111111111111 0.00625 0.019444444444444445
7 0.408203125 0.26666666666666666 0.00859375 0.019444444444444445
7 0.408203125 0.28125 0.00859375 0.015277777777777777
7 0.59921875 0.11180555555555556 0.0046875 0.0125
7 0.495703125 0.15763888888888888 0.00546875 0.018055555555555554
7 0.48125 0.16458333333333333 0.00625 0.018055555555555554
7 0.447265625 0.19444444444444445 0.00703125 0.016666666666666666
7 0.424609375 0.20277777777777778 0.00703125 0.016666666666666666
7 0.41953125 0.16319444444444445 0.0078125 0.018055555555555554
7 0.429296875 0.09375 0.00390625 0.015277777777777777
7 0.407421875 0.10972222222222222 0.00546875 0.013888888888888888
7 0.405859375 0.08472222222222223 0.00546875 0.013888888888888888
7 0.398046875 0.07916666666666666 0.00546875 0.013888888888888888
7 0.46171875 0.04861111111111111 0.003125 0.011111111111111112
7 0.46953125 0.03680555555555556 0.00625 0.0125
7 0.459765625 0.022222222222222223 0.00390625 0.011111111111111112
7 0.33125 0.1736111111111111 0.00625 0.011111111111111112
7 0.3390625 0.16944444444444445 0.00625 0.013888888888888888
7 0.303515625 0.04791666666666667 0.00546875 0.009722222222222222
7 0.70546875 0.34652777777777777 0.00625 0.0125
7 0.219921875 0.7097222222222223 0.00703125 0.025
7 0.216796875 0.6340277777777777 0.00703125 0.034722222222222224
7 0.240625 0.6215277777777778 0.0078125 0.034722222222222224
7 0.24296875 0.6180555555555556 0.0078125 0.03611111111111111
7 0.246875 0.5923611111111111 0.009375 0.018055555555555554
7 0.30078125 0.43472222222222223 0.0078125 0.027777777777777776
7 0.3203125 0.3590277777777778 0.0078125 0.018055555555555554
7 0.341015625 0.35694444444444445 0.00546875 0.027777777777777776
7 0.287109375 0.33958333333333335 0.00546875 0.02361111111111111
7 0.2921875 0.3458333333333333 0.00625 0.022222222222222223
7 0.28046875 0.34930555555555554 0.00625 0.029166666666666667
7 0.373046875 0.21944444444444444 0.00546875 0.027777777777777776
7 0.491015625 0.13958333333333334 0.00703125 0.015277777777777777
7 0.52109375 0.13055555555555556 0.0078125 0.016666666666666666
7 0.528125 0.10625 0.0078125 0.015277777777777777
7 0.592578125 0.05694444444444444 0.00703125 0.013888888888888888
7 0.569140625 0.04861111111111111 0.00703125 0.013888888888888888
7 0.564453125 0.03263888888888889 0.00703125 0.015277777777777777
7 0.644921875 0.05486111111111111 0.00546875 0.0125
7 0.659375 0.08680555555555555 0.0078125 0.015277777777777777
7 0.65234375 0.08958333333333333 0.00625 0.0125
7 0.62734375 0.14375 0.00625 0.0125
7 0.7125 0.16180555555555556 0.00625 0.0125
7 0.731640625 0.175 0.00546875 0.013888888888888888
7 0.736328125 0.19027777777777777 0.00546875 0.013888888888888888
7 0.730078125 0.19791666666666666 0.00703125 0.015277777777777777
7 0.726171875 0.2548611111111111 0.00703125 0.015277777777777777
7 0.726171875 0.2875 0.00703125 0.013888888888888888
7 0.7359375 0.28888888888888886 0.00625 0.013888888888888888
7 0.942578125 0.8111111111111111 0.01171875 0.04722222222222222
