7 0.661328125 0.6347222222222222 0.02578125 0.04722222222222222
7 0.692578125 0.5763888888888888 0.02421875 0.041666666666666664
7 0.301171875 0.22361111111111112 0.01015625 0.041666666666666664
7 0.47890625 0.059027777777777776 0.00625 0.02361111111111111
7 0.458203125 0.05763888888888889 0.00703125 0.020833333333333332
7 0.60703125 0.4131944444444444 0.0203125 0.05138888888888889
7 0.736328125 0.9680555555555556 0.04140625 0.058333333333333334
7 0.07578125 0.5666666666666667 0.0265625 0.09722222222222222
7 0.0375 0.5805555555555556 0.015625 0.09444444444444444
7 0.534765625 0.12986111111111112 0.01484375 0.03194444444444444
7 0.484765625 0.12430555555555556 0.01171875 0.02638888888888889
7 0.45546875 0.11944444444444445 0.0109375 0.022222222222222223
7 0.05078125 0.5680555555555555 0.0171875 0.09444444444444444
