7 0.252734375 0.5930555555555556 0.03046875 0.07222222222222222
7 0.5671875 0.4097222222222222 0.015625 0.05555555555555555
7 0.453125 0.11319444444444444 0.009375 0.020833333333333332
7 0.93359375 0.8111111111111111 0.015625 0.06388888888888888
7 0.947265625 0.81875 0.01484375 0.06805555555555555
7 0.434375 0.09166666666666666 0.009375 0.019444444444444445
7 0.447265625 0.06319444444444444 0.01015625 0.020833333333333332
7 0.41953125 0.07083333333333333 0.0078125 0.019444444444444445
7 0.043359375 0.6034722222222222 0.02265625 0.09305555555555556
7 0.0546875 0.5916666666666667 0.0203125 0.08055555555555556
7 0.016015625 0.5972222222222222 0.01640625 0.075
7 0.024609375 0.5819444444444445 0.01484375 0.09166666666666666
