7 0.216796875 0.6006944444444444 0.01640625 0.0875
7 0.279296875 0.5583333333333333 0.01328125 0.07777777777777778
7 0.188671875 0.6090277777777777 0.01640625 0.0763888888888889
7 0.206640625 0.575 0.01484375 0.07777777777777778
7 0.19765625 0.6027777777777777 0.015625 0.08055555555555556
7 0.20234375 0.5868055555555556 0.0140625 0.08194444444444444
7 0.488671875 0.08055555555555556 0.00546875 0.019444444444444445
7 0.48046875 0.08819444444444445 0.00625 0.018055555555555554
7 0.53984375 0.1763888888888889 0.009375 0.027777777777777776
7 0.523046875 0.1736111111111111 0.00703125 0.022222222222222223
7 0.55390625 0.1840277777777778 0.00625 0.02638888888888889
7 0.525390625 0.10625 0.00859375 0.0125
