7 0.2625 0.5013888888888889 0.0203125 0.05555555555555555
7 0.151953125 0.5256944444444445 0.01484375 0.08194444444444444
7 0.185546875 0.525 0.01640625 0.07777777777777778
7 0.166015625 0.5236111111111111 0.01328125 0.07777777777777778
7 0.655859375 0.37569444444444444 0.01640625 0.04583333333333333
7 0.644921875 0.4409722222222222 0.01640625 0.05416666666666667
7 0.18046875 0.5138888888888888 0.0140625 0.08055555555555556
7 0.177734375 0.50625 0.01484375 0.0875
7 0.1703125 0.5131944444444444 0.0125 0.08472222222222223
7 0.4828125 0.06597222222222222 0.00625 0.02361111111111111
7 0.443359375 0.07916666666666666 0.00859375 0.025
7 0.535546875 0.12013888888888889 0.00703125 0.034722222222222224
7 0.531640625 0.11319444444444444 0.00546875 0.034722222222222224
7 0.6453125 0.49375 0.0203125 0.0625
