7 0.09140625 0.36736111111111114 0.0171875 0.08194444444444444
7 0.798046875 0.5847222222222223 0.02109375 0.08888888888888889
7 0.78125 0.5972222222222222 0.0171875 0.08055555555555556
7 0.1078125 0.35555555555555557 0.0171875 0.08888888888888889
7 0.13359375 0.33194444444444443 0.01875 0.075
7 0.703125 0.5576388888888889 0.0265625 0.09027777777777778
7 0.671484375 0.9756944444444444 0.03203125 0.04027777777777778
7 0.1125 0.3284722222222222 0.0203125 0.08472222222222223
7 0.08828125 0.3541666666666667 0.0203125 0.09444444444444444
7 0.53515625 0.08888888888888889 0.0109375 0.04722222222222222
7 0.7046875 0.5597222222222222 0.025 0.07222222222222222
