7 0.535546875 0.7131944444444445 0.03046875 0.04583333333333333
7 0.645703125 0.4111111111111111 0.01796875 0.03888888888888889
7 0.616796875 0.45694444444444443 0.01796875 0.03333333333333333
7 0.917578125 0.9159722222222222 0.01484375 0.05416666666666667
7 0.59921875 0.32569444444444445 0.015625 0.0375
7 0.615234375 0.25625 0.01640625 0.029166666666666667
7 0.605078125 0.5305555555555556 0.01796875 0.03888888888888889
7 0.954296875 0.9756944444444444 0.02109375 0.04583333333333333
7 0.975390625 0.8263888888888888 0.01640625 0.05555555555555555
7 0.680078125 0.07083333333333333 0.01328125 0.03888888888888889
7 0.630859375 0.05416666666666667 0.01171875 0.025
7 0.644140625 0.5368055555555555 0.01640625 0.029166666666666667
7 0.703125 0.8798611111111111 0.0140625 0.04583333333333333
