7 0.334375 0.3451388888888889 0.0296875 0.09305555555555556
7 0.2828125 0.04722222222222222 0.0140625 0.03611111111111111
7 0.384765625 0.8395833333333333 0.05078125 0.13472222222222222
7 0.748828125 0.36180555555555555 0.02578125 0.10694444444444444
7 0.586328125 0.09166666666666666 0.01328125 0.05277777777777778
7 0.796875 0.3375 0.0296875 0.08055555555555556
7 0.582421875 0.025 0.00859375 0.05
7 0.758203125 0.3784722222222222 0.02578125 0.10694444444444444
7 0.570703125 0.025 0.00859375 0.05
7 0.517578125 0.018055555555555554 0.01015625 0.027777777777777776
7 0.3828125 0.8652777777777778 0.0703125 0.125
