7 0.3015625 0.9708333333333333 0.01875 0.05
7 0.207421875 0.4777777777777778 0.00859375 0.013888888888888888
7 0.2484375 0.7041666666666667 0.009375 0.025
7 0.262109375 0.6465277777777778 0.00859375 0.020833333333333332
7 0.34609375 0.5555555555555556 0.0078125 0.019444444444444445
7 0.39453125 0.5215277777777778 0.0078125 0.020833333333333332
7 0.341015625 0.4125 0.00859375 0.019444444444444445
7 0.30234375 0.3972222222222222 0.0078125 0.019444444444444445
7 0.38984375 0.36180555555555555 0.0078125 0.020833333333333332
7 0.404296875 0.34930555555555554 0.00859375 0.015277777777777777
7 0.3984375 0.3215277777777778 0.0078125 0.015277777777777777
7 0.4 0.2986111111111111 0.0078125 0.011111111111111112
7 0.4296875 0.2423611111111111 0.0078125 0.0125
7 0.40546875 0.24930555555555556 0.00625 0.0125
7 0.490234375 0.48819444444444443 0.00859375 0.015277777777777777
7 0.49375 0.5256944444444445 0.0078125 0.015277777777777777
7 0.4953125 0.3798611111111111 0.0078125 0.015277777777777777
7 0.496875 0.33541666666666664 0.0078125 0.015277777777777777
7 0.50390625 0.32013888888888886 0.0078125 0.015277777777777777
7 0.656640625 0.5263888888888889 0.00859375 0.013888888888888888
7 0.66015625 0.4895833333333333 0.0078125 0.015277777777777777
7 0.2671875 0.10625 0.0078125 0.0125
7 0.599609375 0.36319444444444443 0.00546875 0.0125
7 0.375 0.6409722222222223 0.009375 0.02638888888888889
7 0.216015625 0.3416666666666667 0.00546875 0.013888888888888888
7 0.2859375 0.14652777777777778 0.0046875 0.0125
7 0.244921875 0.06111111111111111 0.00546875 0.011111111111111112
7 0.253125 0.05347222222222222 0.0046875 0.0125
7 0.25703125 0.03680555555555556 0.0046875 0.0125
7 0.537890625 0.3888888888888889 0.00703125 0.03333333333333333
7 0.6546875 0.3402777777777778 0.0046875 0.011111111111111112
7 0.4046875 0.22847222222222222 0.0046875 0.0125
7 0.40546875 0.21319444444444444 0.0046875 0.0125
7 0.418359375 0.14375 0.00390625 0.009722222222222222
7 0.134375 0.6125 0.0078125 0.022222222222222223
7 0.133984375 0.7965277777777777 0.01171875 0.029166666666666667
7 0.13984375 0.7840277777777778 0.0125 0.0375
7 0.090234375 0.7583333333333333 0.01015625 0.03611111111111111
7 0.154296875 0.9847222222222223 0.01015625 0.016666666666666666
7 0.16015625 0.9784722222222222 0.0125 0.029166666666666667
7 0.396875 0.058333333333333334 0.00625 0.013888888888888888
7 0.403125 0.08263888888888889 0.00625 0.015277777777777777
7 0.402734375 0.1 0.00703125 0.013888888888888888
7 0.412890625 0.06666666666666667 0.00546875 0.013888888888888888
7 0.612109375 0.19305555555555556 0.00703125 0.016666666666666666
7 0.4953125 0.2875 0.0078125 0.016666666666666666
