7 0.296875 0.8590277777777777 0.0328125 0.0763888888888889
7 0.6859375 0.5715277777777777 0.0265625 0.05138888888888889
7 0.83203125 0.4284722222222222 0.0234375 0.05416666666666667
7 0.76328125 0.38055555555555554 0.021875 0.05277777777777778
7 0.815625 0.2791666666666667 0.015625 0.058333333333333334
7 0.3265625 0.6576388888888889 0.0296875 0.059722222222222225
7 0.657421875 0.2375 0.01171875 0.04722222222222222
7 0.648828125 0.1951388888888889 0.02421875 0.04027777777777778
7 0.63984375 0.13194444444444445 0.0109375 0.03333333333333333
7 0.566796875 0.02013888888888889 0.00859375 0.018055555555555554
7 0.07890625 0.5013888888888889 0.021875 0.09722222222222222
7 0.11484375 0.49166666666666664 0.0234375 0.10555555555555556
7 0.096875 0.49722222222222223 0.01875 0.09444444444444444
7 0.087890625 0.4722222222222222 0.01796875 0.06666666666666667
