7 0.640234375 0.8583333333333333 0.01640625 0.05555555555555555
7 0.6984375 0.9027777777777778 0.0265625 0.04722222222222222
7 0.63046875 0.6583333333333333 0.0171875 0.041666666666666664
7 0.341015625 0.8277777777777777 0.02109375 0.044444444444444446
7 0.3015625 0.3277777777777778 0.0140625 0.030555555555555555
7 0.56953125 0.15486111111111112 0.009375 0.020833333333333332
7 0.54921875 0.225 0.009375 0.027777777777777776
7 0.557421875 0.20208333333333334 0.00859375 0.02638888888888889
7 0.482421875 0.20416666666666666 0.01171875 0.027777777777777776
7 0.48359375 0.15416666666666667 0.0125 0.025
7 0.468359375 0.14722222222222223 0.01328125 0.025
7 0.288671875 0.20208333333333334 0.01171875 0.02638888888888889
7 0.30703125 0.17083333333333334 0.0125 0.027777777777777776
7 0.33125 0.1736111111111111 0.0125 0.027777777777777776
7 0.178125 0.38125 0.0109375 0.034722222222222224
7 0.192578125 0.36944444444444446 0.00859375 0.03888888888888889
7 0.205078125 0.35833333333333334 0.01171875 0.041666666666666664
7 0.248828125 0.25069444444444444 0.01328125 0.020833333333333332
