7 0.078515625 0.5 0.01640625 0.08888888888888889
7 0.06328125 0.5125 0.0140625 0.07777777777777778
7 0.096875 0.5027777777777778 0.0140625 0.08611111111111111
7 0.7171875 0.6229166666666667 0.0171875 0.06527777777777778
7 0.103515625 0.49444444444444446 0.01171875 0.08611111111111111
7 0.083984375 0.4840277777777778 0.01484375 0.08194444444444444
7 0.35546875 0.050694444444444445 0.0078125 0.020833333333333332
7 0.390625 0.04097222222222222 0.0078125 0.029166666666666667
7 0.398046875 0.010416666666666666 0.00703125 0.018055555555555554
7 0.40390625 0.06597222222222222 0.0078125 0.020833333333333332
7 0.4515625 0.1284722222222222 0.0109375 0.02638888888888889
7 0.49296875 0.6534722222222222 0.021875 0.05416666666666667
7 0.45 0.08888888888888889 0.0078125 0.03611111111111111
