7 0.2105 0.20943396226415095 0.027 0.09811320754716982
7 0.4575 0.1650943396226415 0.035 0.06981132075471698
7 0.076 0.6075471698113207 0.062 0.10566037735849057
7 0.534 0.04622641509433962 0.022 0.03962264150943396
7 0.5605 0.25849056603773585 0.043 0.09433962264150944
7 0.56 0.2509433962264151 0.038 0.07169811320754717
7 0.4735 0.2179245283018868 0.025 0.05849056603773585
7 0.4645 0.2179245283018868 0.027 0.0660377358490566
7 0.343 0.12169811320754717 0.03 0.05849056603773585
7 0.395 0.10283018867924529 0.024 0.035849056603773584
