7 0.15390625 0.4965277777777778 0.015625 0.0763888888888889
7 0.171484375 0.4965277777777778 0.01640625 0.09027777777777778
7 0.135546875 0.5027777777777778 0.01328125 0.08055555555555556
7 0.57109375 0.5756944444444444 0.0203125 0.05416666666666667
7 0.15390625 0.4597222222222222 0.0171875 0.03611111111111111
7 0.1671875 0.48680555555555555 0.0140625 0.07916666666666666
7 0.156640625 0.4895833333333333 0.01796875 0.07361111111111111
7 0.4453125 0.03680555555555556 0.00625 0.02361111111111111
7 0.43515625 0.02847222222222222 0.0078125 0.018055555555555554
7 0.486328125 0.2916666666666667 0.01484375 0.03611111111111111
7 0.5734375 0.11666666666666667 0.009375 0.022222222222222223
7 0.53203125 0.10833333333333334 0.009375 0.025
7 0.525390625 0.0875 0.00703125 0.03888888888888889
7 0.48828125 0.04583333333333333 0.00625 0.030555555555555555
7 0.42734375 0.022222222222222223 0.0078125 0.022222222222222223
