7 0.11875 0.4756944444444444 0.0140625 0.08194444444444444
7 0.1375 0.4701388888888889 0.015625 0.08194444444444444
7 0.155859375 0.47430555555555554 0.01484375 0.07916666666666666
7 0.329296875 0.2965277777777778 0.01015625 0.05694444444444444
7 0.627734375 0.37083333333333335 0.01640625 0.05
7 0.51328125 0.47430555555555554 0.0140625 0.0625
7 0.5390625 0.20902777777777778 0.0140625 0.029166666666666667
7 0.162109375 0.4625 0.01484375 0.08333333333333333
7 0.142578125 0.45416666666666666 0.01640625 0.08333333333333333
7 0.415234375 0.027083333333333334 0.00859375 0.029166666666666667
7 0.4578125 0.0125 0.0078125 0.019444444444444445
7 0.65234375 0.3541666666666667 0.015625 0.044444444444444446
7 0.511328125 0.06944444444444445 0.00703125 0.03888888888888889
7 0.475 0.025694444444444443 0.00625 0.029166666666666667
