7 0.83125 0.46875 0.0203125 0.05416666666666667
7 0.216015625 0.6611111111111111 0.03671875 0.07222222222222222
7 0.316796875 0.8097222222222222 0.04296875 0.08055555555555556
7 0.469140625 0.45 0.02578125 0.04722222222222222
7 0.55078125 0.2875 0.015625 0.04722222222222222
7 0.5359375 0.21944444444444444 0.0109375 0.041666666666666664
7 0.519921875 0.22569444444444445 0.01484375 0.03194444444444444
7 0.459765625 0.11944444444444445 0.01015625 0.019444444444444445
7 0.48125 0.08333333333333333 0.0078125 0.019444444444444445
7 0.501171875 0.12222222222222222 0.01015625 0.019444444444444445
7 0.470703125 0.07152777777777777 0.00859375 0.015277777777777777
7 0.351953125 0.19930555555555557 0.01015625 0.034722222222222224
