7 0.866015625 0.8847222222222222 0.02734375 0.08333333333333333
7 0.094921875 0.5208333333333334 0.01484375 0.07777777777777778
7 0.11875 0.5 0.0140625 0.08055555555555556
7 0.106640625 0.5076388888888889 0.01640625 0.0875
7 0.516015625 0.28888888888888886 0.01484375 0.044444444444444446
7 0.534765625 0.2708333333333333 0.01328125 0.041666666666666664
7 0.434375 0.3277777777777778 0.0125 0.03888888888888889
7 0.095703125 0.47430555555555554 0.01484375 0.04583333333333333
7 0.418359375 0.06875 0.00703125 0.02361111111111111
7 0.46328125 0.16666666666666666 0.0125 0.027777777777777776
7 0.467578125 0.10208333333333333 0.00703125 0.034722222222222224
7 0.42578125 0.006944444444444444 0.0078125 0.011111111111111112
7 0.4125 0.035416666666666666 0.0078125 0.015277777777777777
