7 0.561328125 0.33611111111111114 0.02109375 0.044444444444444446
7 0.298046875 0.6354166666666666 0.03046875 0.06527777777777778
7 0.585546875 0.375 0.01796875 0.03888888888888889
7 0.207421875 0.6326388888888889 0.02265625 0.06805555555555555
7 0.25 0.5833333333333334 0.01875 0.06944444444444445
7 0.271875 0.5847222222222223 0.0125 0.075
7 0.2625 0.5597222222222222 0.0171875 0.06666666666666667
7 0.429296875 0.2826388888888889 0.01171875 0.034722222222222224
7 0.49296875 0.05416666666666667 0.0125 0.019444444444444445
7 0.61796875 0.2076388888888889 0.015625 0.03194444444444444
