7 0.117578125 0.4722222222222222 0.01171875 0.08333333333333333
7 0.13671875 0.46805555555555556 0.015625 0.08055555555555556
7 0.15546875 0.46944444444444444 0.0140625 0.08055555555555556
7 0.53046875 0.5798611111111112 0.01875 0.0625
7 0.328125 0.29375 0.0109375 0.05694444444444444
7 0.637890625 0.33611111111111114 0.01328125 0.041666666666666664
7 0.88359375 0.9395833333333333 0.0359375 0.07916666666666666
7 0.866796875 0.925 0.01953125 0.06944444444444445
7 0.600390625 0.3215277777777778 0.01484375 0.04861111111111111
7 0.1625 0.45694444444444443 0.0109375 0.08611111111111111
7 0.14140625 0.45069444444444445 0.01875 0.08194444444444444
7 0.41875 0.03680555555555556 0.00625 0.015277777777777777
7 0.476953125 0.022916666666666665 0.00703125 0.018055555555555554
7 0.525 0.175 0.0125 0.019444444444444445
7 0.51171875 0.07152777777777777 0.0078125 0.034722222222222224
