7 0.2625 0.21805555555555556 0.0109375 0.025
7 0.1859375 0.9048611111111111 0.0171875 0.034722222222222224
7 0.111328125 0.32013888888888886 0.00859375 0.015277777777777777
7 0.1484375 0.29375 0.009375 0.020833333333333332
7 0.103125 0.22916666666666666 0.009375 0.022222222222222223
7 0.0875 0.17777777777777778 0.0078125 0.019444444444444445
7 0.083203125 0.09791666666666667 0.01015625 0.015277777777777777
7 0.2265625 0.11319444444444444 0.009375 0.018055555555555554
7 0.2 0.04513888888888889 0.0109375 0.0125
7 0.089453125 0.07361111111111111 0.00390625 0.013888888888888888
7 0.773046875 0.9743055555555555 0.02734375 0.04027777777777778
7 0.3234375 0.14930555555555555 0.0125 0.018055555555555554
7 0.1890625 0.01875 0.0046875 0.006944444444444444
7 0.3390625 0.041666666666666664 0.0078125 0.025
