7 0.45 0.8701388888888889 0.0265625 0.09305555555555556
7 0.3765625 0.6083333333333333 0.0203125 0.058333333333333334
7 0.423828125 0.34097222222222223 0.01328125 0.0375
7 0.426171875 0.4152777777777778 0.01796875 0.041666666666666664
7 0.565625 0.33402777777777776 0.0140625 0.043055555555555555
7 0.509375 0.08888888888888889 0.00625 0.03611111111111111
7 0.55703125 0.11805555555555555 0.00625 0.030555555555555555
7 0.540234375 0.10833333333333334 0.00546875 0.025
7 0.52578125 0.09305555555555556 0.00625 0.03333333333333333
7 0.51953125 0.09027777777777778 0.003125 0.030555555555555555
7 0.473046875 0.08055555555555556 0.00546875 0.030555555555555555
7 0.51328125 0.06527777777777778 0.003125 0.019444444444444445
7 0.566015625 0.13194444444444445 0.00703125 0.03333333333333333
