7 0.880078125 0.7930555555555555 0.03515625 0.08333333333333333
7 0.411328125 0.7006944444444444 0.03046875 0.07083333333333333
7 0.324609375 0.3736111111111111 0.01796875 0.041666666666666664
7 0.5515625 0.30277777777777776 0.0109375 0.05277777777777778
7 0.526953125 0.29444444444444445 0.01796875 0.041666666666666664
7 0.482421875 0.2326388888888889 0.01328125 0.03194444444444444
7 0.533984375 0.21736111111111112 0.01015625 0.04583333333333333
7 0.347265625 0.20347222222222222 0.01015625 0.04027777777777778
7 0.50390625 0.18611111111111112 0.015625 0.025
7 0.464453125 0.16111111111111112 0.01171875 0.019444444444444445
7 0.47109375 0.12638888888888888 0.009375 0.030555555555555555
7 0.4375 0.10208333333333333 0.0109375 0.015277777777777777
7 0.50625 0.08263888888888889 0.0078125 0.020833333333333332
7 0.49609375 0.0763888888888889 0.009375 0.022222222222222223
