7 0.35234375 0.42777777777777776 0.015625 0.05
7 0.484765625 0.5347222222222222 0.01640625 0.05555555555555555
7 0.41328125 0.26458333333333334 0.0109375 0.02638888888888889
7 0.455078125 0.27291666666666664 0.01171875 0.0375
7 0.5078125 0.09861111111111111 0.00625 0.027777777777777776
7 0.488671875 0.11180555555555556 0.00390625 0.018055555555555554
7 0.48359375 0.08541666666666667 0.0046875 0.018055555555555554
7 0.482421875 0.06041666666666667 0.00390625 0.015277777777777777
7 0.448046875 0.10347222222222222 0.00390625 0.015277777777777777
7 0.430078125 0.10902777777777778 0.00546875 0.03194444444444444
7 0.41640625 0.26458333333333334 0.009375 0.0375
7 0.4328125 0.18541666666666667 0.0078125 0.020833333333333332
