7 0.79296875 0.7631944444444444 0.0546875 0.14027777777777778
7 0.78515625 0.5020833333333333 0.0375 0.14027777777777778
7 0.680078125 0.2513888888888889 0.02421875 0.06666666666666667
7 0.9359375 0.24305555555555555 0.0265625 0.075
7 0.817578125 0.7097222222222223 0.02421875 0.08333333333333333
7 0.956640625 0.15416666666666667 0.01953125 0.06388888888888888
7 0.7875 0.07222222222222222 0.0140625 0.025
7 0.86015625 0.04513888888888889 0.0140625 0.03194444444444444
7 0.85546875 0.029166666666666667 0.0109375 0.030555555555555555
7 0.80390625 0.49375 0.01875 0.1375
