7 0.141796875 0.5604166666666667 0.00859375 0.0375
7 0.597265625 0.84375 0.01015625 0.02638888888888889
7 0.560546875 0.8166666666666667 0.01015625 0.025
7 0.59765625 0.7743055555555556 0.0078125 0.015277777777777777
7 0.6875 0.8375 0.0109375 0.025
7 0.72578125 0.8326388888888889 0.0109375 0.02638888888888889
7 0.591796875 0.7013888888888888 0.00703125 0.013888888888888888
7 0.5875 0.7388888888888889 0.009375 0.019444444444444445
7 0.51484375 0.7652777777777777 0.009375 0.03888888888888889
7 0.126953125 0.5638888888888889 0.00859375 0.03611111111111111
7 0.087890625 0.5513888888888889 0.00859375 0.03611111111111111
7 0.030078125 0.5979166666666667 0.00859375 0.0375
7 0.009765625 0.6173611111111111 0.00859375 0.0375
7 0.181640625 0.5875 0.00859375 0.03611111111111111
7 0.175390625 0.5805555555555556 0.00859375 0.03611111111111111
7 0.182421875 0.5215277777777778 0.00859375 0.0375
7 0.2375 0.5951388888888889 0.0078125 0.020833333333333332
7 0.241015625 0.7076388888888889 0.00859375 0.020833333333333332
7 0.173828125 0.7618055555555555 0.00859375 0.020833333333333332
7 0.1328125 0.8423611111111111 0.0078125 0.020833333333333332
7 0.353515625 0.8756944444444444 0.01171875 0.0375
7 0.3703125 0.40694444444444444 0.0078125 0.019444444444444445
7 0.401953125 0.12569444444444444 0.00546875 0.0125
7 0.144921875 0.6361111111111111 0.00859375 0.03611111111111111
7 0.073828125 0.78125 0.00859375 0.0375
7 0.078515625 0.7638888888888888 0.00859375 0.03611111111111111
7 0.036328125 0.8423611111111111 0.00859375 0.0375
7 0.23125 0.9340277777777778 0.0109375 0.034722222222222224
7 0.477734375 0.2701388888888889 0.00546875 0.015277777777777777
7 0.483203125 0.27708333333333335 0.00546875 0.015277777777777777
7 0.502734375 0.23472222222222222 0.00546875 0.013888888888888888
7 0.63203125 0.6368055555555555 0.0078125 0.034722222222222224
7 0.53984375 0.7847222222222222 0.009375 0.027777777777777776
7 0.599609375 0.8840277777777777 0.01015625 0.02638888888888889
7 0.612890625 0.9090277777777778 0.01015625 0.02638888888888889
7 0.641796875 0.8736111111111111 0.01015625 0.025
7 0.638671875 0.9173611111111111 0.01015625 0.02638888888888889
7 0.625390625 0.9354166666666667 0.01015625 0.02638888888888889
7 0.591796875 0.9145833333333333 0.01015625 0.02638888888888889
7 0.644921875 0.9534722222222223 0.01015625 0.02638888888888889
7 0.7140625 0.7722222222222223 0.0109375 0.025
7 0.719140625 0.8784722222222222 0.01171875 0.02638888888888889
7 0.70625 0.8840277777777777 0.0109375 0.02638888888888889
7 0.723828125 0.7111111111111111 0.01015625 0.025
7 0.74140625 0.7104166666666667 0.0109375 0.020833333333333332
7 0.53203125 0.4340277777777778 0.00625 0.0125
7 0.333984375 0.01597222222222222 0.00703125 0.015277777777777777
7 0.4828125 0.1736111111111111 0.00625 0.013888888888888888
7 0.7421875 0.6847222222222222 0.0109375 0.019444444444444445
