7 0.913671875 0.7548611111111111 0.02734375 0.07083333333333333
7 0.540234375 0.4673611111111111 0.01796875 0.06805555555555555
7 0.443359375 0.44513888888888886 0.02578125 0.04861111111111111
7 0.471875 0.29583333333333334 0.0171875 0.044444444444444446
7 0.5625 0.1909722222222222 0.0140625 0.029166666666666667
7 0.363671875 0.15416666666666667 0.00859375 0.03333333333333333
7 0.4234375 0.125 0.0109375 0.025
7 0.464453125 0.08472222222222223 0.00859375 0.019444444444444445
7 0.433203125 0.06388888888888888 0.00859375 0.019444444444444445
7 0.42265625 0.07152777777777777 0.0078125 0.020833333333333332
