7 0.42109375 0.08911671924290221 0.0125 0.07728706624605679
7 0.733203125 0.19085173501577288 0.02109375 0.0694006309148265
7 0.9515625 0.5851735015772871 0.0578125 0.19558359621451105
7 0.70703125 0.5757097791798107 0.0390625 0.14511041009463724
7 0.795703125 0.21214511041009465 0.02109375 0.07413249211356467
7 0.972265625 0.8115141955835962 0.05546875 0.19085173501577288
7 0.737890625 0.09542586750788644 0.01796875 0.04258675078864353
7 0.7140625 0.03943217665615142 0.0140625 0.031545741324921134
7 0.7453125 0.033123028391167195 0.0140625 0.03470031545741325
7 0.734765625 0.19479495268138802 0.02265625 0.07097791798107256
