7 0.6234375 0.8770833333333333 0.0109375 0.02638888888888889
7 0.555078125 0.7763888888888889 0.00859375 0.019444444444444445
7 0.5890625 0.7215277777777778 0.0109375 0.0125
7 0.586328125 0.65625 0.00703125 0.0125
7 0.584765625 0.6770833333333334 0.00703125 0.004166666666666667
7 0.5046875 0.9111111111111111 0.009375 0.025
7 0.360546875 0.3840277777777778 0.00859375 0.020833333333333332
7 0.21328125 0.4986111111111111 0.0109375 0.03611111111111111
7 0.19765625 0.3625 0.0109375 0.03611111111111111
7 0.0984375 0.5444444444444444 0.0109375 0.03611111111111111
7 0.0296875 0.5006944444444444 0.0109375 0.0375
7 0.21953125 0.3402777777777778 0.0109375 0.03611111111111111
7 0.10078125 0.8319444444444445 0.009375 0.025
7 0.106640625 0.8263888888888888 0.00859375 0.025
7 0.02890625 0.8069444444444445 0.009375 0.027777777777777776
7 0.248046875 0.8666666666666667 0.01171875 0.041666666666666664
7 0.14765625 0.8972222222222223 0.0109375 0.027777777777777776
7 0.0609375 0.9402777777777778 0.0109375 0.027777777777777776
7 0.036328125 0.9666666666666667 0.01171875 0.027777777777777776
7 0.636328125 0.8604166666666667 0.01171875 0.02361111111111111
7 0.6421875 0.9111111111111111 0.0109375 0.022222222222222223
7 0.6390625 0.8208333333333333 0.0125 0.025
7 0.610546875 0.8451388888888889 0.01171875 0.02361111111111111
7 0.596875 0.8340277777777778 0.0125 0.02361111111111111
7 0.585546875 0.8715277777777778 0.01171875 0.02361111111111111
7 0.68671875 0.7923611111111111 0.009375 0.018055555555555554
7 0.705078125 0.8395833333333333 0.01015625 0.018055555555555554
7 0.71796875 0.8298611111111112 0.009375 0.018055555555555554
7 0.725 0.7909722222222222 0.009375 0.018055555555555554
7 0.695703125 0.5034722222222222 0.00859375 0.018055555555555554
7 0.687890625 0.4548611111111111 0.00859375 0.018055555555555554
7 0.348046875 0.19930555555555557 0.00859375 0.020833333333333332
7 0.372265625 0.09027777777777778 0.00390625 0.011111111111111112
7 0.480078125 0.21041666666666667 0.00546875 0.0125
7 0.473828125 0.20277777777777778 0.00703125 0.013888888888888888
7 0.4984375 0.1638888888888889 0.00625 0.013888888888888888
7 0.5890625 0.22569444444444445 0.0046875 0.0125
7 0.59140625 0.25 0.0046875 0.013888888888888888
7 0.59921875 0.26875 0.0046875 0.0125
7 0.53046875 0.3784722222222222 0.009375 0.015277777777777777
7 0.6359375 0.3784722222222222 0.0078125 0.018055555555555554
7 0.649609375 0.3861111111111111 0.00703125 0.016666666666666666
7 0.7015625 0.45555555555555555 0.0078125 0.016666666666666666
7 0.478125 0.09930555555555555 0.00625 0.015277777777777777
7 0.4453125 0.12013888888888889 0.00625 0.02361111111111111
7 0.466015625 0.3548611111111111 0.00859375 0.03194444444444444
