7 0.92421875 0.43333333333333335 0.04375 0.08333333333333333
7 0.657421875 0.11736111111111111 0.01796875 0.04583333333333333
7 0.726953125 0.06180555555555556 0.01328125 0.04583333333333333
7 0.653125 0.5076388888888889 0.05625 0.11805555555555555
7 0.185546875 0.825 0.04296875 0.14444444444444443
7 0.648828125 0.5194444444444445 0.04765625 0.11388888888888889
7 0.687109375 0.1451388888888889 0.02421875 0.06527777777777778
7 0.81328125 0.02847222222222222 0.015625 0.034722222222222224
7 0.807421875 0.017361111111111112 0.01171875 0.03194444444444444
7 0.771484375 0.021527777777777778 0.01328125 0.02638888888888889
