7 0.60234375 0.6055555555555555 0.01875 0.06111111111111111
7 0.22578125 0.5854166666666667 0.015625 0.0763888888888889
7 0.2109375 0.5854166666666667 0.015625 0.07361111111111111
7 0.196484375 0.5868055555555556 0.01328125 0.07083333333333333
7 0.217578125 0.5340277777777778 0.01328125 0.03194444444444444
7 0.271875 0.5583333333333333 0.0203125 0.075
7 0.214453125 0.5680555555555555 0.01640625 0.08333333333333333
7 0.519140625 0.07708333333333334 0.00703125 0.018055555555555554
7 0.49765625 0.14166666666666666 0.0078125 0.022222222222222223
7 0.49375 0.11805555555555555 0.00625 0.019444444444444445
7 0.560546875 0.17083333333333334 0.00859375 0.022222222222222223
7 0.57109375 0.17569444444444443 0.009375 0.02361111111111111
