7 0.811328125 0.8451388888888889 0.01640625 0.03194444444444444
7 0.084765625 0.4270833333333333 0.00703125 0.04583333333333333
7 0.346484375 0.6645833333333333 0.01328125 0.02361111111111111
7 0.38046875 0.3388888888888889 0.0125 0.019444444444444445
7 0.06796875 0.4756944444444444 0.009375 0.043055555555555555
7 0.735546875 0.5229166666666667 0.01640625 0.020833333333333332
7 0.3890625 0.6652777777777777 0.015625 0.03333333333333333
7 0.047265625 0.5618055555555556 0.01328125 0.04583333333333333
7 0.74140625 0.84375 0.0140625 0.02638888888888889
7 0.044921875 0.4861111111111111 0.01171875 0.044444444444444446
7 0.444140625 0.04236111111111111 0.01015625 0.020833333333333332
7 0.126953125 0.41597222222222224 0.01015625 0.0375
7 0.776953125 0.8444444444444444 0.01328125 0.019444444444444445
7 0.674609375 0.7847222222222222 0.01484375 0.03333333333333333
7 0.491796875 0.3194444444444444 0.01640625 0.027777777777777776
7 0.69921875 0.5784722222222223 0.015625 0.029166666666666667
7 0.552734375 0.2881944444444444 0.01171875 0.020833333333333332
7 0.353125 0.70625 0.0140625 0.03194444444444444
7 0.326953125 0.6875 0.01328125 0.027777777777777776
7 0.330078125 0.6270833333333333 0.01484375 0.034722222222222224
7 0.415234375 0.30069444444444443 0.01328125 0.02361111111111111
7 0.35703125 0.20069444444444445 0.0140625 0.02638888888888889
7 0.353125 0.14375 0.0125 0.020833333333333332
7 0.366796875 0.11527777777777778 0.01171875 0.019444444444444445
7 0.35625 0.09444444444444444 0.009375 0.019444444444444445
7 0.37578125 0.044444444444444446 0.0078125 0.016666666666666666
7 0.365234375 0.041666666666666664 0.00859375 0.019444444444444445
7 0.38046875 0.015277777777777777 0.009375 0.019444444444444445
7 0.388671875 0.8506944444444444 0.01796875 0.029166666666666667
7 0.311328125 0.9631944444444445 0.02109375 0.04027777777777778
7 0.63203125 0.12916666666666668 0.0125 0.016666666666666666
7 0.65625 0.11319444444444444 0.0109375 0.020833333333333332
7 0.6609375 0.08055555555555556 0.009375 0.016666666666666666
7 0.050390625 0.5333333333333333 0.01015625 0.03888888888888889
7 0.030078125 0.5854166666666667 0.01015625 0.04583333333333333
7 0.052734375 0.49375 0.00859375 0.0375
7 0.089453125 0.4215277777777778 0.01015625 0.04583333333333333
7 0.126171875 0.3645833333333333 0.01171875 0.04861111111111111
7 0.13984375 0.3451388888888889 0.0125 0.04027777777777778
7 0.196875 0.19166666666666668 0.0078125 0.03888888888888889
7 0.1875 0.17222222222222222 0.0078125 0.03888888888888889
7 0.1546875 0.1638888888888889 0.0078125 0.025
7 0.21953125 0.009027777777777777 0.00625 0.018055555555555554
7 0.3921875 0.07847222222222222 0.009375 0.018055555555555554
7 0.415234375 0.30625 0.01171875 0.029166666666666667
7 0.390234375 0.6694444444444444 0.01328125 0.030555555555555555
7 0.663671875 0.04236111111111111 0.00859375 0.034722222222222224
7 0.5953125 0.11736111111111111 0.009375 0.018055555555555554
7 0.708203125 0.30069444444444443 0.01015625 0.02361111111111111
7 0.930078125 0.2763888888888889 0.01015625 0.022222222222222223
7 0.9765625 0.28125 0.0109375 0.03194444444444444
7 0.940234375 0.34930555555555554 0.00859375 0.034722222222222224
7 0.975390625 0.34444444444444444 0.00859375 0.03888888888888889
7 0.756640625 0.41875 0.01171875 0.05138888888888889
