7 0.5953125 0.26319444444444445 0.0125 0.043055555555555555
7 0.5140625 0.22569444444444445 0.0125 0.034722222222222224
7 0.644140625 0.20416666666666666 0.01328125 0.03611111111111111
7 0.534765625 0.1736111111111111 0.01328125 0.025
7 0.51953125 0.175 0.0109375 0.022222222222222223
7 0.502734375 0.18194444444444444 0.01015625 0.025
7 0.496484375 0.20625 0.00859375 0.029166666666666667
7 0.58828125 0.17152777777777778 0.009375 0.015277777777777777
7 0.56640625 0.17083333333333334 0.0078125 0.016666666666666666
7 0.614453125 0.17291666666666666 0.00859375 0.0125
