7 0.402734375 0.8534722222222222 0.00859375 0.034722222222222224
7 0.746484375 0.775 0.01015625 0.025
7 0.775390625 0.9145833333333333 0.01171875 0.03194444444444444
7 0.43515625 0.8520833333333333 0.0125 0.03194444444444444
7 0.76484375 0.7888888888888889 0.0125 0.027777777777777776
7 0.371875 0.5430555555555555 0.0109375 0.027777777777777776
7 0.378125 0.45416666666666666 0.00625 0.025
7 0.128125 0.8013888888888889 0.015625 0.03888888888888889
7 0.101171875 0.8333333333333334 0.01484375 0.030555555555555555
7 0.091015625 0.7805555555555556 0.01015625 0.030555555555555555
7 0.051171875 0.7506944444444444 0.01328125 0.03194444444444444
7 0.603515625 0.8805555555555555 0.00703125 0.027777777777777776
7 0.609765625 0.8847222222222222 0.00859375 0.030555555555555555
7 0.61328125 0.8680555555555556 0.009375 0.030555555555555555
7 0.61953125 0.8819444444444444 0.009375 0.03333333333333333
7 0.62109375 0.9006944444444445 0.009375 0.029166666666666667
7 0.61875 0.9222222222222223 0.0140625 0.03888888888888889
7 0.25234375 0.5472222222222223 0.009375 0.027777777777777776
7 0.235546875 0.58125 0.01328125 0.034722222222222224
7 0.222265625 0.6013888888888889 0.01015625 0.025
7 0.2390625 0.4861111111111111 0.0109375 0.03611111111111111
7 0.234765625 0.4388888888888889 0.00859375 0.030555555555555555
7 0.242578125 0.4409722222222222 0.01015625 0.029166666666666667
7 0.25 0.41875 0.00625 0.029166666666666667
7 0.091796875 0.6194444444444445 0.01171875 0.030555555555555555
7 0.110546875 0.5784722222222223 0.01171875 0.0375
7 0.103515625 0.6631944444444444 0.01015625 0.034722222222222224
7 0.1125 0.6888888888888889 0.0078125 0.03611111111111111
7 0.11640625 0.7090277777777778 0.009375 0.03194444444444444
7 0.747265625 0.7180555555555556 0.01015625 0.019444444444444445
7 0.69296875 0.7159722222222222 0.009375 0.02361111111111111
7 0.71953125 0.6743055555555556 0.009375 0.02361111111111111
7 0.622265625 0.7131944444444445 0.00546875 0.0375
7 0.73125 0.8055555555555556 0.0109375 0.019444444444444445
7 0.78203125 0.6194444444444445 0.009375 0.022222222222222223
7 0.79921875 0.6097222222222223 0.009375 0.025
7 0.783984375 0.5666666666666667 0.00859375 0.025
7 0.742578125 0.6055555555555555 0.01015625 0.025
7 0.752734375 0.5694444444444444 0.00703125 0.016666666666666666
7 0.739453125 0.5555555555555556 0.00703125 0.019444444444444445
7 0.7359375 0.5083333333333333 0.0078125 0.016666666666666666
7 0.730859375 0.46111111111111114 0.00703125 0.019444444444444445
7 0.71640625 0.44722222222222224 0.0046875 0.016666666666666666
7 0.7609375 0.42916666666666664 0.0078125 0.019444444444444445
7 0.707421875 0.4166666666666667 0.00703125 0.016666666666666666
7 0.6953125 0.38125 0.0078125 0.018055555555555554
7 0.6484375 0.3458333333333333 0.00625 0.013888888888888888
7 0.683984375 0.3416666666666667 0.00546875 0.016666666666666666
7 0.6703125 0.3159722222222222 0.0078125 0.018055555555555554
7 0.658203125 0.31319444444444444 0.00703125 0.018055555555555554
7 0.6765625 0.30416666666666664 0.0078125 0.013888888888888888
7 0.656640625 0.26944444444444443 0.00859375 0.019444444444444445
7 0.7078125 0.27361111111111114 0.00625 0.016666666666666666
7 0.719140625 0.25625 0.00546875 0.015277777777777777
7 0.716796875 0.2951388888888889 0.00859375 0.018055555555555554
7 0.729296875 0.2902777777777778 0.00859375 0.013888888888888888
7 0.7234375 0.3236111111111111 0.00625 0.019444444444444445
7 0.728125 0.34930555555555554 0.00625 0.015277777777777777
7 0.612890625 0.1701388888888889 0.00703125 0.009722222222222222
7 0.618359375 0.1527777777777778 0.00703125 0.016666666666666666
7 0.61015625 0.13333333333333333 0.0046875 0.016666666666666666
7 0.61640625 0.12291666666666666 0.00625 0.0125
7 0.6203125 0.09166666666666666 0.00625 0.016666666666666666
7 0.519921875 0.24444444444444444 0.00703125 0.022222222222222223
7 0.498828125 0.21319444444444444 0.00703125 0.018055555555555554
7 0.487109375 0.21388888888888888 0.00546875 0.016666666666666666
7 0.509375 0.14027777777777778 0.00625 0.016666666666666666
7 0.053125 0.7555555555555555 0.0171875 0.03333333333333333
7 0.13125 0.8111111111111111 0.015625 0.03611111111111111
7 0.438671875 0.8777777777777778 0.01328125 0.03333333333333333
7 0.52734375 0.8840277777777777 0.0125 0.034722222222222224
7 0.555859375 0.8965277777777778 0.01171875 0.034722222222222224
7 0.565234375 0.8979166666666667 0.01015625 0.034722222222222224
7 0.596484375 0.9034722222222222 0.01015625 0.043055555555555555
7 0.600390625 0.8645833333333334 0.00703125 0.020833333333333332
7 0.624609375 0.9569444444444445 0.00859375 0.044444444444444446
7 0.61875 0.9618055555555556 0.009375 0.0375
7 0.584375 0.34444444444444444 0.0078125 0.027777777777777776
7 0.50859375 0.1125 0.0078125 0.016666666666666666
7 0.497265625 0.13402777777777777 0.00703125 0.020833333333333332
7 0.3734375 0.25625 0.00625 0.02638888888888889
7 0.490234375 0.10347222222222222 0.00546875 0.015277777777777777
7 0.154296875 0.4166666666666667 0.01015625 0.027777777777777776
7 0.77578125 0.9201388888888888 0.0140625 0.02361111111111111
7 0.774609375 0.8527777777777777 0.01171875 0.027777777777777776
7 0.772265625 0.8430555555555556 0.01171875 0.025
7 0.759375 0.8194444444444444 0.0078125 0.027777777777777776
7 0.7484375 0.7270833333333333 0.0125 0.015277777777777777
7 0.720703125 0.6770833333333334 0.01015625 0.02361111111111111
7 0.57421875 0.3402777777777778 0.0078125 0.027777777777777776
7 0.619921875 0.04027777777777778 0.00703125 0.011111111111111112
7 0.60859375 0.013888888888888888 0.00625 0.013888888888888888
7 0.70859375 0.08472222222222223 0.0078125 0.016666666666666666
7 0.7265625 0.30625 0.0078125 0.015277777777777777
7 0.787109375 0.4861111111111111 0.01015625 0.019444444444444445
7 0.80234375 0.5 0.0109375 0.025
