7 0.46640625 0.7770833333333333 0.021875 0.08194444444444444
7 0.40390625 0.4527777777777778 0.0171875 0.044444444444444446
7 0.554296875 0.2604166666666667 0.01171875 0.03194444444444444
7 0.23671875 0.9430555555555555 0.0265625 0.06944444444444445
7 0.544140625 0.21666666666666667 0.00859375 0.03888888888888889
7 0.4921875 0.10833333333333334 0.0078125 0.013888888888888888
7 0.53125 0.10138888888888889 0.00625 0.016666666666666666
7 0.503125 0.11527777777777778 0.0078125 0.019444444444444445
7 0.537890625 0.09583333333333334 0.00859375 0.016666666666666666
7 0.549609375 0.08819444444444445 0.00859375 0.018055555555555554
7 0.560546875 0.09375 0.00546875 0.029166666666666667
7 0.5484375 0.10277777777777777 0.0078125 0.019444444444444445
7 0.538671875 0.058333333333333334 0.00859375 0.013888888888888888
