7 0.56484375 0.7541666666666667 0.0234375 0.08611111111111111
7 0.45859375 0.5722222222222222 0.01875 0.05277777777777778
7 0.497265625 0.3173611111111111 0.01484375 0.0375
7 0.5484375 0.2013888888888889 0.009375 0.030555555555555555
7 0.61015625 0.14930555555555555 0.0078125 0.018055555555555554
7 0.58515625 0.19027777777777777 0.009375 0.019444444444444445
7 0.599609375 0.11388888888888889 0.00859375 0.019444444444444445
7 0.568359375 0.11458333333333333 0.00703125 0.02638888888888889
7 0.605859375 0.08263888888888889 0.00859375 0.018055555555555554
7 0.621484375 0.09861111111111111 0.00703125 0.027777777777777776
7 0.626953125 0.10208333333333333 0.00703125 0.029166666666666667
