7 0.15234375 0.48194444444444445 0.0171875 0.08055555555555556
7 0.13359375 0.47847222222222224 0.0171875 0.07916666666666666
7 0.114453125 0.4840277777777778 0.01328125 0.08194444444444444
7 0.323046875 0.30277777777777776 0.01171875 0.058333333333333334
7 0.521484375 0.1798611111111111 0.01328125 0.029166666666666667
7 0.1328125 0.4388888888888889 0.0171875 0.03333333333333333
7 0.148046875 0.4673611111111111 0.01640625 0.0763888888888889
7 0.424609375 0.030555555555555555 0.01015625 0.025
7 0.570703125 0.21458333333333332 0.01015625 0.0375
7 0.508203125 0.07916666666666666 0.00703125 0.03611111111111111
7 0.462890625 0.029861111111111113 0.00546875 0.029166666666666667
7 0.46796875 0.050694444444444445 0.0078125 0.018055555555555554
7 0.4734375 0.03611111111111111 0.00625 0.027777777777777776
