7 0.10859375 0.3284722222222222 0.015625 0.08194444444444444
7 0.076953125 0.36180555555555555 0.01796875 0.08472222222222223
7 0.085546875 0.35208333333333336 0.01484375 0.09027777777777778
7 0.133984375 0.33125 0.01640625 0.0763888888888889
7 0.74609375 0.5111111111111111 0.025 0.08611111111111111
7 0.608203125 0.2791666666666667 0.01953125 0.058333333333333334
7 0.51640625 0.1125 0.015625 0.03333333333333333
7 0.545703125 0.11180555555555556 0.01015625 0.04027777777777778
7 0.1015625 0.3451388888888889 0.0203125 0.09583333333333334
7 0.1171875 0.2722222222222222 0.0171875 0.04722222222222222
7 0.464453125 0.03194444444444444 0.01328125 0.03888888888888889
7 0.75078125 0.5069444444444444 0.015625 0.08611111111111111
