7 0.20234375 0.5923611111111111 0.021875 0.06527777777777778
7 0.1796875 0.7222222222222222 0.03125 0.07222222222222222
7 0.1921875 0.5909722222222222 0.0125 0.043055555555555555
7 0.266796875 0.4166666666666667 0.01640625 0.05277777777777778
7 0.350390625 0.3819444444444444 0.01640625 0.05
7 0.2921875 0.3597222222222222 0.015625 0.05277777777777778
7 0.34296875 0.31875 0.01875 0.04027777777777778
7 0.33359375 0.24722222222222223 0.015625 0.04722222222222222
7 0.4609375 0.19305555555555556 0.015625 0.03333333333333333
7 0.4171875 0.22847222222222222 0.0171875 0.034722222222222224
7 0.396875 0.21388888888888888 0.0171875 0.03888888888888889
7 0.415234375 0.16458333333333333 0.01171875 0.02638888888888889
7 0.447265625 0.13958333333333334 0.01484375 0.034722222222222224
7 0.50625 0.1527777777777778 0.015625 0.03333333333333333
7 0.522265625 0.07569444444444444 0.00859375 0.02361111111111111
7 0.419921875 0.10069444444444445 0.01015625 0.029166666666666667
