7 0.85546875 0.47638888888888886 0.0375 0.10555555555555556
7 0.42109375 0.28958333333333336 0.021875 0.07361111111111111
7 0.470703125 0.2847222222222222 0.02578125 0.075
7 0.48515625 0.10138888888888889 0.0125 0.041666666666666664
7 0.403515625 0.12569444444444444 0.01484375 0.0375
7 0.505078125 0.10555555555555556 0.01171875 0.03888888888888889
7 0.427734375 0.14097222222222222 0.01640625 0.0375
7 0.43359375 0.11666666666666667 0.0125 0.030555555555555555
7 0.546484375 0.16527777777777777 0.01796875 0.030555555555555555
7 0.33671875 0.07708333333333334 0.0109375 0.02361111111111111
