7 0.190234375 0.5631944444444444 0.01328125 0.08194444444444444
7 0.169921875 0.5715277777777777 0.01328125 0.07916666666666666
7 0.586328125 0.6131944444444445 0.02265625 0.06805555555555555
7 0.348046875 0.4375 0.01796875 0.05555555555555555
7 0.64765625 0.8090277777777778 0.025 0.07083333333333333
7 0.639453125 0.5444444444444444 0.02109375 0.06111111111111111
7 0.176171875 0.5430555555555555 0.02265625 0.08055555555555556
7 0.194921875 0.5527777777777778 0.01015625 0.07777777777777778
7 0.175390625 0.5506944444444445 0.01484375 0.08194444444444444
7 0.466796875 0.05277777777777778 0.00703125 0.016666666666666666
7 0.520703125 0.14722222222222223 0.00703125 0.027777777777777776
7 0.506640625 0.12986111111111112 0.00703125 0.018055555555555554
7 0.5484375 0.22013888888888888 0.0078125 0.020833333333333332
7 0.51171875 0.32083333333333336 0.0125 0.030555555555555555
7 0.5875 0.6111111111111112 0.021875 0.06111111111111111
