7 0.678515625 0.9291666666666667 0.02734375 0.075
7 0.212890625 0.5902777777777778 0.01328125 0.07222222222222222
7 0.22734375 0.5923611111111111 0.0171875 0.08194444444444444
7 0.200390625 0.5916666666666667 0.01484375 0.07777777777777778
7 0.261328125 0.5680555555555555 0.01640625 0.07222222222222222
7 0.2140625 0.575 0.015625 0.08055555555555556
7 0.222265625 0.5395833333333333 0.01484375 0.034722222222222224
7 0.483984375 0.09305555555555556 0.00703125 0.022222222222222223
7 0.50390625 0.07430555555555556 0.00625 0.015277777777777777
7 0.513671875 0.0625 0.00546875 0.013888888888888888
7 0.519921875 0.05625 0.00546875 0.015277777777777777
7 0.49765625 0.14652777777777778 0.0109375 0.02361111111111111
7 0.501171875 0.16319444444444445 0.00859375 0.018055555555555554
7 0.565625 0.17777777777777778 0.00625 0.025
7 0.57109375 0.18125 0.00625 0.029166666666666667
7 0.54453125 0.3770833333333333 0.0140625 0.04583333333333333
7 0.557421875 0.14722222222222223 0.00703125 0.03611111111111111
