7 0.3140625 0.2638888888888889 0.0265625 0.07777777777777778
7 0.291015625 0.08958333333333333 0.01484375 0.04861111111111111
7 0.595703125 0.20277777777777778 0.02265625 0.06666666666666667
7 0.32265625 0.058333333333333334 0.015625 0.03611111111111111
7 0.59453125 0.19791666666666666 0.0265625 0.06527777777777778
7 0.461328125 0.029861111111111113 0.01484375 0.0375
7 0.512109375 0.04236111111111111 0.01328125 0.04583333333333333
7 0.554296875 0.020833333333333332 0.01015625 0.041666666666666664
7 0.544921875 0.02013888888888889 0.01015625 0.04027777777777778
7 0.46171875 0.029166666666666667 0.0140625 0.030555555555555555
