7 0.386 0.3132075471698113 0.04 0.09811320754716982
7 0.8265 0.2330188679245283 0.033 0.062264150943396226
7 0.201 0.41226415094339625 0.048 0.09245283018867924
7 0.7935 0.15754716981132075 0.025 0.04339622641509434
7 0.355 0.06886792452830189 0.024 0.04339622641509434
7 0.4215 0.01981132075471698 0.019 0.03207547169811321
7 0.4985 0.05188679245283019 0.023 0.0509433962264151
7 0.694 0.029245283018867925 0.02 0.03962264150943396
7 0.753 0.04150943396226415 0.018 0.03018867924528302
7 0.763 0.06981132075471698 0.02 0.03018867924528302
