7 0.8375 0.49166666666666664 0.025 0.058333333333333334
7 0.836328125 0.4847222222222222 0.03046875 0.05555555555555555
7 0.20078125 0.5631944444444444 0.0171875 0.06527777777777778
7 0.1875 0.5708333333333333 0.0125 0.041666666666666664
7 0.273828125 0.5319444444444444 0.02265625 0.05555555555555555
7 0.25 0.4423611111111111 0.021875 0.0625
7 0.29296875 0.3701388888888889 0.0171875 0.05416666666666667
7 0.3296875 0.25416666666666665 0.01875 0.041666666666666664
7 0.358984375 0.2604166666666667 0.01484375 0.0375
7 0.40625 0.25972222222222224 0.0171875 0.041666666666666664
7 0.517578125 0.2590277777777778 0.01953125 0.04583333333333333
7 0.4421875 0.1638888888888889 0.0140625 0.027777777777777776
7 0.417578125 0.16111111111111112 0.01171875 0.025
7 0.421484375 0.12083333333333333 0.01171875 0.025
7 0.483203125 0.11875 0.01015625 0.02361111111111111
7 0.515625 0.06736111111111111 0.0125 0.020833333333333332
7 0.49453125 0.0625 0.0078125 0.025
7 0.517578125 0.027777777777777776 0.00546875 0.016666666666666666
7 0.5 0.02361111111111111 0.00625 0.016666666666666666
