7 0.644921875 0.7965277777777777 0.03046875 0.10416666666666667
7 0.302734375 0.6659722222222222 0.02578125 0.07083333333333333
7 0.278515625 0.6729166666666667 0.01640625 0.05416666666666667
7 0.3625 0.6541666666666667 0.0265625 0.06666666666666667
7 0.403125 0.6798611111111111 0.0296875 0.06527777777777778
7 0.487109375 0.5395833333333333 0.03046875 0.06527777777777778
7 0.444140625 0.49722222222222223 0.02578125 0.05555555555555555
7 0.48984375 0.34791666666666665 0.01875 0.04583333333333333
7 0.562890625 0.3 0.01640625 0.04722222222222222
7 0.704296875 0.28958333333333336 0.01328125 0.034722222222222224
7 0.471484375 0.29097222222222224 0.01640625 0.05138888888888889
7 0.45390625 0.32708333333333334 0.01875 0.04861111111111111
7 0.563671875 0.11458333333333333 0.00859375 0.018055555555555554
