7 0.3640625 0.27361111111111114 0.0171875 0.03888888888888889
7 0.46484375 0.20694444444444443 0.0171875 0.030555555555555555
7 0.34765625 0.20625 0.0109375 0.0375
7 0.48203125 0.3173611111111111 0.015625 0.043055555555555555
7 0.5484375 0.3125 0.0125 0.058333333333333334
7 0.521484375 0.3548611111111111 0.01953125 0.04583333333333333
7 0.509765625 0.2298611111111111 0.01796875 0.03194444444444444
7 0.521875 0.2125 0.0125 0.041666666666666664
7 0.4484375 0.12152777777777778 0.0109375 0.034722222222222224
7 0.498828125 0.07916666666666666 0.00859375 0.022222222222222223
7 0.5125 0.0798611111111111 0.0078125 0.02361111111111111
