7 0.49296875 0.4486111111111111 0.0234375 0.05555555555555555
7 0.426953125 0.40694444444444444 0.02421875 0.044444444444444446
7 0.54921875 0.275 0.0140625 0.05
7 0.537890625 0.22708333333333333 0.01328125 0.043055555555555555
7 0.497265625 0.2965277777777778 0.01640625 0.0375
7 0.4921875 0.16041666666666668 0.0125 0.029166666666666667
7 0.45546875 0.07777777777777778 0.0078125 0.016666666666666666
7 0.359765625 0.19652777777777777 0.01015625 0.0375
7 0.487890625 0.09513888888888888 0.00859375 0.018055555555555554
7 0.495703125 0.1076388888888889 0.00703125 0.020833333333333332
