7 0.130859375 0.4888888888888889 0.01640625 0.08055555555555556
7 0.148046875 0.4951388888888889 0.01484375 0.07916666666666666
7 0.112109375 0.49722222222222223 0.01328125 0.08055555555555556
7 0.509765625 0.5131944444444444 0.01328125 0.05694444444444444
7 0.144921875 0.4798611111111111 0.01953125 0.07916666666666666
7 0.13125 0.45208333333333334 0.01875 0.034722222222222224
7 0.1328125 0.48194444444444445 0.0203125 0.07777777777777778
7 0.444140625 0.035416666666666666 0.00859375 0.020833333333333332
7 0.57109375 0.45625 0.01875 0.05416666666666667
7 0.57109375 0.4638888888888889 0.0171875 0.05555555555555555
7 0.512109375 0.1125 0.00703125 0.030555555555555555
7 0.5046875 0.09027777777777778 0.00625 0.03611111111111111
7 0.46796875 0.04583333333333333 0.0078125 0.027777777777777776
7 0.408203125 0.03958333333333333 0.00703125 0.02638888888888889
