7 0.47265625 0.2125 0.009375 0.027777777777777776
7 0.515625 0.775 0.0234375 0.06944444444444445
7 0.5484375 0.3638888888888889 0.0140625 0.044444444444444446
7 0.5609375 0.10972222222222222 0.0078125 0.016666666666666666
7 0.56875 0.17847222222222223 0.0078125 0.02638888888888889
7 0.505859375 0.11666666666666667 0.00703125 0.022222222222222223
7 0.4953125 0.11805555555555555 0.009375 0.019444444444444445
7 0.558203125 0.0875 0.00703125 0.027777777777777776
7 0.571484375 0.11805555555555555 0.00703125 0.03333333333333333
7 0.581640625 0.1284722222222222 0.00546875 0.034722222222222224
7 0.5078125 0.09722222222222222 0.0078125 0.013888888888888888
