7 0.166015625 0.7895833333333333 0.03203125 0.10138888888888889
7 0.14765625 0.7979166666666667 0.0296875 0.11805555555555555
7 0.196484375 0.6652777777777777 0.02265625 0.08055555555555556
7 0.25 0.5208333333333334 0.0328125 0.07222222222222222
7 0.41875 0.23125 0.0109375 0.034722222222222224
7 0.524609375 0.4041666666666667 0.01484375 0.03333333333333333
7 0.531640625 0.40625 0.01796875 0.059722222222222225
7 0.5515625 0.06458333333333334 0.0078125 0.02638888888888889
7 0.497265625 0.09444444444444444 0.00859375 0.030555555555555555
7 0.568359375 0.11388888888888889 0.01171875 0.027777777777777776
7 0.546875 0.050694444444444445 0.009375 0.02361111111111111
