7 0.780078125 0.6048611111111111 0.01953125 0.059722222222222225
7 0.37265625 0.49722222222222223 0.0171875 0.05555555555555555
7 0.2515625 0.5493055555555556 0.0140625 0.08194444444444444
7 0.22421875 0.5694444444444444 0.0171875 0.06944444444444445
7 0.59921875 0.3888888888888889 0.0140625 0.041666666666666664
7 0.248046875 0.5618055555555556 0.01484375 0.08472222222222223
7 0.238671875 0.5430555555555555 0.01171875 0.07777777777777778
7 0.228515625 0.5611111111111111 0.01015625 0.07777777777777778
7 0.231640625 0.5534722222222223 0.01015625 0.0875
7 0.5203125 0.05763888888888889 0.00625 0.018055555555555554
7 0.533203125 0.06458333333333334 0.00703125 0.018055555555555554
7 0.526171875 0.09444444444444444 0.00703125 0.019444444444444445
7 0.5984375 0.17152777777777778 0.0078125 0.034722222222222224
7 0.696875 0.33402777777777776 0.0109375 0.043055555555555555
7 0.58359375 0.13472222222222222 0.009375 0.027777777777777776
