7 0.379296875 0.3347222222222222 0.03828125 0.11388888888888889
7 0.805859375 0.4166666666666667 0.05234375 0.1361111111111111
7 0.165234375 0.5854166666666667 0.08828125 0.16527777777777777
7 0.5171875 0.2611111111111111 0.0390625 0.10833333333333334
7 0.37578125 0.5645833333333333 0.0671875 0.1486111111111111
7 0.82265625 0.041666666666666664 0.025 0.07777777777777778
7 0.742578125 0.11875 0.03828125 0.09861111111111111
7 0.398046875 0.5402777777777777 0.04921875 0.18055555555555555
7 0.75546875 0.043055555555555555 0.028125 0.08611111111111111
7 0.752734375 0.12083333333333333 0.02578125 0.09722222222222222
