7 0.882421875 0.2125 0.02421875 0.041666666666666664
7 0.655078125 0.31875 0.02734375 0.0763888888888889
7 0.823828125 0.39444444444444443 0.03046875 0.06944444444444445
7 0.259765625 0.5777777777777777 0.04453125 0.11944444444444445
7 0.5671875 0.6506944444444445 0.0515625 0.1486111111111111
7 0.562109375 0.23958333333333334 0.02265625 0.059722222222222225
7 0.958203125 0.18611111111111112 0.02109375 0.04722222222222222
7 0.701171875 0.11180555555555556 0.01484375 0.034722222222222224
7 0.639453125 0.2263888888888889 0.02109375 0.05555555555555555
7 0.625 0.27291666666666664 0.021875 0.0625
7 0.576953125 0.6243055555555556 0.04140625 0.10138888888888889
7 0.78046875 0.09791666666666667 0.0125 0.0375
7 0.664453125 0.3076388888888889 0.01953125 0.05694444444444444
7 0.785546875 0.09861111111111111 0.00859375 0.03611111111111111
7 0.772265625 0.06597222222222222 0.01015625 0.034722222222222224
