7 0.464 0.038679245283018866 0.024 0.0509433962264151
7 0.3795 0.2641509433962264 0.047 0.09811320754716982
7 0.8315 0.27641509433962264 0.041 0.11132075471698114
7 0.402 0.34150943396226413 0.05 0.08679245283018867
7 0.4735 0.10849056603773585 0.027 0.07358490566037736
7 0.8585 0.20471698113207548 0.037 0.08490566037735849
7 0.738 0.1160377358490566 0.03 0.0509433962264151
7 0.961 0.41132075471698115 0.058 0.07924528301886792
7 0.3775 0.26037735849056604 0.043 0.0830188679245283
7 0.97 0.06792452830188679 0.03 0.03773584905660377
7 0.911 0.09716981132075472 0.034 0.05471698113207547
7 0.8505 0.11037735849056604 0.035 0.04716981132075472
7 0.8255 0.07075471698113207 0.031 0.04339622641509434
7 0.778 0.08490566037735849 0.028 0.045283018867924525
7 0.792 0.13773584905660377 0.034 0.04905660377358491
7 0.0285 0.3641509433962264 0.037 0.1471698113207547
