7 0.0390625 0.41388888888888886 0.0109375 0.030555555555555555
7 0.07109375 0.21736111111111112 0.015625 0.029166666666666667
7 0.070703125 0.029861111111111113 0.01171875 0.02638888888888889
7 0.10625 0.02638888888888889 0.0125 0.025
7 0.008984375 0.025 0.01328125 0.03611111111111111
7 0.273828125 0.3368055555555556 0.01015625 0.02638888888888889
7 0.285546875 0.3229166666666667 0.01328125 0.029166666666666667
7 0.40703125 0.3368055555555556 0.0125 0.02638888888888889
7 0.40859375 0.36041666666666666 0.0125 0.020833333333333332
7 0.378125 0.5548611111111111 0.015625 0.029166666666666667
7 0.386328125 0.5145833333333333 0.01640625 0.02638888888888889
7 0.39609375 0.45555555555555555 0.0125 0.027777777777777776
7 0.34296875 0.38333333333333336 0.015625 0.030555555555555555
7 0.2375 0.7222222222222222 0.01875 0.030555555555555555
7 0.191015625 0.73125 0.01640625 0.02361111111111111
7 0.56640625 0.5694444444444444 0.015625 0.025
7 0.573046875 0.6083333333333333 0.01484375 0.027777777777777776
7 0.646875 0.5013888888888889 0.01875 0.041666666666666664
7 0.971484375 0.3388888888888889 0.01015625 0.025
7 0.9484375 0.20625 0.0109375 0.029166666666666667
7 0.934375 0.15486111111111112 0.015625 0.0375
7 0.615625 0.14375 0.0125 0.02361111111111111
7 0.64609375 0.07291666666666667 0.0125 0.02638888888888889
7 0.5171875 0.10416666666666667 0.0140625 0.058333333333333334
7 0.504296875 0.17083333333333334 0.01640625 0.041666666666666664
7 0.505078125 0.22777777777777777 0.01640625 0.027777777777777776
7 0.5609375 0.21944444444444444 0.009375 0.019444444444444445
7 0.630078125 0.23402777777777778 0.01328125 0.02638888888888889
7 0.693359375 0.6569444444444444 0.01171875 0.025
7 0.732421875 0.5270833333333333 0.01171875 0.029166666666666667
