7 0.190234375 0.5583333333333333 0.01328125 0.08055555555555556
7 0.338671875 0.5111111111111111 0.02109375 0.06111111111111111
7 0.170703125 0.5666666666666667 0.01484375 0.08055555555555556
7 0.68359375 0.6666666666666666 0.0234375 0.06666666666666667
7 0.56171875 0.5076388888888889 0.0171875 0.04861111111111111
7 0.604296875 0.6430555555555556 0.01796875 0.05277777777777778
7 0.18046875 0.5388888888888889 0.0140625 0.08055555555555556
7 0.195703125 0.5479166666666667 0.01171875 0.07916666666666666
7 0.1765625 0.5506944444444445 0.0171875 0.0875
7 0.478515625 0.04861111111111111 0.00703125 0.016666666666666666
7 0.523828125 0.14930555555555555 0.00703125 0.029166666666666667
7 0.509765625 0.12708333333333333 0.00703125 0.02638888888888889
7 0.562890625 0.25 0.01015625 0.03333333333333333
7 0.562109375 0.5111111111111111 0.01484375 0.05
