7 0.322265625 0.5708333333333333 0.04296875 0.11666666666666667
7 0.7765625 0.45069444444444445 0.03125 0.11527777777777778
7 0.62109375 0.27152777777777776 0.021875 0.08194444444444444
7 0.576171875 0.29583333333333334 0.02734375 0.08333333333333333
7 0.21953125 0.6083333333333333 0.0328125 0.125
7 0.9765625 0.2298611111111111 0.0203125 0.0625
7 0.5046875 0.3840277777777778 0.0328125 0.08472222222222223
7 0.52421875 0.3034722222222222 0.025 0.07916666666666666
7 0.89296875 0.008333333333333333 0.0109375 0.016666666666666666
7 0.239453125 0.5895833333333333 0.04765625 0.12083333333333333
7 0.845703125 0.030555555555555555 0.01171875 0.022222222222222223
