7 0.241796875 0.6041666666666666 0.02421875 0.06388888888888888
7 0.1671875 0.525 0.0125 0.075
7 0.15234375 0.525 0.015625 0.08333333333333333
7 0.1859375 0.525 0.015625 0.07777777777777778
7 0.590625 0.3597222222222222 0.0140625 0.05277777777777778
7 0.603125 0.34097222222222223 0.0125 0.043055555555555555
7 0.6828125 0.43125 0.0171875 0.04861111111111111
7 0.180859375 0.5145833333333333 0.01171875 0.07916666666666666
7 0.17734375 0.5069444444444444 0.0125 0.08611111111111111
7 0.16875 0.5145833333333333 0.0140625 0.08194444444444444
7 0.363671875 0.09930555555555555 0.01015625 0.02638888888888889
7 0.483203125 0.05138888888888889 0.00859375 0.022222222222222223
7 0.534375 0.12291666666666666 0.00625 0.034722222222222224
7 0.52578125 0.11875 0.0046875 0.020833333333333332
7 0.525 0.1111111111111111 0.0078125 0.027777777777777776
