7 0.38203125 0.34791666666666665 0.0109375 0.05416666666666667
7 0.451953125 0.35208333333333336 0.01640625 0.0375
7 0.3953125 0.3104166666666667 0.009375 0.04861111111111111
7 0.509375 0.8180555555555555 0.021875 0.1
7 0.40234375 0.4951388888888889 0.0171875 0.04583333333333333
7 0.344921875 0.8381944444444445 0.02578125 0.06527777777777778
7 0.404296875 0.3861111111111111 0.01640625 0.03888888888888889
7 0.366796875 0.5152777777777777 0.01953125 0.05277777777777778
7 0.471484375 0.2222222222222222 0.01015625 0.025
7 0.430859375 0.2881944444444444 0.01328125 0.029166666666666667
7 0.5390625 0.41458333333333336 0.015625 0.04583333333333333
7 0.291015625 0.63125 0.01484375 0.059722222222222225
7 0.463671875 0.12569444444444444 0.00703125 0.02361111111111111
7 0.275 0.6402777777777777 0.0125 0.05277777777777778
7 0.512890625 0.05486111111111111 0.00546875 0.02638888888888889
7 0.541796875 0.025694444444444443 0.00546875 0.02361111111111111
7 0.526953125 0.025694444444444443 0.00546875 0.020833333333333332
7 0.426953125 0.21180555555555555 0.01015625 0.04027777777777778
7 0.5796875 0.11875 0.0078125 0.03194444444444444
