7 0.4935 0.39622641509433965 0.049 0.1169811320754717
7 0.12 0.5547169811320755 0.066 0.12452830188679245
7 0.5175 0.45754716981132076 0.045 0.10754716981132076
7 0.8645 0.24716981132075472 0.031 0.0830188679245283
7 0.5055 0.14622641509433962 0.025 0.0660377358490566
7 0.2905 0.439622641509434 0.049 0.09056603773584905
7 0.271 0.45660377358490567 0.048 0.1169811320754717
7 0.384 0.1481132075471698 0.028 0.062264150943396226
7 0.434 0.13962264150943396 0.026 0.045283018867924525
7 0.44 0.0830188679245283 0.024 0.03773584905660377
7 0.4525 0.03773584905660377 0.019 0.04150943396226415
7 0.4945 0.11132075471698114 0.025 0.05660377358490566
7 0.5625 0.10754716981132076 0.025 0.052830188679245285
