7 0.17890625 0.5173611111111112 0.0203125 0.0875
7 0.808984375 0.6993055555555555 0.02421875 0.07083333333333333
7 0.162109375 0.5180555555555556 0.01171875 0.08333333333333333
7 0.148046875 0.5194444444444445 0.01328125 0.08055555555555556
7 0.4984375 0.34444444444444444 0.0140625 0.041666666666666664
7 0.359765625 0.1486111111111111 0.01015625 0.025
7 0.183203125 0.50625 0.01484375 0.08194444444444444
7 0.1734375 0.5 0.0125 0.08333333333333333
7 0.165234375 0.5069444444444444 0.01484375 0.08611111111111111
7 0.532421875 0.12291666666666666 0.00703125 0.0375
7 0.522265625 0.11319444444444444 0.00859375 0.02638888888888889
7 0.44453125 0.049305555555555554 0.0078125 0.02638888888888889
