7 0.1635 0.5377358490566038 0.055 0.12075471698113208
7 0.8825 0.14150943396226415 0.027 0.03773584905660377
7 0.254 0.4547169811320755 0.054 0.12075471698113208
7 0.8485 0.14433962264150943 0.027 0.03962264150943396
7 0.101 0.7905660377358491 0.08 0.16226415094339622
7 0.2525 0.44622641509433963 0.053 0.12641509433962264
7 0.462 0.04433962264150943 0.026 0.04716981132075472
7 0.5475 0.0830188679245283 0.025 0.052830188679245285
7 0.802 0.11132075471698114 0.026 0.04905660377358491
7 0.831 0.18396226415094338 0.034 0.05471698113207547
