7 0.908984375 0.7805555555555556 0.02734375 0.1
7 0.11328125 0.3277777777777778 0.015625 0.08611111111111111
7 0.890625 0.7833333333333333 0.021875 0.10277777777777777
7 0.1453125 0.2951388888888889 0.015625 0.0763888888888889
7 0.09765625 0.31319444444444444 0.01875 0.08472222222222223
7 0.589453125 0.19652777777777777 0.01796875 0.04861111111111111
7 0.10703125 0.27361111111111114 0.01875 0.05277777777777778
7 0.6734375 0.42569444444444443 0.0234375 0.05416666666666667
7 0.5109375 0.34305555555555556 0.0203125 0.06388888888888888
7 0.5140625 0.11875 0.0140625 0.04583333333333333
7 0.4578125 0.058333333333333334 0.0125 0.03611111111111111
7 0.11640625 0.31666666666666665 0.0203125 0.09444444444444444
7 0.590625 0.1909722222222222 0.015625 0.03194444444444444
7 0.43125 0.06944444444444445 0.0140625 0.027777777777777776
