7 0.153125 0.5826388888888889 0.0203125 0.08194444444444444
7 0.1859375 0.5611111111111111 0.0140625 0.07777777777777778
7 0.1671875 0.5625 0.0125 0.08611111111111111
7 0.17109375 0.5541666666666667 0.0140625 0.08055555555555556
7 0.161328125 0.5736111111111111 0.01484375 0.07777777777777778
7 0.180078125 0.5756944444444444 0.01484375 0.08194444444444444
7 0.444921875 0.08402777777777778 0.00703125 0.015277777777777777
7 0.483203125 0.07847222222222222 0.00703125 0.018055555555555554
7 0.490625 0.1326388888888889 0.00625 0.018055555555555554
7 0.497265625 0.1597222222222222 0.00703125 0.013888888888888888
7 0.515234375 0.16666666666666666 0.00703125 0.025
