7 0.869140625 0.6243055555555556 0.02109375 0.03194444444444444
7 0.948046875 0.7208333333333333 0.02421875 0.03333333333333333
7 0.551171875 0.42291666666666666 0.01796875 0.0375
7 0.748828125 0.7756944444444445 0.01015625 0.034722222222222224
7 0.857421875 0.4354166666666667 0.00546875 0.02361111111111111
7 0.8234375 0.41458333333333336 0.0125 0.02361111111111111
7 0.790625 0.25069444444444444 0.00625 0.018055555555555554
7 0.799609375 0.22708333333333333 0.01171875 0.02638888888888889
7 0.171875 0.33611111111111114 0.0125 0.03611111111111111
7 0.1828125 0.33194444444444443 0.0109375 0.03611111111111111
7 0.1078125 0.41875 0.01875 0.04027777777777778
7 0.991015625 0.9381944444444444 0.01328125 0.0375
