7 0.160546875 0.8399053627760252 0.04140625 0.1277602523659306
7 0.298046875 0.6963722397476341 0.03828125 0.13722397476340695
7 0.136328125 0.8438485804416404 0.03671875 0.12933753943217666
7 0.538671875 0.2547318611987382 0.01796875 0.06466876971608833
7 0.715234375 0.30757097791798105 0.02109375 0.0694006309148265
7 0.684765625 0.1474763406940063 0.01328125 0.033123028391167195
7 0.655078125 0.08438485804416404 0.01171875 0.02996845425867508
7 0.14453125 0.8406940063091483 0.0578125 0.07886435331230283
7 0.461328125 0.14037854889589904 0.01328125 0.025236593059936908
7 0.71640625 0.31545741324921134 0.021875 0.07886435331230283
7 0.472265625 0.16876971608832808 0.01328125 0.03785488958990536
7 0.448828125 0.17823343848580442 0.01328125 0.04416403785488959
7 0.508203125 0.08911671924290221 0.01015625 0.033123028391167195
7 0.53046875 0.055205047318611984 0.0109375 0.025236593059936908
