7 0.51015625 0.5263888888888889 0.015625 0.03333333333333333
7 0.557421875 0.5548611111111111 0.01171875 0.04027777777777778
7 0.83515625 0.4979166666666667 0.0140625 0.02638888888888889
7 0.80390625 0.5902777777777778 0.015625 0.030555555555555555
7 0.87265625 0.5465277777777777 0.0140625 0.05416666666666667
7 0.875 0.51875 0.0125 0.02361111111111111
7 0.758203125 0.43819444444444444 0.01171875 0.029166666666666667
7 0.481640625 0.6354166666666666 0.00859375 0.02638888888888889
7 0.46953125 0.4479166666666667 0.0109375 0.05416666666666667
7 0.520703125 0.3277777777777778 0.01171875 0.025
7 0.491796875 0.3194444444444444 0.01328125 0.03888888888888889
7 0.494140625 0.30069444444444443 0.01328125 0.029166666666666667
7 0.67578125 0.03888888888888889 0.0140625 0.041666666666666664
7 0.64140625 0.23472222222222222 0.0109375 0.030555555555555555
7 0.451953125 0.38819444444444445 0.01015625 0.02638888888888889
7 0.4609375 0.35 0.009375 0.027777777777777776
7 0.421484375 0.2972222222222222 0.01015625 0.027777777777777776
7 0.42421875 0.26944444444444443 0.0078125 0.025
7 0.4109375 0.4131944444444444 0.009375 0.02638888888888889
7 0.358984375 0.43472222222222223 0.01328125 0.027777777777777776
7 0.497265625 0.17708333333333334 0.01015625 0.020833333333333332
7 0.43359375 0.14305555555555555 0.009375 0.025
7 0.51640625 0.09791666666666667 0.0078125 0.02361111111111111
7 0.483203125 0.052083333333333336 0.00703125 0.020833333333333332
7 0.517578125 0.052083333333333336 0.00859375 0.02361111111111111
7 0.231640625 0.3145833333333333 0.01328125 0.03194444444444444
7 0.21953125 0.2548611111111111 0.0125 0.03194444444444444
7 0.2078125 0.17916666666666667 0.009375 0.025
7 0.12890625 0.19236111111111112 0.0109375 0.02638888888888889
7 0.219921875 0.03611111111111111 0.01015625 0.022222222222222223
7 0.324609375 0.027083333333333334 0.00859375 0.02361111111111111
7 0.36484375 0.020833333333333332 0.03125 0.03888888888888889
7 0.080078125 0.1673611111111111 0.01015625 0.029166666666666667
7 0.611328125 0.6645833333333333 0.01328125 0.02361111111111111
7 0.60390625 0.36736111111111114 0.009375 0.02638888888888889
7 0.7984375 0.6826388888888889 0.015625 0.015277777777777777
7 0.151953125 0.9798611111111111 0.02890625 0.029166666666666667
