7 0.44296875 0.6041666666666666 0.0203125 0.05555555555555555
7 0.382421875 0.5736111111111111 0.01796875 0.05555555555555555
7 0.421875 0.24513888888888888 0.0109375 0.029166666666666667
7 0.440234375 0.4638888888888889 0.01796875 0.044444444444444446
7 0.452734375 0.08819444444444445 0.00390625 0.018055555555555554
7 0.441796875 0.1326388888888889 0.00703125 0.020833333333333332
7 0.494921875 0.22708333333333333 0.00859375 0.04861111111111111
7 0.462890625 0.14583333333333334 0.00703125 0.016666666666666666
7 0.5046875 0.2361111111111111 0.00625 0.041666666666666664
7 0.384765625 0.18194444444444444 0.00703125 0.03333333333333333
7 0.458984375 0.12152777777777778 0.00546875 0.018055555555555554
7 0.45234375 0.07152777777777777 0.0046875 0.0125
7 0.441796875 0.6145833333333334 0.01953125 0.05694444444444444
7 0.450390625 0.14027777777777778 0.00859375 0.019444444444444445
7 0.458984375 0.05347222222222222 0.00546875 0.02361111111111111
