7 0.503125 0.4384858044164038 0.0265625 0.08517350157728706
7 0.35390625 0.4400630914826498 0.03125 0.0946372239747634
7 0.25703125 0.5370662460567823 0.0359375 0.10883280757097792
7 0.494140625 0.36041009463722395 0.02890625 0.07413249211356467
7 0.430859375 0.15141955835962145 0.01328125 0.050473186119873815
7 0.680859375 0.17823343848580442 0.01796875 0.05362776025236593
7 0.465234375 0.09621451104100946 0.01328125 0.028391167192429023
7 0.498046875 0.13958990536277602 0.01484375 0.03627760252365931
7 0.531640625 0.10804416403785488 0.01328125 0.026813880126182965
7 0.463671875 0.13170347003154576 0.01484375 0.04574132492113565
7 0.6421875 0.030757097791798107 0.009375 0.02365930599369085
7 0.45703125 0.14353312302839116 0.0140625 0.03470031545741325
7 0.3640625 0.4313880126182965 0.0296875 0.09936908517350158
7 0.49453125 0.11198738170347003 0.015625 0.03470031545741325
7 0.469921875 0.05441640378548896 0.01328125 0.026813880126182965
7 0.498046875 0.012618296529968454 0.01015625 0.022082018927444796
7 0.68125 0.17586750788643532 0.015625 0.03943217665615142
