7 0.27734375 0.5430555555555555 0.015625 0.07777777777777778
7 0.19765625 0.5847222222222223 0.0125 0.08055555555555556
7 0.213671875 0.5847222222222223 0.01640625 0.08055555555555556
7 0.187109375 0.5916666666666667 0.01328125 0.07222222222222222
7 0.58984375 0.5958333333333333 0.01875 0.05277777777777778
7 0.20546875 0.5590277777777778 0.0125 0.0763888888888889
7 0.20234375 0.5708333333333333 0.0140625 0.07777777777777778
7 0.503515625 0.11875 0.00703125 0.020833333333333332
7 0.480859375 0.07361111111111111 0.00703125 0.019444444444444445
7 0.531640625 0.07152777777777777 0.00703125 0.018055555555555554
7 0.477734375 0.1125 0.00703125 0.022222222222222223
7 0.540234375 0.16180555555555556 0.01015625 0.02361111111111111
