7 0.66796875 0.9194444444444444 0.009375 0.025
7 0.390234375 0.95 0.01015625 0.03888888888888889
7 0.36796875 0.25277777777777777 0.00625 0.008333333333333333
7 0.237890625 0.6111111111111112 0.01171875 0.022222222222222223
7 0.610546875 0.9027777777777778 0.01171875 0.022222222222222223
7 0.687109375 0.9263888888888889 0.00859375 0.03888888888888889
7 0.61484375 0.5569444444444445 0.0078125 0.022222222222222223
7 0.630078125 0.9104166666666667 0.01328125 0.02361111111111111
7 0.615625 0.7222222222222222 0.0078125 0.027777777777777776
7 0.594921875 0.7847222222222222 0.01015625 0.025
7 0.555859375 0.8291666666666667 0.00703125 0.022222222222222223
7 0.706640625 0.8513888888888889 0.01171875 0.030555555555555555
7 0.702734375 0.7972222222222223 0.01171875 0.030555555555555555
7 0.671875 0.7652777777777777 0.0078125 0.030555555555555555
7 0.621484375 0.4826388888888889 0.01171875 0.018055555555555554
7 0.50390625 0.25277777777777777 0.00625 0.016666666666666666
7 0.4921875 0.21041666666666667 0.0046875 0.015277777777777777
7 0.49453125 0.17847222222222223 0.0046875 0.0125
7 0.47890625 0.18333333333333332 0.003125 0.011111111111111112
7 0.10390625 0.5472222222222223 0.009375 0.027777777777777776
7 0.116796875 0.5423611111111111 0.01171875 0.029166666666666667
7 0.111328125 0.5465277777777777 0.00546875 0.015277777777777777
7 0.33515625 0.3625 0.0046875 0.013888888888888888
7 0.3984375 0.03125 0.00625 0.009722222222222222
7 0.491796875 0.5861111111111111 0.00703125 0.019444444444444445
7 0.469921875 0.46805555555555556 0.00859375 0.03333333333333333
7 0.15859375 0.6340277777777777 0.0078125 0.03194444444444444
7 0.25625 0.3215277777777778 0.0078125 0.02638888888888889
7 0.240625 0.3416666666666667 0.0078125 0.027777777777777776
7 0.01484375 0.5270833333333333 0.0109375 0.03194444444444444
7 0.612109375 0.9090277777777778 0.01328125 0.02638888888888889
7 0.595703125 0.7895833333333333 0.01171875 0.020833333333333332
7 0.547265625 0.34930555555555554 0.01015625 0.018055555555555554
7 0.5140625 0.32222222222222224 0.0078125 0.019444444444444445
7 0.526953125 0.25069444444444444 0.00859375 0.0125
7 0.180859375 0.21736111111111112 0.00859375 0.0125
7 0.18359375 0.21666666666666667 0.00625 0.016666666666666666
7 0.466015625 0.07777777777777778 0.00546875 0.011111111111111112
7 0.467578125 0.10833333333333334 0.00546875 0.011111111111111112
7 0.475390625 0.11319444444444444 0.00703125 0.009722222222222222
7 0.488671875 0.11388888888888889 0.00546875 0.011111111111111112
7 0.459375 0.03819444444444445 0.00625 0.0125
7 0.766796875 0.7194444444444444 0.01171875 0.022222222222222223
7 0.70546875 0.7993055555555556 0.009375 0.03194444444444444
7 0.705078125 0.8611111111111112 0.01484375 0.03333333333333333
