7 0.487890625 0.3104166666666667 0.01953125 0.05138888888888889
7 0.422265625 0.6034722222222222 0.03046875 0.06805555555555555
7 0.597265625 0.7597222222222222 0.02734375 0.07222222222222222
7 0.589453125 0.75 0.01953125 0.075
7 0.612890625 0.17430555555555555 0.00546875 0.03194444444444444
7 0.5625 0.1798611111111111 0.0109375 0.0375
7 0.635546875 0.041666666666666664 0.00859375 0.019444444444444445
7 0.647265625 0.05694444444444444 0.00703125 0.022222222222222223
7 0.637890625 0.09375 0.01328125 0.029166666666666667
7 0.651953125 0.12638888888888888 0.01484375 0.030555555555555555
