7 0.0421875 0.48680555555555555 0.015625 0.08472222222222223
7 0.060546875 0.47847222222222224 0.01640625 0.08194444444444444
7 0.708984375 0.7069444444444445 0.02734375 0.075
7 0.08046875 0.4826388888888889 0.0140625 0.08194444444444444
7 0.6671875 0.5194444444444445 0.01875 0.06111111111111111
7 0.084765625 0.46944444444444444 0.01484375 0.08333333333333333
7 0.065625 0.46111111111111114 0.0171875 0.08333333333333333
7 0.38671875 0.018055555555555554 0.00625 0.027777777777777776
7 0.378515625 0.01875 0.00703125 0.02361111111111111
7 0.434375 0.08194444444444444 0.009375 0.025
7 0.5375 0.9347222222222222 0.03125 0.06944444444444445
