7 0.224609375 0.5881944444444445 0.01640625 0.08194444444444444
7 0.197265625 0.5868055555555556 0.01328125 0.07361111111111111
7 0.20703125 0.5888888888888889 0.0125 0.075
7 0.24921875 0.5652777777777778 0.01875 0.07777777777777778
7 0.220703125 0.5368055555555555 0.01328125 0.043055555555555555
7 0.559375 0.43125 0.0109375 0.04027777777777778
7 0.2125 0.5701388888888889 0.0140625 0.08472222222222223
7 0.503515625 0.08055555555555556 0.00703125 0.016666666666666666
7 0.503125 0.1527777777777778 0.0078125 0.019444444444444445
7 0.505078125 0.1597222222222222 0.00859375 0.019444444444444445
7 0.570703125 0.18611111111111112 0.00703125 0.025
7 0.576171875 0.18680555555555556 0.00546875 0.029166666666666667
