7 0.0765625 0.5576388888888889 0.0140625 0.08472222222222223
7 0.5890625 0.5430555555555555 0.0203125 0.058333333333333334
7 0.094921875 0.55625 0.01171875 0.0763888888888889
7 0.11640625 0.5555555555555556 0.0140625 0.08333333333333333
7 0.626953125 0.5340277777777778 0.01953125 0.059722222222222225
7 0.10390625 0.5361111111111111 0.0125 0.08611111111111111
7 0.1109375 0.5423611111111111 0.0125 0.07916666666666666
7 0.471875 0.15763888888888888 0.00625 0.03194444444444444
7 0.476171875 0.15416666666666667 0.00546875 0.03333333333333333
7 0.528125 0.275 0.0140625 0.044444444444444446
7 0.548046875 0.9333333333333333 0.02890625 0.07222222222222222
