7 0.429296875 0.4944794952681388 0.03515625 0.11198738170347003
7 0.746875 0.3643533123028391 0.028125 0.0946372239747634
7 0.403125 0.3146687697160883 0.021875 0.083596214511041
7 0.34765625 0.3115141955835962 0.021875 0.07728706624605679
7 0.424609375 0.21608832807570977 0.01953125 0.07570977917981073
7 0.6828125 0.19400630914826497 0.015625 0.05362776025236593
7 0.685546875 0.1056782334384858 0.01484375 0.031545741324921134
7 0.393359375 0.20504731861198738 0.01640625 0.05362776025236593
7 0.71640625 0.2192429022082019 0.0171875 0.05362776025236593
7 0.737890625 0.22397476340694006 0.01953125 0.06309148264984227
7 0.425 0.19873817034700317 0.0203125 0.04100946372239748
7 0.533203125 0.04652996845425868 0.01171875 0.02996845425867508
7 0.492578125 0.021293375394321766 0.01328125 0.026813880126182965
