7 0.305078125 0.73125 0.01015625 0.03194444444444444
7 0.736328125 0.6201388888888889 0.01015625 0.03194444444444444
7 0.684375 0.5423611111111111 0.0078125 0.018055555555555554
7 0.683203125 0.5729166666666666 0.00859375 0.015277777777777777
7 0.683203125 0.6013888888888889 0.00859375 0.019444444444444445
7 0.691015625 0.6923611111111111 0.01015625 0.02638888888888889
7 0.734375 0.7666666666666667 0.0125 0.022222222222222223
7 0.72890625 0.8159722222222222 0.009375 0.02638888888888889
7 0.7375 0.8375 0.0109375 0.022222222222222223
7 0.7640625 0.8222222222222222 0.0125 0.05277777777777778
7 0.701953125 0.8055555555555556 0.01015625 0.027777777777777776
7 0.6828125 0.8541666666666666 0.0125 0.025
7 0.68359375 0.8118055555555556 0.009375 0.02361111111111111
7 0.687890625 0.7520833333333333 0.00859375 0.02638888888888889
7 0.79609375 0.7833333333333333 0.0125 0.022222222222222223
7 0.815234375 0.7854166666666667 0.01171875 0.02361111111111111
7 0.870703125 0.78125 0.01484375 0.02361111111111111
7 0.856640625 0.6541666666666667 0.01171875 0.016666666666666666
7 0.29296875 0.7659722222222223 0.0109375 0.03194444444444444
7 0.27578125 0.7951388888888888 0.0109375 0.03194444444444444
7 0.2796875 0.7493055555555556 0.0109375 0.03194444444444444
7 0.25234375 0.7763888888888889 0.009375 0.025
7 0.108203125 0.7548611111111111 0.01484375 0.03194444444444444
7 0.1296875 0.9534722222222223 0.015625 0.03194444444444444
7 0.0875 0.9159722222222222 0.015625 0.03194444444444444
7 0.051171875 0.8590277777777777 0.01484375 0.03194444444444444
7 0.00859375 0.8125 0.015625 0.03333333333333333
7 0.016796875 0.6451388888888889 0.01484375 0.03194444444444444
7 0.14921875 0.6944444444444444 0.0109375 0.030555555555555555
7 0.094921875 0.5069444444444444 0.01015625 0.030555555555555555
7 0.084375 0.5111111111111111 0.0109375 0.030555555555555555
7 0.106640625 0.4340277777777778 0.01015625 0.03194444444444444
7 0.216796875 0.4340277777777778 0.01015625 0.03194444444444444
7 0.227734375 0.4097222222222222 0.01015625 0.030555555555555555
7 0.2515625 0.3854166666666667 0.0109375 0.03194444444444444
7 0.2578125 0.42291666666666666 0.0109375 0.03194444444444444
7 0.36484375 0.42986111111111114 0.009375 0.02638888888888889
7 0.44375 0.4875 0.009375 0.025
7 0.439453125 0.15694444444444444 0.00703125 0.013888888888888888
7 0.4765625 0.08888888888888889 0.0046875 0.013888888888888888
7 0.489453125 0.022222222222222223 0.00546875 0.013888888888888888
7 0.5109375 0.04583333333333333 0.0046875 0.013888888888888888
7 0.5109375 0.029166666666666667 0.0046875 0.013888888888888888
7 0.58203125 0.14722222222222223 0.0078125 0.016666666666666666
7 0.58984375 0.15416666666666667 0.0078125 0.016666666666666666
7 0.610546875 0.10833333333333334 0.00703125 0.013888888888888888
7 0.684765625 0.12777777777777777 0.00703125 0.013888888888888888
7 0.648828125 0.7215277777777778 0.00859375 0.020833333333333332
7 0.716015625 0.8388888888888889 0.01015625 0.027777777777777776
7 0.690625 0.6347222222222222 0.0078125 0.019444444444444445
7 0.683984375 0.5548611111111111 0.00703125 0.018055555555555554
7 0.6625 0.9430555555555555 0.0125 0.03611111111111111
7 0.722265625 0.9743055555555555 0.01171875 0.0375
7 0.651171875 0.975 0.01484375 0.03333333333333333
7 0.591015625 0.04652777777777778 0.00546875 0.0125
7 0.658203125 0.06597222222222222 0.01015625 0.020833333333333332
7 0.69140625 0.32222222222222224 0.0078125 0.027777777777777776
7 0.82265625 0.7555555555555555 0.0109375 0.019444444444444445
7 0.743359375 0.48194444444444445 0.01015625 0.025
7 0.712890625 0.23680555555555555 0.00703125 0.015277777777777777
7 0.7078125 0.21458333333333332 0.0078125 0.015277777777777777
7 0.6796875 0.21805555555555556 0.00625 0.030555555555555555
