7 0.553125 0.9541666666666667 0.0140625 0.044444444444444446
7 0.57890625 0.8680555555555556 0.0140625 0.044444444444444446
7 0.368359375 0.6729166666666667 0.01015625 0.029166666666666667
7 0.391015625 0.5868055555555556 0.01015625 0.029166666666666667
7 0.455078125 0.5222222222222223 0.01015625 0.027777777777777776
7 0.4484375 0.46041666666666664 0.009375 0.029166666666666667
7 0.44765625 0.3388888888888889 0.0078125 0.022222222222222223
7 0.487109375 0.3347222222222222 0.00859375 0.022222222222222223
7 0.494140625 0.29305555555555557 0.00859375 0.022222222222222223
7 0.325 0.5131944444444444 0.009375 0.029166666666666667
7 0.341015625 0.5048611111111111 0.01015625 0.029166666666666667
7 0.2296875 0.4847222222222222 0.009375 0.025
7 0.31484375 0.6951388888888889 0.009375 0.029166666666666667
7 0.283984375 0.73125 0.01015625 0.029166666666666667
7 0.262890625 0.7173611111111111 0.01015625 0.029166666666666667
7 0.264453125 0.7590277777777777 0.01015625 0.029166666666666667
7 0.2625 0.8020833333333334 0.009375 0.029166666666666667
7 0.233984375 0.8638888888888889 0.01015625 0.027777777777777776
7 0.263671875 0.8909722222222223 0.01796875 0.034722222222222224
7 0.412109375 0.25277777777777777 0.00859375 0.022222222222222223
7 0.418359375 0.175 0.00859375 0.022222222222222223
7 0.304296875 0.14583333333333334 0.00859375 0.022222222222222223
7 0.326171875 0.10416666666666667 0.00859375 0.019444444444444445
7 0.303125 0.08263888888888889 0.00625 0.018055555555555554
7 0.30390625 0.019444444444444445 0.0078125 0.022222222222222223
7 0.54296875 0.13472222222222222 0.00625 0.019444444444444445
7 0.5453125 0.16597222222222222 0.00625 0.018055555555555554
7 0.5375 0.18055555555555555 0.0046875 0.013888888888888888
7 0.4765625 0.09722222222222222 0.0046875 0.013888888888888888
7 0.4703125 0.04583333333333333 0.0046875 0.013888888888888888
7 0.56015625 0.45208333333333334 0.0078125 0.020833333333333332
7 0.58515625 0.3923611111111111 0.0078125 0.020833333333333332
7 0.596484375 0.38055555555555554 0.00546875 0.03611111111111111
7 0.599609375 0.38055555555555554 0.00546875 0.03611111111111111
7 0.54609375 0.2701388888888889 0.0078125 0.020833333333333332
7 0.66875 0.35347222222222224 0.0078125 0.020833333333333332
7 0.73359375 0.5888888888888889 0.0078125 0.025
7 0.262109375 0.3125 0.00859375 0.022222222222222223
7 0.168359375 0.8 0.01015625 0.03888888888888889
7 0.158203125 0.8708333333333333 0.01015625 0.03888888888888889
7 0.151171875 0.8152777777777778 0.01015625 0.03888888888888889
7 0.206640625 0.6222222222222222 0.01015625 0.03888888888888889
7 0.153125 0.6736111111111112 0.0078125 0.03611111111111111
7 0.19609375 0.9763888888888889 0.015625 0.027777777777777776
7 0.451953125 0.03611111111111111 0.00703125 0.011111111111111112
7 0.476953125 0.02013888888888889 0.00546875 0.015277777777777777
7 0.770703125 0.8465277777777778 0.01171875 0.0375
7 0.646875 0.22777777777777777 0.0078125 0.016666666666666666
7 0.632421875 0.19444444444444445 0.00859375 0.016666666666666666
7 0.684375 0.16319444444444445 0.0078125 0.015277777777777777
7 0.945703125 0.05416666666666667 0.00546875 0.016666666666666666
