7 0.76953125 0.5883280757097792 0.0453125 0.14511041009463724
7 0.921875 0.6474763406940063 0.046875 0.18138801261829654
7 0.42265625 0.45741324921135645 0.0328125 0.11987381703470032
7 0.46796875 0.26813880126182965 0.021875 0.0694006309148265
7 0.472265625 0.22712933753943218 0.01953125 0.0473186119873817
7 0.493359375 0.12381703470031545 0.01484375 0.04889589905362776
7 0.47109375 0.05993690851735016 0.0140625 0.04416403785488959
7 0.4640625 0.11750788643533124 0.015625 0.04258675078864353
7 0.496484375 0.04337539432176656 0.01484375 0.02996845425867508
7 0.77265625 0.5954258675078864 0.0421875 0.09936908517350158
7 0.9265625 0.6348580441640379 0.046875 0.11514195583596215
