7 0.816015625 0.96875 0.03359375 0.0375
7 0.8578125 0.5708333333333333 0.0203125 0.05
7 0.853515625 0.5666666666666667 0.03046875 0.06666666666666667
7 0.194921875 0.5548611111111111 0.02109375 0.06527777777777778
7 0.179296875 0.5583333333333333 0.01484375 0.03888888888888889
7 0.294921875 0.48333333333333334 0.02734375 0.05277777777777778
7 0.24765625 0.4527777777777778 0.0203125 0.06666666666666667
7 0.29296875 0.37777777777777777 0.01875 0.058333333333333334
7 0.513671875 0.3173611111111111 0.02109375 0.04583333333333333
7 0.41875 0.22430555555555556 0.0171875 0.03194444444444444
7 0.364453125 0.24791666666666667 0.01171875 0.0375
7 0.332421875 0.2590277777777778 0.01796875 0.04583333333333333
7 0.4453125 0.14444444444444443 0.009375 0.025
7 0.423828125 0.1486111111111111 0.01171875 0.019444444444444445
7 0.42578125 0.1111111111111111 0.0125 0.025
7 0.489453125 0.10486111111111111 0.01171875 0.02638888888888889
7 0.43203125 0.08055555555555556 0.009375 0.022222222222222223
7 0.491015625 0.059027777777777776 0.00703125 0.02361111111111111
7 0.521484375 0.09027777777777778 0.01015625 0.022222222222222223
7 0.505859375 0.034722222222222224 0.01015625 0.019444444444444445
7 0.523828125 0.035416666666666666 0.00859375 0.018055555555555554
