7 0.714453125 0.7 0.02109375 0.058333333333333334
7 0.555078125 0.8479166666666667 0.02578125 0.07916666666666666
7 0.134765625 0.5791666666666667 0.01328125 0.08333333333333333
7 0.95703125 0.9118055555555555 0.025 0.09861111111111111
7 0.12421875 0.5611111111111111 0.0140625 0.08055555555555556
7 0.109765625 0.5895833333333333 0.01328125 0.08194444444444444
7 0.323046875 0.18125 0.01015625 0.029166666666666667
7 0.13828125 0.5659722222222222 0.0125 0.08194444444444444
7 0.1203125 0.5701388888888889 0.0140625 0.08194444444444444
7 0.115234375 0.5798611111111112 0.01171875 0.08194444444444444
7 0.320703125 0.15902777777777777 0.01015625 0.020833333333333332
7 0.4453125 0.05694444444444444 0.00625 0.011111111111111112
7 0.40390625 0.1111111111111111 0.00625 0.013888888888888888
7 0.39140625 0.1111111111111111 0.00625 0.016666666666666666
7 0.40546875 0.12222222222222222 0.0078125 0.019444444444444445
7 0.44765625 0.13194444444444445 0.00625 0.030555555555555555
7 0.453125 0.12291666666666666 0.0078125 0.02361111111111111
7 0.54921875 0.3875 0.015625 0.05
