7 0.326171875 0.4798611111111111 0.01015625 0.020833333333333332
7 0.277734375 0.8145833333333333 0.01484375 0.02638888888888889
7 0.322265625 0.6111111111111112 0.01328125 0.025
7 0.305859375 0.5805555555555556 0.01171875 0.025
7 0.3171875 0.5326388888888889 0.0109375 0.020833333333333332
7 0.41171875 0.59375 0.0125 0.02361111111111111
7 0.342578125 0.38263888888888886 0.01015625 0.018055555555555554
7 0.45625 0.2326388888888889 0.009375 0.018055555555555554
7 0.467578125 0.2722222222222222 0.01328125 0.019444444444444445
7 0.569140625 0.25069444444444444 0.00859375 0.018055555555555554
7 0.562890625 0.18263888888888888 0.01015625 0.015277777777777777
7 0.58359375 0.8888888888888888 0.015625 0.03333333333333333
7 0.73046875 0.9416666666666667 0.0171875 0.025
7 0.5609375 0.35138888888888886 0.0125 0.016666666666666666
7 0.5796875 0.38263888888888886 0.0109375 0.018055555555555554
7 0.72734375 0.6270833333333333 0.0078125 0.02361111111111111
7 0.6640625 0.3590277777777778 0.0046875 0.018055555555555554
7 0.5921875 0.38333333333333336 0.00625 0.03333333333333333
7 0.596875 0.37777777777777777 0.0078125 0.03333333333333333
7 0.705078125 0.2847222222222222 0.00546875 0.011111111111111112
7 0.14375 0.8159722222222222 0.0140625 0.0375
7 0.156640625 0.8180555555555555 0.00859375 0.03888888888888889
7 0.1609375 0.7979166666666667 0.009375 0.0375
7 0.176953125 0.7479166666666667 0.00859375 0.043055555555555555
7 0.147265625 0.6729166666666667 0.00703125 0.02361111111111111
7 0.134375 0.6729166666666667 0.009375 0.03194444444444444
7 0.180078125 0.59375 0.00859375 0.034722222222222224
7 0.202734375 0.03680555555555556 0.00546875 0.020833333333333332
7 0.271875 0.022222222222222223 0.00625 0.013888888888888888
7 0.415234375 0.029861111111111113 0.00703125 0.015277777777777777
7 0.444921875 0.00625 0.00546875 0.0125
7 0.4546875 0.12916666666666668 0.0078125 0.016666666666666666
7 0.46328125 0.13819444444444445 0.0078125 0.015277777777777777
7 0.493359375 0.13819444444444445 0.00703125 0.015277777777777777
7 0.455859375 0.1625 0.00703125 0.016666666666666666
7 0.448828125 0.17152777777777778 0.00703125 0.015277777777777777
7 0.527734375 0.09097222222222222 0.00703125 0.0125
7 0.75546875 0.8986111111111111 0.0109375 0.044444444444444446
7 0.76640625 0.8875 0.0109375 0.041666666666666664
7 0.64375 0.2298611111111111 0.0078125 0.015277777777777777
7 0.704296875 0.12777777777777777 0.00703125 0.011111111111111112
7 0.680078125 0.16805555555555557 0.00703125 0.013888888888888888
7 0.628515625 0.19722222222222222 0.00703125 0.016666666666666666
7 0.9421875 0.0625 0.0046875 0.013888888888888888
