7 0.324609375 0.2659722222222222 0.03203125 0.1125
7 0.639453125 0.23402777777777778 0.03515625 0.11805555555555555
7 0.769921875 0.12291666666666666 0.03046875 0.09027777777777778
7 0.362890625 0.4701388888888889 0.05859375 0.14027777777777778
7 0.56875 0.12777777777777777 0.03125 0.1
7 0.6734375 0.08263888888888889 0.025 0.08472222222222223
7 0.532421875 0.23333333333333334 0.04609375 0.11944444444444445
7 0.34140625 0.4861111111111111 0.075 0.15555555555555556
7 0.778515625 0.12083333333333333 0.02109375 0.10277777777777777
7 0.81328125 0.034722222222222224 0.0296875 0.06944444444444445
