7 0.031640625 0.7979166666666667 0.01484375 0.034722222222222224
7 0.5546875 0.775 0.009375 0.022222222222222223
7 0.585546875 0.6645833333333333 0.00859375 0.02361111111111111
7 0.104296875 0.5451388888888888 0.01484375 0.034722222222222224
7 0.113671875 0.6090277777777777 0.01484375 0.034722222222222224
7 0.250390625 0.47708333333333336 0.01484375 0.034722222222222224
7 0.147265625 0.8618055555555556 0.01484375 0.034722222222222224
7 0.242578125 0.32430555555555557 0.01015625 0.02638888888888889
7 0.266015625 0.29305555555555557 0.00859375 0.027777777777777776
7 0.2125 0.31666666666666665 0.009375 0.030555555555555555
7 0.317578125 0.2951388888888889 0.00703125 0.018055555555555554
7 0.26640625 0.45555555555555555 0.00625 0.011111111111111112
7 0.368359375 0.08055555555555556 0.00703125 0.013888888888888888
7 0.46875 0.20833333333333334 0.00625 0.019444444444444445
7 0.4953125 0.1673611111111111 0.00625 0.018055555555555554
7 0.565625 0.17222222222222222 0.00625 0.019444444444444445
7 0.583984375 0.6944444444444444 0.01015625 0.022222222222222223
7 0.59296875 0.725 0.009375 0.022222222222222223
7 0.591796875 0.7541666666666667 0.01015625 0.022222222222222223
7 0.59140625 0.7986111111111112 0.009375 0.022222222222222223
7 0.594140625 0.8381944444444445 0.01015625 0.02361111111111111
7 0.6078125 0.8569444444444444 0.009375 0.022222222222222223
7 0.583203125 0.875 0.01015625 0.022222222222222223
7 0.621484375 0.8861111111111111 0.01015625 0.022222222222222223
7 0.634765625 0.8666666666666667 0.01015625 0.022222222222222223
7 0.684375 0.7958333333333333 0.009375 0.022222222222222223
7 0.663671875 0.8430555555555556 0.00859375 0.03611111111111111
7 0.638671875 0.9138888888888889 0.01015625 0.022222222222222223
7 0.636328125 0.8270833333333333 0.01015625 0.02361111111111111
7 0.702734375 0.8416666666666667 0.01171875 0.025
7 0.715625 0.8305555555555556 0.0109375 0.025
7 0.72265625 0.7826388888888889 0.0109375 0.02361111111111111
7 0.37421875 0.9125 0.0125 0.030555555555555555
7 0.036328125 0.4895833333333333 0.00859375 0.018055555555555554
7 0.173046875 0.3090277777777778 0.00703125 0.02638888888888889
7 0.37265625 0.03125 0.00625 0.015277777777777777
7 0.365625 0.019444444444444445 0.00625 0.016666666666666666
7 0.475 0.10694444444444444 0.0078125 0.016666666666666666
7 0.458203125 0.3104166666666667 0.00546875 0.02638888888888889
7 0.630078125 0.35555555555555557 0.00859375 0.016666666666666666
7 0.62421875 0.35694444444444445 0.00625 0.016666666666666666
7 0.58984375 0.2625 0.0078125 0.016666666666666666
7 0.58125 0.23958333333333334 0.009375 0.015277777777777777
7 0.580078125 0.21597222222222223 0.00859375 0.0125
7 0.551171875 0.050694444444444445 0.00703125 0.018055555555555554
