7 0.103125 0.5493055555555556 0.0140625 0.08472222222222223
7 0.628125 0.61875 0.021875 0.0625
7 0.126171875 0.5576388888888889 0.01484375 0.08472222222222223
7 0.0921875 0.5604166666666667 0.0125 0.07361111111111111
7 0.084375 0.5638888888888889 0.0140625 0.08055555555555556
7 0.436328125 0.34652777777777777 0.01328125 0.04583333333333333
7 0.1125 0.5402777777777777 0.0140625 0.08333333333333333
7 0.119921875 0.5472222222222223 0.01328125 0.08055555555555556
7 0.409375 0.04583333333333333 0.00625 0.016666666666666666
7 0.39609375 0.05555555555555555 0.00625 0.019444444444444445
7 0.4734375 0.15138888888888888 0.0078125 0.030555555555555555
7 0.476953125 0.15 0.00703125 0.03333333333333333
7 0.53203125 0.26944444444444443 0.0140625 0.044444444444444446
7 0.44453125 0.06388888888888888 0.00625 0.022222222222222223
