7 0.7640625 0.4840277777777778 0.0375 0.10694444444444444
7 0.348046875 0.5201388888888889 0.03359375 0.10694444444444444
7 0.533203125 0.17847222222222223 0.01640625 0.05694444444444444
7 0.48203125 0.2951388888888889 0.025 0.05694444444444444
7 0.3890625 0.13194444444444445 0.0140625 0.03611111111111111
7 0.593359375 0.2375 0.02109375 0.06388888888888888
7 0.419140625 0.125 0.01484375 0.03611111111111111
7 0.410546875 0.050694444444444445 0.01015625 0.02361111111111111
7 0.40546875 0.06319444444444444 0.0125 0.029166666666666667
7 0.386328125 0.05486111111111111 0.01171875 0.02638888888888889
