7 0.759765625 0.8986111111111111 0.01640625 0.027777777777777776
7 0.03125 0.5159722222222223 0.009375 0.043055555555555555
7 0.263671875 0.5673611111111111 0.01484375 0.029166666666666667
7 0.422265625 0.48055555555555557 0.01484375 0.025
7 0.636328125 0.3527777777777778 0.01328125 0.016666666666666666
7 0.664453125 0.5097222222222222 0.01015625 0.025
7 0.272265625 0.3173611111111111 0.01015625 0.02361111111111111
7 0.612890625 0.8430555555555556 0.01796875 0.030555555555555555
7 0.077734375 0.38263888888888886 0.01015625 0.04861111111111111
7 0.274609375 0.41041666666666665 0.01171875 0.02638888888888889
7 0.501953125 0.3472222222222222 0.01171875 0.019444444444444445
7 0.571875 0.8604166666666667 0.0140625 0.029166666666666667
7 0.067578125 0.39305555555555555 0.00859375 0.05
7 0.27578125 0.2833333333333333 0.009375 0.022222222222222223
7 0.28203125 0.26319444444444445 0.0078125 0.020833333333333332
7 0.285546875 0.22569444444444445 0.01015625 0.020833333333333332
7 0.330078125 0.2611111111111111 0.01171875 0.022222222222222223
7 0.308203125 0.2513888888888889 0.01015625 0.019444444444444445
7 0.320703125 0.23402777777777778 0.00859375 0.02361111111111111
7 0.287890625 0.13333333333333333 0.01015625 0.022222222222222223
7 0.6875 0.7284722222222222 0.0171875 0.034722222222222224
7 0.54375 0.6236111111111111 0.0140625 0.030555555555555555
7 0.646484375 0.6881944444444444 0.01171875 0.02361111111111111
7 0.54765625 0.5555555555555556 0.01875 0.025
7 0.590625 0.07847222222222222 0.0078125 0.0125
7 0.588671875 0.04861111111111111 0.01015625 0.013888888888888888
7 0.009765625 0.4673611111111111 0.01171875 0.04583333333333333
7 0.018359375 0.44583333333333336 0.00859375 0.044444444444444446
7 0.02421875 0.4423611111111111 0.009375 0.043055555555555555
7 0.083984375 0.41041666666666665 0.01015625 0.04583333333333333
7 0.123828125 0.19166666666666668 0.01015625 0.044444444444444446
7 0.67578125 0.3861111111111111 0.0125 0.04722222222222222
7 0.618359375 0.11388888888888889 0.00859375 0.03333333333333333
7 0.873046875 0.37430555555555556 0.00859375 0.04027777777777778
7 0.90390625 0.36736111111111114 0.009375 0.04027777777777778
7 0.915625 0.30972222222222223 0.0125 0.030555555555555555
7 0.93203125 0.3076388888888889 0.009375 0.034722222222222224
7 0.959765625 0.3090277777777778 0.01171875 0.03194444444444444
7 0.979296875 0.3194444444444444 0.00703125 0.025
