7 0.552734375 0.2611111111111111 0.01015625 0.03333333333333333
7 0.629296875 0.25069444444444444 0.01171875 0.02638888888888889
7 0.534765625 0.20277777777777778 0.00859375 0.027777777777777776
7 0.6265625 0.17708333333333334 0.009375 0.02361111111111111
7 0.565234375 0.125 0.00703125 0.013888888888888888
7 0.60859375 0.10277777777777777 0.0078125 0.027777777777777776
7 0.59140625 0.08888888888888889 0.0046875 0.013888888888888888
7 0.628125 0.09583333333333334 0.0046875 0.025
7 0.6328125 0.09722222222222222 0.003125 0.025
7 0.6296875 0.11666666666666667 0.009375 0.022222222222222223
