7 0.4475 0.22169811320754718 0.041 0.06981132075471698
7 0.4425 0.3292452830188679 0.041 0.11132075471698114
7 0.321 0.4018867924528302 0.052 0.10566037735849057
7 0.3795 0.2037735849056604 0.035 0.08679245283018867
7 0.4515 0.1349056603773585 0.033 0.07735849056603773
7 0.984 0.18584905660377357 0.03 0.04716981132075472
7 0.593 0.062264150943396226 0.026 0.04905660377358491
7 0.0955 0.7481132075471698 0.093 0.19056603773584907
7 0.921 0.07358490566037736 0.026 0.03773584905660377
7 0.8835 0.04339622641509434 0.021 0.033962264150943396
