7 0.806640625 0.9055555555555556 0.03671875 0.10555555555555556
7 0.88046875 0.65625 0.0265625 0.07083333333333333
7 0.880859375 0.6506944444444445 0.03984375 0.09027777777777778
7 0.50546875 0.3819444444444444 0.0234375 0.05277777777777778
7 0.31015625 0.44930555555555557 0.025 0.05694444444444444
7 0.2921875 0.38125 0.01875 0.06805555555555555
7 0.33203125 0.26458333333333334 0.0171875 0.043055555555555555
7 0.364453125 0.23680555555555555 0.01015625 0.029166666666666667
7 0.42265625 0.2013888888888889 0.0140625 0.027777777777777776
7 0.44296875 0.1284722222222222 0.0109375 0.029166666666666667
7 0.421875 0.13819444444444445 0.009375 0.02638888888888889
7 0.514453125 0.1076388888888889 0.00859375 0.020833333333333332
7 0.42734375 0.09027777777777778 0.009375 0.025
7 0.5046875 0.04236111111111111 0.0109375 0.02361111111111111
7 0.5234375 0.04236111111111111 0.009375 0.020833333333333332
