7 0.710546875 0.44166666666666665 0.03828125 0.08611111111111111
7 0.3296875 0.24930555555555556 0.0203125 0.059722222222222225
7 0.810546875 0.39444444444444443 0.02421875 0.08333333333333333
7 0.588671875 0.1625 0.01484375 0.03888888888888889
7 0.69296875 0.9465277777777777 0.0671875 0.09861111111111111
7 0.63828125 0.6763888888888889 0.05 0.12777777777777777
7 0.55859375 0.7291666666666666 0.0484375 0.15
7 0.66953125 0.2388888888888889 0.0171875 0.075
7 0.571484375 0.25555555555555554 0.01953125 0.058333333333333334
7 0.80078125 0.38472222222222224 0.0265625 0.09166666666666666
