7 0.692578125 0.875 0.01328125 0.019444444444444445
7 0.705859375 0.8819444444444444 0.01328125 0.027777777777777776
7 0.683203125 0.8736111111111111 0.01171875 0.022222222222222223
7 0.648828125 0.8777777777777778 0.01484375 0.022222222222222223
7 0.6484375 0.8006944444444445 0.0109375 0.020833333333333332
7 0.645703125 0.6611111111111111 0.01328125 0.013888888888888888
7 0.6453125 0.6097222222222223 0.0078125 0.025
7 0.663671875 0.8597222222222223 0.01171875 0.022222222222222223
7 0.310546875 0.6784722222222223 0.01328125 0.020833333333333332
7 0.295703125 0.5736111111111111 0.01328125 0.022222222222222223
7 0.370703125 0.3958333333333333 0.01328125 0.022222222222222223
7 0.42265625 0.5881944444444445 0.0140625 0.020833333333333332
7 0.41796875 0.35347222222222224 0.0109375 0.018055555555555554
7 0.439453125 0.3020833333333333 0.01015625 0.018055555555555554
7 0.404296875 0.3 0.01015625 0.019444444444444445
7 0.418359375 0.2659722222222222 0.01015625 0.018055555555555554
7 0.405078125 0.24930555555555556 0.01015625 0.018055555555555554
7 0.468359375 0.2152777777777778 0.01015625 0.019444444444444445
7 0.3421875 0.4652777777777778 0.009375 0.019444444444444445
7 0.644921875 0.6298611111111111 0.00859375 0.015277777777777777
7 0.553515625 0.5368055555555555 0.00703125 0.018055555555555554
7 0.756640625 0.8472222222222222 0.01015625 0.030555555555555555
7 0.8078125 0.7173611111111111 0.009375 0.020833333333333332
7 0.59453125 0.38819444444444445 0.00625 0.015277777777777777
7 0.63515625 0.18472222222222223 0.00625 0.011111111111111112
7 0.56875 0.17152777777777778 0.0046875 0.0125
7 0.35703125 0.8506944444444444 0.0109375 0.04583333333333333
7 0.2796875 0.8875 0.0 0.0
7 0.19609375 0.7402777777777778 0.0078125 0.030555555555555555
7 0.2046875 0.7256944444444444 0.0125 0.0375
7 0.2390625 0.4840277777777778 0.0078125 0.02638888888888889
7 0.2625 0.48125 0.0078125 0.02638888888888889
7 0.07578125 0.7597222222222222 0.0109375 0.030555555555555555
7 0.081640625 0.7590277777777777 0.01015625 0.03194444444444444
7 0.096484375 0.7284722222222222 0.01015625 0.03194444444444444
7 0.615625 0.9270833333333334 0.009375 0.04027777777777778
7 0.605078125 0.9048611111111111 0.01015625 0.034722222222222224
7 0.062109375 0.5277777777777778 0.00859375 0.016666666666666666
7 0.142578125 0.38055555555555554 0.01015625 0.027777777777777776
7 0.18359375 0.42777777777777776 0.0078125 0.025
7 0.316796875 0.2722222222222222 0.00703125 0.025
7 0.330078125 0.2534722222222222 0.00859375 0.02638888888888889
7 0.44375 0.06111111111111111 0.0046875 0.022222222222222223
7 0.7640625 0.9708333333333333 0.0171875 0.030555555555555555
7 0.765625 0.95625 0.015625 0.034722222222222224
7 0.693359375 0.84375 0.00859375 0.02361111111111111
7 0.69765625 0.8131944444444444 0.0140625 0.02638888888888889
7 0.65 0.8388888888888889 0.0125 0.022222222222222223
7 0.612109375 0.7826388888888889 0.00859375 0.018055555555555554
7 0.648046875 0.7194444444444444 0.01015625 0.019444444444444445
7 0.65078125 0.7041666666666667 0.0125 0.022222222222222223
7 0.55 0.20208333333333334 0.00625 0.02638888888888889
7 0.565234375 0.1527777777777778 0.00859375 0.016666666666666666
7 0.557421875 0.04652777777777778 0.00546875 0.018055555555555554
7 0.5515625 0.11041666666666666 0.0078125 0.018055555555555554
7 0.850390625 0.8013888888888889 0.01171875 0.030555555555555555
7 0.7328125 0.7694444444444445 0.0125 0.044444444444444446
7 0.675390625 0.26180555555555557 0.00859375 0.020833333333333332
7 0.640625 0.14791666666666667 0.0109375 0.0125
7 0.612890625 0.0375 0.00859375 0.013888888888888888
7 0.57734375 0.35138888888888886 0.00625 0.030555555555555555
7 0.627734375 0.3993055555555556 0.00703125 0.02361111111111111
