7 0.125390625 0.4979166666666667 0.01640625 0.0763888888888889
7 0.1453125 0.4979166666666667 0.0140625 0.08472222222222223
7 0.106640625 0.5013888888888889 0.01328125 0.08333333333333333
7 0.573828125 0.5138888888888888 0.01953125 0.06111111111111111
7 0.600390625 0.6527777777777778 0.02421875 0.07222222222222222
7 0.5140625 0.26944444444444443 0.0140625 0.041666666666666664
7 0.1375 0.4888888888888889 0.015625 0.07777777777777778
7 0.125390625 0.46111111111111114 0.01796875 0.041666666666666664
7 0.505859375 0.12638888888888888 0.00859375 0.025
7 0.47421875 0.2916666666666667 0.0125 0.03611111111111111
7 0.514453125 0.4826388888888889 0.01796875 0.04861111111111111
7 0.498828125 0.09722222222222222 0.00703125 0.03333333333333333
