7 0.20390625 0.29375 0.0109375 0.02361111111111111
7 0.94609375 0.8729166666666667 0.0140625 0.043055555555555555
7 0.26171875 0.5236111111111111 0.0203125 0.022222222222222223
7 0.240625 0.17152777777777778 0.0078125 0.0375
7 0.89375 0.5659722222222222 0.0140625 0.02361111111111111
7 0.10546875 0.41805555555555557 0.0125 0.03611111111111111
7 0.87890625 0.7548611111111111 0.0171875 0.034722222222222224
7 0.81875 0.7854166666666667 0.01875 0.034722222222222224
7 0.87734375 0.5305555555555556 0.0140625 0.022222222222222223
7 0.83515625 0.5645833333333333 0.0140625 0.02638888888888889
7 0.809765625 0.5944444444444444 0.01328125 0.030555555555555555
7 0.819140625 0.5555555555555556 0.01328125 0.022222222222222223
7 0.8265625 0.5361111111111111 0.0109375 0.019444444444444445
7 0.8140625 0.49027777777777776 0.0109375 0.025
7 0.793359375 0.3680555555555556 0.01171875 0.025
7 0.715625 0.5458333333333333 0.0125 0.022222222222222223
7 0.691796875 0.6159722222222223 0.01796875 0.02361111111111111
7 0.676953125 0.64375 0.01171875 0.02361111111111111
7 0.653515625 0.5090277777777777 0.01484375 0.029166666666666667
7 0.653125 0.5388888888888889 0.0109375 0.025
7 0.5984375 0.5736111111111111 0.015625 0.030555555555555555
7 0.579296875 0.7770833333333333 0.01328125 0.02361111111111111
7 0.56796875 0.7965277777777777 0.0171875 0.03194444444444444
7 0.547265625 0.5236111111111111 0.01484375 0.025
7 0.55078125 0.49444444444444446 0.0125 0.025
7 0.85546875 0.2902777777777778 0.0109375 0.022222222222222223
7 0.840234375 0.29444444444444445 0.01171875 0.025
7 0.844921875 0.2520833333333333 0.01015625 0.02361111111111111
7 0.717578125 0.12777777777777777 0.01015625 0.022222222222222223
7 0.76796875 0.05277777777777778 0.0109375 0.019444444444444445
7 0.776953125 0.009722222222222222 0.01015625 0.019444444444444445
7 0.8546875 0.08541666666666667 0.0109375 0.020833333333333332
7 0.80078125 0.07916666666666666 0.009375 0.019444444444444445
7 0.789453125 0.1284722222222222 0.00859375 0.020833333333333332
7 0.066796875 0.6041666666666666 0.01171875 0.03611111111111111
7 0.111328125 0.6027777777777777 0.01640625 0.027777777777777776
7 0.12265625 0.5083333333333333 0.0140625 0.027777777777777776
7 0.314453125 0.36736111111111114 0.01171875 0.02638888888888889
7 0.261328125 0.21875 0.01171875 0.02638888888888889
7 0.303125 0.18055555555555555 0.0140625 0.022222222222222223
7 0.3390625 0.15 0.0125 0.019444444444444445
7 0.3859375 0.13055555555555556 0.0125 0.022222222222222223
7 0.403125 0.13680555555555557 0.0109375 0.018055555555555554
7 0.423046875 0.12083333333333333 0.00859375 0.022222222222222223
7 0.368359375 0.14444444444444443 0.01171875 0.016666666666666666
7 0.3703125 0.13194444444444445 0.009375 0.016666666666666666
7 0.4421875 0.1 0.0078125 0.022222222222222223
7 0.469921875 0.03194444444444444 0.00859375 0.022222222222222223
7 0.477734375 0.009722222222222222 0.01171875 0.019444444444444445
7 0.510546875 0.016666666666666666 0.01015625 0.019444444444444445
7 0.52890625 0.44305555555555554 0.0125 0.025
7 0.549609375 0.34652777777777777 0.01171875 0.018055555555555554
7 0.5390625 0.39305555555555555 0.0109375 0.027777777777777776
7 0.06015625 0.6111111111111112 0.01875 0.041666666666666664
7 0.040625 0.4486111111111111 0.0125 0.03888888888888889
7 0.131640625 0.3423611111111111 0.01640625 0.05416666666666667
7 0.398046875 0.04027777777777778 0.00859375 0.016666666666666666
7 0.415234375 0.025694444444444443 0.00859375 0.018055555555555554
7 0.493359375 0.02638888888888889 0.01015625 0.019444444444444445
7 0.528515625 0.014583333333333334 0.00859375 0.015277777777777777
7 0.503125 0.15208333333333332 0.0109375 0.018055555555555554
7 0.3890625 0.5465277777777777 0.0125 0.02638888888888889
7 0.413671875 0.78125 0.01640625 0.034722222222222224
7 0.437109375 0.5680555555555555 0.01328125 0.025
7 0.58359375 0.21458333333333332 0.0078125 0.04027777777777778
7 0.5 0.27361111111111114 0.0109375 0.019444444444444445
7 0.49375 0.28680555555555554 0.0125 0.020833333333333332
7 0.50703125 0.30416666666666664 0.0109375 0.022222222222222223
7 0.4859375 0.34652777777777777 0.0109375 0.020833333333333332
7 0.474609375 0.3506944444444444 0.01171875 0.018055555555555554
7 0.53828125 0.3347222222222222 0.009375 0.019444444444444445
7 0.54140625 0.3729166666666667 0.0140625 0.04027777777777778
7 0.535546875 0.41041666666666665 0.01015625 0.020833333333333332
7 0.532421875 0.4263888888888889 0.01171875 0.025
7 0.519921875 0.4638888888888889 0.01171875 0.030555555555555555
7 0.519921875 0.4875 0.01171875 0.03611111111111111
7 0.742578125 0.8451388888888889 0.01484375 0.029166666666666667
7 0.734375 0.13958333333333334 0.0078125 0.029166666666666667
7 0.78203125 0.11666666666666667 0.009375 0.022222222222222223
7 0.871484375 0.06319444444444444 0.00859375 0.03194444444444444
7 0.873046875 0.14375 0.01015625 0.0375
7 0.86875 0.18333333333333332 0.0078125 0.03888888888888889
7 0.87890625 0.30069444444444443 0.0078125 0.04583333333333333
7 0.672265625 0.4722222222222222 0.01171875 0.030555555555555555
7 0.327734375 0.20833333333333334 0.01015625 0.022222222222222223
