7 0.355078125 0.5375 0.02578125 0.06111111111111111
7 0.68046875 0.2388888888888889 0.0171875 0.022222222222222223
7 0.738671875 0.28125 0.02265625 0.03194444444444444
7 0.4015625 0.05625 0.0078125 0.015277777777777777
7 0.541015625 0.035416666666666666 0.00703125 0.018055555555555554
7 0.0765625 0.5090277777777777 0.0234375 0.09027777777777778
7 0.1125 0.49166666666666664 0.0265625 0.09444444444444444
7 0.099609375 0.5041666666666667 0.01796875 0.08888888888888889
7 0.088671875 0.47708333333333336 0.01640625 0.07083333333333333
7 0.367578125 0.45069444444444445 0.02734375 0.059722222222222225
