7 0.181640625 0.7965277777777777 0.01171875 0.04861111111111111
7 0.1703125 0.7986111111111112 0.009375 0.05
7 0.15859375 0.6277777777777778 0.0125 0.04722222222222222
7 0.81328125 0.7868055555555555 0.0125 0.02361111111111111
7 0.77265625 0.9138888888888889 0.0109375 0.025
7 0.777734375 0.6 0.01015625 0.019444444444444445
7 0.292578125 0.36527777777777776 0.00859375 0.03888888888888889
7 0.8109375 0.7166666666666667 0.0125 0.025
7 0.148046875 0.7263888888888889 0.01015625 0.05277777777777778
7 0.754296875 0.4798611111111111 0.01015625 0.018055555555555554
7 0.7421875 0.9347222222222222 0.0140625 0.027777777777777776
7 0.81328125 0.5631944444444444 0.0109375 0.02361111111111111
7 0.743359375 0.6694444444444444 0.01171875 0.025
7 0.715234375 0.5298611111111111 0.00859375 0.018055555555555554
7 0.760546875 0.2388888888888889 0.00859375 0.025
7 0.698828125 0.2652777777777778 0.00546875 0.016666666666666666
7 0.70546875 0.2534722222222222 0.0078125 0.018055555555555554
7 0.728125 0.20833333333333334 0.0078125 0.016666666666666666
7 0.71796875 0.19027777777777777 0.0046875 0.013888888888888888
7 0.537109375 0.12152777777777778 0.00546875 0.018055555555555554
7 0.548046875 0.13819444444444445 0.00546875 0.018055555555555554
7 0.553515625 0.1076388888888889 0.00546875 0.018055555555555554
7 0.541796875 0.075 0.00546875 0.016666666666666666
7 0.470703125 0.10555555555555556 0.00546875 0.016666666666666666
7 0.3734375 0.027083333333333334 0.0046875 0.0125
7 0.630859375 0.14722222222222223 0.00703125 0.013888888888888888
7 0.224609375 0.33611111111111114 0.01015625 0.03611111111111111
7 0.297265625 0.3590277777777778 0.00703125 0.04027777777777778
7 0.29140625 0.3451388888888889 0.0078125 0.018055555555555554
7 0.55234375 0.009027777777777777 0.0078125 0.0125
