7 0.36328125 0.7819444444444444 0.040625 0.08611111111111111
7 0.3828125 0.40208333333333335 0.0234375 0.04861111111111111
7 0.5453125 0.22777777777777777 0.0125 0.04722222222222222
7 0.533203125 0.2048611111111111 0.01328125 0.04583333333333333
7 0.48984375 0.175 0.0171875 0.027777777777777776
7 0.46171875 0.16458333333333333 0.0125 0.020833333333333332
7 0.478125 0.12916666666666668 0.0125 0.025
7 0.470703125 0.08055555555555556 0.01015625 0.019444444444444445
7 0.474609375 0.05625 0.00703125 0.015277777777777777
7 0.3625 0.16458333333333333 0.0109375 0.0375
