7 0.4375 0.08679245283018867 0.025 0.05660377358490566
7 0.8345 0.3141509433962264 0.039 0.05849056603773585
7 0.892 0.35566037735849054 0.044 0.0660377358490566
7 0.347 0.1509433962264151 0.028 0.05660377358490566
7 0.866 0.2660377358490566 0.038 0.052830188679245285
7 0.818 0.14528301886792452 0.026 0.03773584905660377
7 0.7945 0.09433962264150944 0.027 0.04150943396226415
7 0.759 0.06320754716981132 0.026 0.04339622641509434
7 0.7315 0.08490566037735849 0.023 0.03773584905660377
7 0.3955 0.020754716981132074 0.019 0.03773584905660377
