7 0.657421875 0.062302839116719244 0.01171875 0.02050473186119874
7 0.43515625 0.22318611987381703 0.0234375 0.06782334384858044
7 0.374609375 0.27129337539432175 0.02109375 0.0694006309148265
7 0.50625 0.20899053627760253 0.0171875 0.0583596214511041
7 0.459765625 0.08753943217665615 0.01171875 0.033123028391167195
7 0.75234375 0.3856466876971609 0.0265625 0.08675078864353312
7 0.48203125 0.083596214511041 0.0125 0.028391167192429023
7 0.4796875 0.06861198738170347 0.0109375 0.026813880126182965
7 0.523046875 0.23659305993690852 0.01640625 0.0473186119873817
7 0.743359375 0.3864353312302839 0.01953125 0.10725552050473186
7 0.476953125 0.04889589905362776 0.01171875 0.025236593059936908
7 0.515625 0.07807570977917981 0.0125 0.033123028391167195
7 0.539453125 0.061514195583596214 0.01171875 0.031545741324921134
7 0.4921875 0.021293375394321766 0.0109375 0.02365930599369085
