7 0.054296875 0.8909722222222223 0.02265625 0.0875
7 0.038671875 0.9041666666666667 0.02265625 0.06666666666666667
7 0.140234375 0.8333333333333334 0.03359375 0.09444444444444444
7 0.521875 0.5763888888888888 0.01875 0.07777777777777778
7 0.498046875 0.5 0.02265625 0.05555555555555555
7 0.325390625 0.25972222222222224 0.01328125 0.044444444444444446
7 0.4453125 0.32430555555555557 0.0171875 0.04027777777777778
7 0.483984375 0.3548611111111111 0.02265625 0.04861111111111111
7 0.458203125 0.2701388888888889 0.02109375 0.043055555555555555
7 0.36640625 0.16527777777777777 0.0125 0.03611111111111111
7 0.49296875 0.03125 0.009375 0.018055555555555554
7 0.51171875 0.03819444444444445 0.0078125 0.02638888888888889
7 0.5203125 0.030555555555555555 0.00625 0.027777777777777776
