7 0.9525 0.22358490566037736 0.049 0.06981132075471698
7 0.252 0.18396226415094338 0.026 0.13018867924528302
7 0.93 0.12452830188679245 0.032 0.04150943396226415
7 0.9785 0.0669811320754717 0.033 0.03962264150943396
7 0.918 0.017924528301886792 0.026 0.03207547169811321
7 0.375 0.1830188679245283 0.036 0.0830188679245283
7 0.271 0.559433962264151 0.052 0.16792452830188678
7 0.2545 0.560377358490566 0.065 0.14339622641509434
7 0.1545 0.5575471698113208 0.075 0.13018867924528302
7 0.1715 0.5216981132075472 0.059 0.15283018867924528
7 0.369 0.1632075471698113 0.024 0.04716981132075472
7 0.554 0.027358490566037737 0.028 0.0509433962264151
