7 0.749609375 0.5875 0.02109375 0.06111111111111111
7 0.17734375 0.5041666666666667 0.0171875 0.06388888888888888
7 0.159765625 0.50625 0.01640625 0.04861111111111111
7 0.233203125 0.4847222222222222 0.02109375 0.06666666666666667
7 0.28984375 0.3902777777777778 0.0203125 0.05555555555555555
7 0.3234375 0.26944444444444443 0.015625 0.04722222222222222
7 0.353515625 0.44930555555555557 0.02265625 0.0625
7 0.359375 0.30486111111111114 0.0203125 0.04861111111111111
7 0.490234375 0.2791666666666667 0.02109375 0.03611111111111111
7 0.372265625 0.19375 0.01484375 0.03194444444444444
7 0.43359375 0.11805555555555555 0.009375 0.025
7 0.519140625 0.09652777777777778 0.00859375 0.018055555555555554
7 0.4421875 0.07291666666666667 0.0078125 0.02361111111111111
7 0.43359375 0.06111111111111111 0.0078125 0.019444444444444445
