7 0.483984375 0.23402777777777778 0.00703125 0.034722222222222224
7 0.50546875 0.2465277777777778 0.0078125 0.029166666666666667
7 0.49765625 0.19652777777777777 0.0078125 0.029166666666666667
7 0.40234375 0.5472222222222223 0.01875 0.05555555555555555
7 0.5390625 0.2722222222222222 0.0078125 0.041666666666666664
7 0.530078125 0.24791666666666667 0.00703125 0.04583333333333333
7 0.495703125 0.10833333333333334 0.00546875 0.022222222222222223
7 0.416015625 0.20694444444444443 0.00703125 0.03611111111111111
7 0.621484375 0.21875 0.00546875 0.02361111111111111
7 0.48359375 0.08402777777777778 0.003125 0.018055555555555554
7 0.508203125 0.11944444444444445 0.00546875 0.025
7 0.493359375 0.13819444444444445 0.00859375 0.02361111111111111
