7 0.601953125 0.5493055555555556 0.01796875 0.05138888888888889
7 0.218359375 0.5583333333333333 0.01328125 0.08611111111111111
7 0.748828125 0.9256944444444445 0.02890625 0.08194444444444444
7 0.191796875 0.5791666666666667 0.01640625 0.06944444444444445
7 0.687109375 0.9361111111111111 0.02890625 0.07777777777777778
7 0.687109375 0.9368055555555556 0.02890625 0.07916666666666666
7 0.36484375 0.2972222222222222 0.0125 0.03333333333333333
7 0.2140625 0.5694444444444444 0.015625 0.08333333333333333
7 0.19765625 0.5631944444444444 0.0109375 0.09027777777777778
7 0.20546875 0.5527777777777778 0.0125 0.08333333333333333
7 0.19453125 0.5694444444444444 0.0125 0.07777777777777778
7 0.486328125 0.1125 0.00859375 0.022222222222222223
7 0.521484375 0.13819444444444445 0.01015625 0.02361111111111111
7 0.55390625 0.15625 0.0046875 0.029166666666666667
7 0.5578125 0.1638888888888889 0.00625 0.030555555555555555
