7 0.240625 0.47708333333333336 0.0125 0.0763888888888889
7 0.38984375 0.7291666666666666 0.0296875 0.09722222222222222
7 0.2640625 0.47638888888888886 0.0140625 0.08333333333333333
7 0.2234375 0.4791666666666667 0.0125 0.07777777777777778
7 0.623046875 0.5576388888888889 0.01953125 0.059722222222222225
7 0.439453125 0.22083333333333333 0.01328125 0.04722222222222222
7 0.62265625 0.48541666666666666 0.0203125 0.0625
7 0.26015625 0.4673611111111111 0.015625 0.07916666666666666
7 0.251171875 0.46111111111111114 0.01015625 0.08333333333333333
7 0.246484375 0.4673611111111111 0.01015625 0.08194444444444444
7 0.53046875 0.009027777777777777 0.0078125 0.018055555555555554
7 0.60078125 0.06597222222222222 0.00625 0.015277777777777777
7 0.6140625 0.15347222222222223 0.0109375 0.03194444444444444
7 0.6125 0.2513888888888889 0.009375 0.041666666666666664
7 0.62265625 0.4895833333333333 0.01875 0.05138888888888889
7 0.819140625 0.9701388888888889 0.03046875 0.04861111111111111
7 0.38828125 0.7368055555555556 0.0265625 0.08194444444444444
