7 0.8 0.30914826498422715 0.028125 0.0694006309148265
7 0.348828125 0.7247634069400631 0.04296875 0.1277602523659306
7 0.9125 0.5496845425867508 0.0390625 0.11829652996845426
7 0.646484375 0.10094637223974763 0.01796875 0.04100946372239748
7 0.88828125 0.6419558359621451 0.04375 0.14826498422712933
7 0.048828125 0.5615141955835962 0.03828125 0.19242902208201892
7 0.501171875 0.01892744479495268 0.01328125 0.03785488958990536
7 0.68046875 0.11356466876971609 0.01875 0.03470031545741325
7 0.341015625 0.7523659305993691 0.04921875 0.14195583596214512
7 0.68359375 0.16246056782334384 0.0203125 0.05362776025236593
