7 0.74765625 0.5354166666666667 0.0203125 0.05416666666666667
7 0.166015625 0.4986111111111111 0.01484375 0.044444444444444446
7 0.180078125 0.4888888888888889 0.01484375 0.05
7 0.22890625 0.4951388888888889 0.021875 0.05694444444444444
7 0.380078125 0.37569444444444444 0.02109375 0.04861111111111111
7 0.478125 0.36944444444444446 0.021875 0.04722222222222222
7 0.28671875 0.3923611111111111 0.0140625 0.04861111111111111
7 0.32265625 0.27569444444444446 0.01875 0.04583333333333333
7 0.369921875 0.2826388888888889 0.01640625 0.0375
7 0.3703125 0.19027777777777777 0.0125 0.030555555555555555
7 0.518359375 0.11388888888888889 0.01171875 0.022222222222222223
7 0.436328125 0.10902777777777778 0.01015625 0.02638888888888889
