7 0.370703125 0.32018927444794953 0.02109375 0.07570977917981073
7 0.106640625 0.889589905362776 0.05703125 0.167192429022082
7 0.67734375 0.34463722397476343 0.025 0.0804416403785489
7 0.469140625 0.3249211356466877 0.02421875 0.0694006309148265
7 0.640234375 0.25946372239747634 0.02109375 0.06782334384858044
7 0.33828125 0.4889589905362776 0.0328125 0.08517350157728706
7 0.426953125 0.942429022082019 0.06015625 0.10252365930599369
7 0.373828125 0.612776025236593 0.03828125 0.12145110410094637
7 0.4296875 0.9290220820189274 0.0453125 0.0946372239747634
7 0.45625 0.10252365930599369 0.009375 0.031545741324921134
7 0.48125 0.04810725552050473 0.0125 0.02996845425867508
7 0.489453125 0.031545741324921134 0.00859375 0.022082018927444796
7 0.5015625 0.02365930599369085 0.0109375 0.025236593059936908
7 0.641015625 0.24526813880126183 0.02421875 0.0583596214511041
