7 0.18203125 0.7805555555555556 0.0109375 0.05
7 0.18984375 0.7520833333333333 0.009375 0.05416666666666667
7 0.169140625 0.5986111111111111 0.01171875 0.05
7 0.775 0.6506944444444445 0.0109375 0.015277777777777777
7 0.672265625 0.5583333333333333 0.01015625 0.022222222222222223
7 0.23828125 0.5243055555555556 0.009375 0.043055555555555555
7 0.851953125 0.9659722222222222 0.01484375 0.04583333333333333
7 0.752734375 0.6020833333333333 0.01171875 0.015277777777777777
7 0.779296875 0.4423611111111111 0.01015625 0.020833333333333332
7 0.63125 0.1527777777777778 0.0078125 0.016666666666666666
7 0.297265625 0.35347222222222224 0.00859375 0.029166666666666667
7 0.305859375 0.35208333333333336 0.00859375 0.029166666666666667
7 0.312890625 0.3020833333333333 0.01015625 0.0375
7 0.2390625 0.3104166666666667 0.009375 0.034722222222222224
7 0.78046875 0.48194444444444445 0.0078125 0.019444444444444445
7 0.771484375 0.30486111111111114 0.00703125 0.02361111111111111
7 0.766015625 0.20555555555555555 0.00859375 0.027777777777777776
7 0.735546875 0.1798611111111111 0.00859375 0.020833333333333332
7 0.732421875 0.15069444444444444 0.00546875 0.015277777777777777
7 0.731640625 0.08194444444444444 0.00703125 0.022222222222222223
7 0.5765625 0.34375 0.009375 0.02361111111111111
7 0.578125 0.39305555555555555 0.009375 0.025
7 0.546875 0.3173611111111111 0.0078125 0.02361111111111111
7 0.5515625 0.13402777777777777 0.0078125 0.018055555555555554
7 0.559375 0.050694444444444445 0.0078125 0.015277777777777777
7 0.09296875 0.9819444444444444 0.0078125 0.022222222222222223
7 0.04765625 0.9805555555555555 0.009375 0.027777777777777776
7 0.170703125 0.9131944444444444 0.01171875 0.059722222222222225
7 0.84765625 0.95625 0.0109375 0.04583333333333333
7 0.820703125 0.3486111111111111 0.00859375 0.03611111111111111
