7 0.249609375 0.4888888888888889 0.01328125 0.08333333333333333
7 0.72109375 0.5375 0.0203125 0.06388888888888888
7 0.706640625 0.42986111111111114 0.01796875 0.05416666666666667
7 0.82578125 0.7263888888888889 0.028125 0.06944444444444445
7 0.226171875 0.49236111111111114 0.01484375 0.07916666666666666
7 0.901171875 0.8152777777777778 0.03203125 0.08055555555555556
7 0.2390625 0.47430555555555554 0.0125 0.07916666666666666
7 0.440625 0.13402777777777777 0.0125 0.029166666666666667
7 0.623046875 0.28194444444444444 0.01328125 0.044444444444444446
7 0.251953125 0.4798611111111111 0.01328125 0.08194444444444444
7 0.23203125 0.48125 0.0109375 0.07916666666666666
7 0.533984375 0.027083333333333334 0.00859375 0.02361111111111111
7 0.587890625 0.08888888888888889 0.00859375 0.027777777777777776
7 0.5953125 0.09722222222222222 0.0078125 0.030555555555555555
7 0.596484375 0.12986111111111112 0.01015625 0.029166666666666667
7 0.641015625 0.22083333333333333 0.01328125 0.044444444444444446
7 0.7203125 0.30486111111111114 0.009375 0.04027777777777778
7 0.723828125 0.2902777777777778 0.01171875 0.05
