7 0.648828125 0.5881944444444445 0.01015625 0.03194444444444444
7 0.5453125 0.6166666666666667 0.0109375 0.025
7 0.55390625 0.54375 0.0125 0.029166666666666667
7 0.67421875 0.7298611111111111 0.0109375 0.029166666666666667
7 0.703125 0.7680555555555556 0.0140625 0.03888888888888889
7 0.721875 0.7638888888888888 0.0109375 0.030555555555555555
7 0.733984375 0.86875 0.01484375 0.043055555555555555
7 0.662109375 0.9715277777777778 0.01328125 0.03194444444444444
7 0.618359375 0.4618055555555556 0.01015625 0.03194444444444444
7 0.53046875 0.42291666666666666 0.0109375 0.020833333333333332
7 0.670703125 0.61875 0.01015625 0.03194444444444444
7 0.69453125 0.6583333333333333 0.0125 0.03333333333333333
7 0.473046875 0.24791666666666667 0.00703125 0.020833333333333332
7 0.53828125 0.29583333333333334 0.00625 0.013888888888888888
7 0.36640625 0.25277777777777777 0.009375 0.019444444444444445
7 0.35078125 0.27291666666666664 0.0078125 0.018055555555555554
7 0.50234375 0.11319444444444444 0.00625 0.015277777777777777
7 0.33515625 0.1451388888888889 0.00625 0.0125
7 0.3296875 0.10694444444444444 0.00625 0.011111111111111112
7 0.339453125 0.09375 0.00546875 0.0125
7 0.329296875 0.08055555555555556 0.00546875 0.011111111111111112
7 0.327734375 0.06458333333333334 0.00546875 0.0125
7 0.411328125 0.0625 0.00546875 0.011111111111111112
7 0.412890625 0.043055555555555555 0.00546875 0.011111111111111112
7 0.328125 0.034722222222222224 0.00625 0.011111111111111112
7 0.409375 0.021527777777777778 0.00625 0.0125
7 0.32890625 0.018055555555555554 0.00625 0.011111111111111112
7 0.307421875 0.2965277777777778 0.00703125 0.015277777777777777
7 0.30859375 0.3111111111111111 0.00625 0.025
7 0.323046875 0.33125 0.00703125 0.02638888888888889
7 0.288671875 0.34444444444444444 0.00703125 0.030555555555555555
7 0.259375 0.043055555555555555 0.0046875 0.016666666666666666
7 0.262890625 0.044444444444444446 0.00546875 0.019444444444444445
7 0.32109375 0.006944444444444444 0.00625 0.013888888888888888
7 0.43125 0.09583333333333334 0.00625 0.016666666666666666
7 0.42265625 0.06041666666666667 0.00625 0.015277777777777777
7 0.4796875 0.10625 0.009375 0.018055555555555554
7 0.481640625 0.17847222222222223 0.00703125 0.029166666666666667
