7 0.860546875 0.5965277777777778 0.01484375 0.02361111111111111
7 0.840625 0.5118055555555555 0.0140625 0.02638888888888889
7 0.8265625 0.30833333333333335 0.0109375 0.025
7 0.5515625 0.6305555555555555 0.0125 0.027777777777777776
7 0.602734375 0.5638888888888889 0.01171875 0.030555555555555555
7 0.654296875 0.5673611111111111 0.01328125 0.02638888888888889
7 0.628125 0.6722222222222223 0.0125 0.030555555555555555
7 0.52421875 0.7034722222222223 0.0125 0.018055555555555554
7 0.4296875 0.6694444444444444 0.0125 0.027777777777777776
7 0.42421875 0.6340277777777777 0.0109375 0.029166666666666667
7 0.431640625 0.5395833333333333 0.01015625 0.02638888888888889
7 0.386328125 0.5291666666666667 0.01171875 0.025
7 0.399609375 0.4826388888888889 0.01484375 0.03194444444444444
7 0.34921875 0.4548611111111111 0.0125 0.029166666666666667
7 0.3375 0.4791666666666667 0.0125 0.027777777777777776
7 0.379296875 0.24722222222222223 0.01015625 0.022222222222222223
7 0.38203125 0.21597222222222223 0.0109375 0.02361111111111111
7 0.5078125 0.24027777777777778 0.0125 0.044444444444444446
7 0.568359375 0.28125 0.01015625 0.02638888888888889
7 0.591015625 0.28680555555555554 0.01171875 0.02638888888888889
7 0.551953125 0.2625 0.01015625 0.019444444444444445
7 0.531640625 0.28680555555555554 0.01171875 0.02638888888888889
7 0.515234375 0.2659722222222222 0.01015625 0.029166666666666667
7 0.51875 0.18472222222222223 0.009375 0.03611111111111111
7 0.51875 0.16597222222222222 0.009375 0.02638888888888889
7 0.74375 0.15902777777777777 0.0109375 0.02638888888888889
7 0.8046875 0.10555555555555556 0.0109375 0.025
7 0.703515625 0.11527777777777778 0.01328125 0.025
7 0.644140625 0.07708333333333334 0.01015625 0.0125
7 0.17421875 0.4270833333333333 0.0125 0.034722222222222224
7 0.238671875 0.24861111111111112 0.01015625 0.030555555555555555
7 0.257421875 0.20555555555555555 0.01015625 0.025
7 0.169921875 0.19930555555555557 0.00859375 0.029166666666666667
7 0.12890625 0.21944444444444444 0.0109375 0.030555555555555555
7 0.278125 0.06458333333333334 0.009375 0.02361111111111111
7 0.30703125 0.044444444444444446 0.009375 0.022222222222222223
7 0.336328125 0.027083333333333334 0.01171875 0.018055555555555554
7 0.30859375 0.01597222222222222 0.00625 0.020833333333333332
7 0.209765625 0.011805555555555555 0.00703125 0.02361111111111111
7 0.71796875 0.016666666666666666 0.00625 0.016666666666666666
7 0.741796875 0.0125 0.00703125 0.016666666666666666
7 0.646484375 0.019444444444444445 0.00703125 0.022222222222222223
7 0.174609375 0.6347222222222222 0.01640625 0.030555555555555555
7 0.071875 0.2152777777777778 0.009375 0.03333333333333333
7 0.165234375 0.2076388888888889 0.01171875 0.03194444444444444
7 0.1703125 0.1375 0.0109375 0.030555555555555555
7 0.19453125 0.12430555555555556 0.0109375 0.02361111111111111
7 0.515625 0.03611111111111111 0.009375 0.025
7 0.516796875 0.05138888888888889 0.00859375 0.022222222222222223
7 0.52109375 0.06736111111111111 0.009375 0.018055555555555554
7 0.305859375 0.020833333333333332 0.01015625 0.022222222222222223
7 0.01484375 0.8805555555555555 0.01875 0.03888888888888889
