7 0.2359375 0.5083333333333333 0.015625 0.07777777777777778
7 0.216015625 0.5048611111111111 0.01171875 0.07916666666666666
7 0.325390625 0.39861111111111114 0.01640625 0.05277777777777778
7 0.201171875 0.5083333333333333 0.01328125 0.08333333333333333
7 0.396875 0.16944444444444445 0.0109375 0.030555555555555555
7 0.64765625 0.3333333333333333 0.0171875 0.044444444444444446
7 0.233203125 0.4965277777777778 0.01171875 0.08194444444444444
7 0.22578125 0.4895833333333333 0.0125 0.07916666666666666
7 0.42421875 0.16805555555555557 0.0125 0.025
7 0.584765625 0.11388888888888889 0.00859375 0.03333333333333333
7 0.58828125 0.11805555555555555 0.009375 0.025
7 0.58046875 0.10625 0.00625 0.029166666666666667
7 0.618359375 0.21180555555555555 0.01171875 0.0375
7 0.603515625 0.2791666666666667 0.01484375 0.041666666666666664
