7 0.68125 0.34930555555555554 0.025 0.034722222222222224
7 0.980078125 0.8951388888888889 0.02734375 0.0875
7 0.45703125 0.6548611111111111 0.0375 0.04583333333333333
7 0.705859375 0.2013888888888889 0.01640625 0.027777777777777776
7 0.733984375 0.20277777777777778 0.01640625 0.027777777777777776
7 0.452734375 0.41597222222222224 0.01640625 0.05694444444444444
7 0.473828125 0.4166666666666667 0.01640625 0.058333333333333334
7 0.465625 0.4027777777777778 0.015625 0.058333333333333334
7 0.74765625 0.11597222222222223 0.0140625 0.02638888888888889
7 0.724609375 0.059722222222222225 0.01328125 0.027777777777777776
