7 0.144921875 0.5270833333333333 0.01328125 0.08194444444444444
7 0.270703125 0.3888888888888889 0.01640625 0.04722222222222222
7 0.162890625 0.5256944444444445 0.01484375 0.07916666666666666
7 0.17890625 0.5305555555555556 0.015625 0.08611111111111111
7 0.491796875 0.33402777777777776 0.01328125 0.0375
7 0.18046875 0.5145833333333333 0.0171875 0.07916666666666666
7 0.1703125 0.5097222222222222 0.015625 0.08888888888888889
7 0.159375 0.4861111111111111 0.0078125 0.027777777777777776
7 0.469140625 0.06527777777777778 0.00703125 0.022222222222222223
7 0.5296875 0.12986111111111112 0.0078125 0.034722222222222224
7 0.478125 0.08819444444444445 0.009375 0.018055555555555554
