7 0.151953125 0.6166666666666667 0.01484375 0.08333333333333333
7 0.162109375 0.6083333333333333 0.01484375 0.07777777777777778
7 0.178515625 0.6097222222222223 0.01640625 0.08333333333333333
7 0.17109375 0.5826388888888889 0.0125 0.07916666666666666
7 0.18515625 0.5902777777777778 0.015625 0.08333333333333333
7 0.165625 0.5909722222222222 0.0140625 0.08194444444444444
7 0.451171875 0.09930555555555555 0.00703125 0.018055555555555554
7 0.441015625 0.1284722222222222 0.00703125 0.018055555555555554
7 0.490234375 0.09930555555555555 0.00859375 0.018055555555555554
7 0.53359375 0.6013888888888889 0.0140625 0.04722222222222222
