7 0.04296875 0.5694444444444444 0.0171875 0.09444444444444444
7 0.055078125 0.5701388888888889 0.01328125 0.09027777777777778
7 0.305078125 0.19722222222222222 0.01484375 0.027777777777777776
7 0.76796875 0.775 0.01875 0.075
7 0.677734375 0.7611111111111111 0.01953125 0.05555555555555555
7 0.6234375 0.48819444444444443 0.01875 0.04861111111111111
7 0.476953125 0.09861111111111111 0.00859375 0.019444444444444445
7 0.634765625 0.4388888888888889 0.02109375 0.05277777777777778
7 0.075390625 0.5631944444444444 0.02109375 0.09305555555555556
7 0.458984375 0.041666666666666664 0.00859375 0.022222222222222223
7 0.4796875 0.04097222222222222 0.0078125 0.020833333333333332
7 0.35546875 0.12430555555555556 0.009375 0.020833333333333332
