7 0.750390625 0.5611111111111111 0.01640625 0.03333333333333333
7 0.6625 0.5895833333333333 0.0125 0.02638888888888889
7 0.7203125 0.4638888888888889 0.015625 0.027777777777777776
7 0.643359375 0.30972222222222223 0.01171875 0.022222222222222223
7 0.59140625 0.12222222222222222 0.009375 0.016666666666666666
7 0.487109375 0.5152777777777777 0.02265625 0.03611111111111111
7 0.419921875 0.4701388888888889 0.01953125 0.029166666666666667
7 0.448046875 0.40694444444444444 0.01640625 0.025
7 0.4421875 0.3333333333333333 0.0125 0.022222222222222223
7 0.3953125 0.2861111111111111 0.015625 0.022222222222222223
7 0.43671875 0.27152777777777776 0.0109375 0.020833333333333332
7 0.555078125 0.20555555555555555 0.01328125 0.025
7 0.6609375 0.30486111111111114 0.0125 0.02638888888888889
7 0.64453125 0.24791666666666667 0.0140625 0.02638888888888889
7 0.38046875 0.15555555555555556 0.009375 0.022222222222222223
7 0.459375 0.7520833333333333 0.015625 0.05416666666666667
7 0.3328125 0.09444444444444444 0.009375 0.019444444444444445
7 0.8015625 0.42430555555555555 0.0109375 0.02638888888888889
7 0.624609375 0.21736111111111112 0.01015625 0.02638888888888889
7 0.30625 0.18472222222222223 0.00625 0.030555555555555555
7 0.3453125 0.07569444444444444 0.003125 0.015277777777777777
7 0.3484375 0.07569444444444444 0.0046875 0.015277777777777777
