7 0.711328125 0.6319444444444444 0.02734375 0.05
7 0.63671875 0.6319444444444444 0.0109375 0.044444444444444446
7 0.59609375 0.35833333333333334 0.0171875 0.041666666666666664
7 0.3125 0.17777777777777778 0.0125 0.030555555555555555
7 0.476171875 0.08402777777777778 0.01015625 0.029166666666666667
7 0.044921875 0.5611111111111111 0.01484375 0.09444444444444444
7 0.036328125 0.5736111111111111 0.01796875 0.08611111111111111
7 0.073828125 0.55625 0.02109375 0.09027777777777778
7 0.3546875 0.13055555555555556 0.0109375 0.03333333333333333
7 0.46953125 0.034027777777777775 0.0078125 0.018055555555555554
7 0.487890625 0.03194444444444444 0.00546875 0.016666666666666666
7 0.05703125 0.5479166666666667 0.0125 0.07916666666666666
