7 0.141015625 0.7048611111111112 0.01015625 0.04861111111111111
7 0.151171875 0.7034722222222223 0.01171875 0.043055555555555555
7 0.730078125 0.5256944444444445 0.00859375 0.018055555555555554
7 0.519140625 0.2076388888888889 0.00703125 0.015277777777777777
7 0.135546875 0.6472222222222223 0.00859375 0.04722222222222222
7 0.226953125 0.4652777777777778 0.01015625 0.03611111111111111
7 0.711328125 0.36736111111111114 0.00703125 0.0125
7 0.712109375 0.29583333333333334 0.00703125 0.019444444444444445
7 0.709375 0.2361111111111111 0.00625 0.016666666666666666
7 0.5953125 0.4097222222222222 0.00625 0.022222222222222223
7 0.748046875 0.2763888888888889 0.00859375 0.027777777777777776
7 0.743359375 0.1909722222222222 0.00859375 0.02638888888888889
7 0.434375 0.29097222222222224 0.00625 0.018055555555555554
7 0.52890625 0.02013888888888889 0.003125 0.0125
7 0.27890625 0.33055555555555555 0.0078125 0.03611111111111111
7 0.285546875 0.32916666666666666 0.00703125 0.027777777777777776
7 0.908984375 0.9680555555555556 0.01328125 0.05
7 0.704296875 0.03611111111111111 0.00546875 0.025
