7 0.603515625 0.9041666666666667 0.03046875 0.09166666666666666
7 0.163671875 0.5743055555555555 0.01640625 0.08194444444444444
7 0.187109375 0.5659722222222222 0.01328125 0.08194444444444444
7 0.558203125 0.5319444444444444 0.01640625 0.05
7 0.1765625 0.5465277777777777 0.0140625 0.07916666666666666
7 0.73046875 0.6541666666666667 0.01875 0.06111111111111111
7 0.568359375 0.35625 0.01484375 0.043055555555555555
7 0.508984375 0.31805555555555554 0.01171875 0.027777777777777776
7 0.191015625 0.5541666666666667 0.01171875 0.07777777777777778
7 0.171484375 0.5548611111111111 0.01484375 0.08472222222222223
7 0.16875 0.5666666666666667 0.0125 0.08055555555555556
7 0.362890625 0.3020833333333333 0.01328125 0.0375
7 0.4515625 0.0798611111111111 0.0078125 0.018055555555555554
7 0.51875 0.1486111111111111 0.00625 0.030555555555555555
7 0.7265625 0.6527777777777778 0.0203125 0.06388888888888888
