7 0.315234375 0.10486111111111111 0.01484375 0.034722222222222224
7 0.75234375 0.37569444444444444 0.028125 0.0875
7 0.546484375 0.20277777777777778 0.01796875 0.05555555555555555
7 0.85703125 0.5680555555555555 0.046875 0.12777777777777777
7 0.351171875 0.07916666666666666 0.01171875 0.019444444444444445
7 0.595703125 0.24791666666666667 0.02265625 0.05694444444444444
7 0.3203125 0.14791666666666667 0.015625 0.03194444444444444
7 0.530859375 0.1361111111111111 0.01484375 0.03611111111111111
7 0.374609375 0.07569444444444444 0.01171875 0.029166666666666667
7 0.312890625 0.07291666666666667 0.01171875 0.02638888888888889
