7 0.5140625 0.2673611111111111 0.01875 0.04583333333333333
7 0.45703125 0.5298611111111111 0.0234375 0.06805555555555555
7 0.416796875 0.22152777777777777 0.01484375 0.04027777777777778
7 0.555078125 0.10347222222222222 0.01015625 0.034722222222222224
7 0.31640625 0.4409722222222222 0.0171875 0.05416666666666667
7 0.722265625 0.3888888888888889 0.01953125 0.05555555555555555
7 0.50078125 0.2111111111111111 0.0125 0.03333333333333333
7 0.43203125 0.08194444444444444 0.00625 0.03611111111111111
7 0.42265625 0.075 0.00625 0.030555555555555555
7 0.4515625 0.12777777777777777 0.0140625 0.030555555555555555
7 0.38203125 0.1701388888888889 0.0171875 0.03194444444444444
