7 0.570703125 0.4027777777777778 0.00859375 0.022222222222222223
7 0.544921875 0.4527777777777778 0.01015625 0.027777777777777776
7 0.5296875 0.5034722222222222 0.009375 0.020833333333333332
7 0.4296875 0.4305555555555556 0.0078125 0.019444444444444445
7 0.5171875 0.8756944444444444 0.0140625 0.04027777777777778
7 0.553125 0.8756944444444444 0.0140625 0.04027777777777778
7 0.340234375 0.8833333333333333 0.01015625 0.030555555555555555
7 0.3296875 0.8319444444444445 0.009375 0.030555555555555555
7 0.333203125 0.8284722222222223 0.01015625 0.03194444444444444
7 0.40859375 0.2791666666666667 0.00625 0.019444444444444445
7 0.399609375 0.2076388888888889 0.00703125 0.020833333333333332
7 0.34609375 0.29444444444444445 0.0046875 0.013888888888888888
7 0.35859375 0.31805555555555554 0.0046875 0.013888888888888888
7 0.3640625 0.3138888888888889 0.0046875 0.030555555555555555
7 0.35 0.37083333333333335 0.0046875 0.013888888888888888
7 0.334375 0.35347222222222224 0.0046875 0.0125
7 0.33515625 0.3388888888888889 0.0046875 0.013888888888888888
7 0.288671875 0.5381944444444444 0.00703125 0.03194444444444444
7 0.331640625 0.5277777777777778 0.00703125 0.022222222222222223
7 0.22109375 0.7340277777777777 0.00625 0.020833333333333332
7 0.228515625 0.7104166666666667 0.00703125 0.020833333333333332
7 0.244921875 0.6895833333333333 0.00859375 0.02638888888888889
7 0.191796875 0.74375 0.00859375 0.03194444444444444
7 0.319140625 0.14097222222222222 0.00546875 0.0125
7 0.29453125 0.12152777777777778 0.0046875 0.0125
7 0.31875 0.26180555555555557 0.0046875 0.0125
7 0.48671875 0.22916666666666666 0.00625 0.019444444444444445
7 0.497265625 0.23541666666666666 0.00546875 0.018055555555555554
7 0.495703125 0.1763888888888889 0.00546875 0.019444444444444445
7 0.510546875 0.13680555555555557 0.00546875 0.018055555555555554
7 0.49609375 0.12638888888888888 0.0046875 0.008333333333333333
7 0.50390625 0.10277777777777777 0.0046875 0.008333333333333333
7 0.49375 0.10277777777777777 0.0046875 0.008333333333333333
7 0.458203125 0.10902777777777778 0.00390625 0.009722222222222222
7 0.454296875 0.14583333333333334 0.00390625 0.008333333333333333
7 0.491015625 0.07569444444444444 0.00546875 0.0125
7 0.584765625 0.1763888888888889 0.00546875 0.013888888888888888
7 0.584765625 0.2833333333333333 0.00703125 0.016666666666666666
7 0.635546875 0.32013888888888886 0.00703125 0.015277777777777777
7 0.721875 0.8354166666666667 0.009375 0.02638888888888889
7 0.719140625 0.8291666666666667 0.00859375 0.027777777777777776
7 0.72734375 0.8256944444444444 0.0078125 0.034722222222222224
7 0.733203125 0.8222222222222222 0.00859375 0.03333333333333333
7 0.741796875 0.8520833333333333 0.00859375 0.034722222222222224
7 0.748046875 0.8472222222222222 0.00546875 0.030555555555555555
7 0.79609375 0.9083333333333333 0.0109375 0.030555555555555555
7 0.619921875 0.3951388888888889 0.01015625 0.02361111111111111
7 0.6265625 0.21458333333333332 0.0046875 0.0125
7 0.641015625 0.12916666666666668 0.00703125 0.016666666666666666
7 0.579296875 0.06388888888888888 0.00546875 0.019444444444444445
7 0.56171875 0.2423611111111111 0.00625 0.03194444444444444
7 0.283203125 0.017361111111111112 0.00546875 0.018055555555555554
7 0.269921875 0.44305555555555554 0.00703125 0.025
7 0.276953125 0.43472222222222223 0.00546875 0.027777777777777776
7 0.233984375 0.69375 0.01015625 0.020833333333333332
7 0.684375 0.23680555555555555 0.0046875 0.0125
7 0.4578125 0.04583333333333333 0.0046875 0.011111111111111112
7 0.482421875 0.029166666666666667 0.00546875 0.013888888888888888
