7 0.8671875 0.41805555555555557 0.04375 0.10833333333333334
7 0.78125 0.3402777777777778 0.034375 0.06388888888888888
7 0.6015625 0.10347222222222222 0.015625 0.04027777777777778
7 0.67734375 0.1625 0.01875 0.058333333333333334
7 0.721484375 0.3111111111111111 0.03046875 0.08888888888888889
7 0.43203125 0.058333333333333334 0.0125 0.027777777777777776
7 0.41171875 0.05 0.0125 0.03611111111111111
7 0.440625 0.017361111111111112 0.0109375 0.02638888888888889
7 0.630078125 0.10833333333333334 0.01484375 0.05277777777777778
7 0.861328125 0.20069444444444445 0.02421875 0.05138888888888889
7 0.602734375 0.10694444444444444 0.01640625 0.03888888888888889
