7 0.746875 0.39652777777777776 0.0171875 0.04861111111111111
7 0.58359375 0.45416666666666666 0.0234375 0.03611111111111111
7 0.79375 0.5097222222222222 0.015625 0.03888888888888889
7 0.80234375 0.6520833333333333 0.021875 0.0375
7 0.521875 0.23333333333333334 0.01875 0.030555555555555555
7 0.30078125 0.8194444444444444 0.028125 0.041666666666666664
7 0.7890625 0.5694444444444444 0.0265625 0.03888888888888889
7 0.748046875 0.5625 0.02109375 0.04722222222222222
7 0.829296875 0.7013888888888888 0.02421875 0.04722222222222222
7 0.300390625 0.5791666666666667 0.02109375 0.04722222222222222
7 0.7484375 0.5020833333333333 0.0203125 0.029166666666666667
7 0.29609375 0.6513888888888889 0.021875 0.030555555555555555
7 0.283984375 0.7173611111111111 0.01953125 0.03194444444444444
7 0.3171875 0.7104166666666667 0.0203125 0.0375
7 0.347265625 0.6777777777777778 0.01640625 0.03888888888888889
7 0.34453125 0.7597222222222222 0.015625 0.030555555555555555
7 0.355078125 0.49583333333333335 0.01484375 0.03333333333333333
7 0.265625 0.4756944444444444 0.0171875 0.029166666666666667
7 0.269921875 0.24444444444444444 0.01796875 0.025
7 0.466796875 0.07708333333333334 0.01484375 0.02361111111111111
7 0.437890625 0.03194444444444444 0.01328125 0.022222222222222223
7 0.5765625 0.05277777777777778 0.0125 0.016666666666666666
7 0.56015625 0.11875 0.0171875 0.029166666666666667
7 0.083203125 0.45208333333333334 0.01328125 0.04583333333333333
7 0.093359375 0.45069444444444445 0.01328125 0.04583333333333333
7 0.106640625 0.43680555555555556 0.01328125 0.04583333333333333
7 0.165625 0.27569444444444446 0.009375 0.04027777777777778
7 0.121484375 0.42569444444444443 0.01328125 0.04583333333333333
7 0.18828125 0.4048611111111111 0.0140625 0.04583333333333333
7 0.20625 0.40347222222222223 0.0140625 0.04861111111111111
