7 0.787109375 0.33819444444444446 0.01015625 0.0375
7 0.164453125 0.5465277777777777 0.01796875 0.07916666666666666
7 0.06953125 0.5868055555555556 0.025 0.09583333333333334
7 0.04453125 0.5986111111111111 0.025 0.1111111111111111
7 0.451953125 0.06527777777777778 0.00703125 0.019444444444444445
7 0.463671875 0.03611111111111111 0.00703125 0.019444444444444445
7 0.477734375 0.03194444444444444 0.00703125 0.019444444444444445
7 0.463671875 0.12222222222222222 0.00703125 0.019444444444444445
7 0.530859375 0.05138888888888889 0.00703125 0.019444444444444445
7 0.05234375 0.575 0.021875 0.08888888888888889
