7 0.490625 0.24290220820189273 0.025 0.0914826498422713
7 0.147265625 0.7760252365930599 0.05859375 0.17034700315457413
7 0.84765625 0.3840694006309148 0.0328125 0.11198738170347003
7 0.334765625 0.1805993690851735 0.01640625 0.09621451104100946
7 0.813671875 0.42034700315457413 0.03515625 0.11198738170347003
7 0.72109375 0.20425867507886436 0.021875 0.07413249211356467
7 0.80859375 0.2476340694006309 0.021875 0.06309148264984227
7 0.79140625 0.30362776025236593 0.028125 0.0804416403785489
7 0.761328125 0.24290220820189273 0.02421875 0.0694006309148265
7 0.69609375 0.016561514195583597 0.0125 0.02996845425867508
7 0.144140625 0.7862776025236593 0.05703125 0.13722397476340695
