7 0.27890625 0.6381944444444444 0.0171875 0.02361111111111111
7 0.30859375 0.48125 0.0203125 0.03194444444444444
7 0.24453125 0.22083333333333333 0.0078125 0.019444444444444445
7 0.315234375 0.22291666666666668 0.01328125 0.02361111111111111
7 0.35390625 0.18472222222222223 0.0125 0.019444444444444445
7 0.390234375 0.59375 0.01640625 0.02638888888888889
7 0.526953125 0.7506944444444444 0.01796875 0.034722222222222224
7 0.594140625 0.7819444444444444 0.01484375 0.019444444444444445
7 0.624609375 0.7409722222222223 0.01953125 0.02361111111111111
7 0.4078125 0.5625 0.0109375 0.030555555555555555
7 0.834765625 0.7972222222222223 0.01953125 0.030555555555555555
7 0.848828125 0.7055555555555556 0.01484375 0.03333333333333333
7 0.879296875 0.5319444444444444 0.01640625 0.03611111111111111
7 0.848046875 0.4173611111111111 0.01015625 0.02361111111111111
7 0.822265625 0.4097222222222222 0.01015625 0.025
7 0.81015625 0.3548611111111111 0.009375 0.02361111111111111
7 0.698828125 0.4625 0.01328125 0.016666666666666666
7 0.487109375 0.4131944444444444 0.01328125 0.02361111111111111
7 0.4328125 0.5534722222222223 0.0125 0.02638888888888889
7 0.440234375 0.5125 0.01328125 0.022222222222222223
7 0.4546875 0.5006944444444444 0.0109375 0.020833333333333332
7 0.50625 0.5972222222222222 0.015625 0.027777777777777776
7 0.927734375 0.65625 0.01015625 0.04583333333333333
7 0.875 0.29791666666666666 0.0109375 0.02361111111111111
7 0.810546875 0.2569444444444444 0.01015625 0.022222222222222223
7 0.86875 0.17847222222222223 0.009375 0.018055555555555554
7 0.721484375 0.1638888888888889 0.01171875 0.019444444444444445
7 0.73828125 0.21944444444444444 0.0125 0.019444444444444445
7 0.6140625 0.41458333333333336 0.0109375 0.02638888888888889
7 0.487890625 0.4097222222222222 0.01015625 0.016666666666666666
7 0.04921875 0.5430555555555555 0.0109375 0.03333333333333333
7 0.071875 0.4798611111111111 0.0078125 0.029166666666666667
7 0.098046875 0.36666666666666664 0.01171875 0.05
7 0.144921875 0.3090277777777778 0.01015625 0.0375
7 0.3734375 0.05416666666666667 0.009375 0.022222222222222223
7 0.386328125 0.06597222222222222 0.00703125 0.020833333333333332
7 0.529296875 0.09791666666666667 0.00703125 0.0125
7 0.54453125 0.09027777777777778 0.0078125 0.013888888888888888
7 0.552734375 0.07083333333333333 0.00703125 0.016666666666666666
7 0.566015625 0.04861111111111111 0.00703125 0.016666666666666666
7 0.633984375 0.04236111111111111 0.00859375 0.020833333333333332
7 0.46796875 0.5180555555555556 0.0125 0.025
7 0.4796875 0.5027777777777778 0.0125 0.025
7 0.4703125 0.4861111111111111 0.0125 0.025
7 0.634765625 0.5930555555555556 0.00859375 0.025
7 0.638671875 0.5041666666666667 0.00859375 0.025
7 0.6140625 0.4486111111111111 0.0078125 0.016666666666666666
7 0.632421875 0.42916666666666664 0.00859375 0.022222222222222223
7 0.909375 0.3263888888888889 0.0109375 0.044444444444444446
7 0.8921875 0.19583333333333333 0.009375 0.03888888888888889
7 0.81484375 0.17916666666666667 0.009375 0.016666666666666666
7 0.808984375 0.15069444444444444 0.00703125 0.020833333333333332
7 0.890234375 0.030555555555555555 0.01015625 0.030555555555555555
7 0.819140625 0.009722222222222222 0.00703125 0.013888888888888888
7 0.8109375 0.034722222222222224 0.0078125 0.019444444444444445
7 0.7765625 0.3875 0.00625 0.025
7 0.765625 0.4027777777777778 0.0078125 0.025
7 0.550390625 0.3590277777777778 0.01015625 0.020833333333333332
7 0.574609375 0.2590277777777778 0.01015625 0.020833333333333332
7 0.52734375 0.46944444444444444 0.0109375 0.025
7 0.512890625 0.48194444444444445 0.01171875 0.022222222222222223
7 0.734765625 0.1763888888888889 0.00703125 0.019444444444444445
7 0.273828125 0.12638888888888888 0.01328125 0.03888888888888889
7 0.49609375 0.7979166666666667 0.0171875 0.02361111111111111
7 0.7515625 0.09166666666666666 0.00625 0.03611111111111111
7 0.73984375 0.0875 0.0078125 0.03888888888888889
7 0.74609375 0.08125 0.00625 0.018055555555555554
7 0.689453125 0.7638888888888888 0.01796875 0.027777777777777776
7 0.43125 0.05347222222222222 0.0109375 0.020833333333333332
