7 0.204296875 0.6097222222222223 0.02578125 0.06944444444444445
7 0.43984375 0.43194444444444446 0.021875 0.06111111111111111
7 0.324609375 0.9375 0.03828125 0.1
7 0.376953125 0.16944444444444445 0.01171875 0.03611111111111111
7 0.1890625 0.70625 0.034375 0.06805555555555555
7 0.469921875 0.29444444444444445 0.01640625 0.044444444444444446
7 0.4046875 0.2791666666666667 0.0171875 0.041666666666666664
7 0.274609375 0.34444444444444444 0.01484375 0.044444444444444446
7 0.324609375 0.9458333333333333 0.03671875 0.08333333333333333
7 0.440234375 0.43125 0.02109375 0.05416666666666667
