7 0.48125 0.17083333333333334 0.015625 0.03611111111111111
7 0.45625 0.15902777777777777 0.0125 0.034722222222222224
7 0.439453125 0.25 0.01796875 0.041666666666666664
7 0.430078125 0.40347222222222223 0.02578125 0.05416666666666667
7 0.203125 0.7986111111111112 0.05 0.07777777777777778
7 0.556640625 0.6458333333333334 0.02734375 0.10833333333333334
7 0.6015625 0.10972222222222222 0.0125 0.04722222222222222
7 0.487109375 0.0625 0.00859375 0.044444444444444446
7 0.480859375 0.059027777777777776 0.01171875 0.04861111111111111
7 0.46640625 0.06527777777777778 0.0109375 0.04722222222222222
