7 0.880078125 0.9229166666666667 0.02421875 0.04027777777777778
7 0.9015625 0.8722222222222222 0.028125 0.03611111111111111
7 0.795703125 0.7034722222222223 0.01796875 0.04583333333333333
7 0.79453125 0.5618055555555556 0.0171875 0.0375
7 0.78828125 0.4861111111111111 0.0203125 0.03888888888888889
7 0.77265625 0.4076388888888889 0.015625 0.029166666666666667
7 0.793359375 0.38680555555555557 0.01171875 0.03194444444444444
7 0.82734375 0.2708333333333333 0.015625 0.03333333333333333
7 0.960546875 0.04861111111111111 0.01328125 0.044444444444444446
7 0.614453125 0.6756944444444445 0.01484375 0.0625
7 0.584375 0.7 0.01875 0.06388888888888888
7 0.67578125 0.5930555555555556 0.0140625 0.058333333333333334
7 0.74140625 0.43819444444444444 0.0140625 0.05416666666666667
