7 0.492578125 0.6520833333333333 0.03046875 0.07361111111111111
7 0.537109375 0.18541666666666667 0.01328125 0.0375
7 0.84609375 0.5618055555555556 0.0265625 0.08472222222222223
7 0.38984375 0.38472222222222224 0.01875 0.06111111111111111
7 0.387890625 0.2701388888888889 0.01640625 0.0375
7 0.39765625 0.18333333333333332 0.0109375 0.025
7 0.43046875 0.08055555555555556 0.00625 0.025
7 0.4375 0.08125 0.00625 0.02361111111111111
7 0.442578125 0.0798611111111111 0.00859375 0.02638888888888889
7 0.54296875 0.04513888888888889 0.0078125 0.020833333333333332
