7 0.6328125 0.7486111111111111 0.0140625 0.027777777777777776
7 0.3859375 0.6229166666666667 0.0109375 0.02638888888888889
7 0.399609375 0.5958333333333333 0.01015625 0.025
7 0.428125 0.5701388888888889 0.009375 0.02638888888888889
7 0.39453125 0.5618055555555556 0.009375 0.02361111111111111
7 0.380859375 0.5416666666666666 0.00859375 0.025
7 0.43515625 0.5111111111111111 0.009375 0.027777777777777776
7 0.434375 0.45555555555555555 0.009375 0.022222222222222223
7 0.383984375 0.46319444444444446 0.01015625 0.02638888888888889
7 0.3796875 0.4305555555555556 0.0109375 0.022222222222222223
7 0.367578125 0.40069444444444446 0.00859375 0.02361111111111111
7 0.465234375 0.35555555555555557 0.00859375 0.022222222222222223
7 0.490234375 0.34444444444444444 0.01015625 0.019444444444444445
7 0.506640625 0.34444444444444444 0.00859375 0.016666666666666666
7 0.475390625 0.4236111111111111 0.00859375 0.025
7 0.54140625 0.4222222222222222 0.009375 0.025
7 0.702734375 0.44305555555555554 0.00703125 0.03611111111111111
7 0.651171875 0.3701388888888889 0.00703125 0.02638888888888889
7 0.61640625 0.3458333333333333 0.0078125 0.030555555555555555
7 0.561328125 0.25972222222222224 0.00703125 0.025
7 0.567578125 0.2361111111111111 0.00546875 0.025
7 0.570703125 0.23541666666666666 0.00703125 0.02361111111111111
7 0.5296875 0.19444444444444445 0.00625 0.025
7 0.65546875 0.6458333333333334 0.0125 0.022222222222222223
7 0.6890625 0.6201388888888889 0.009375 0.015277777777777777
7 0.7 0.6576388888888889 0.0140625 0.020833333333333332
7 0.70859375 0.6847222222222222 0.009375 0.019444444444444445
7 0.562890625 0.5152777777777777 0.01015625 0.022222222222222223
7 0.61796875 0.45208333333333334 0.0078125 0.020833333333333332
7 0.47578125 0.14583333333333334 0.00625 0.025
7 0.472265625 0.1451388888888889 0.00546875 0.02361111111111111
7 0.40234375 0.1875 0.0078125 0.013888888888888888
7 0.38828125 0.18611111111111112 0.00625 0.013888888888888888
7 0.43125 0.23402777777777778 0.00625 0.015277777777777777
7 0.244921875 0.4930555555555556 0.01015625 0.022222222222222223
7 0.244921875 0.4756944444444444 0.01015625 0.015277777777777777
7 0.23046875 0.43333333333333335 0.009375 0.019444444444444445
7 0.219921875 0.4013888888888889 0.00859375 0.03333333333333333
7 0.21328125 0.39166666666666666 0.009375 0.03333333333333333
7 0.205859375 0.35694444444444445 0.00703125 0.025
7 0.214453125 0.28055555555555556 0.00859375 0.016666666666666666
7 0.196484375 0.26180555555555557 0.00859375 0.018055555555555554
7 0.351953125 0.6361111111111111 0.00703125 0.044444444444444446
7 0.139453125 0.11597222222222223 0.00703125 0.0125
7 0.1484375 0.12916666666666668 0.0078125 0.022222222222222223
7 0.155078125 0.09375 0.00546875 0.02638888888888889
7 0.1484375 0.05694444444444444 0.00625 0.025
7 0.119921875 0.025694444444444443 0.00546875 0.0125
7 0.146484375 0.02013888888888889 0.00546875 0.020833333333333332
7 0.245703125 0.07013888888888889 0.00703125 0.0125
7 0.266796875 0.06736111111111111 0.00546875 0.0125
7 0.256640625 0.12777777777777777 0.00703125 0.016666666666666666
7 0.28515625 0.19236111111111112 0.00625 0.018055555555555554
7 0.298046875 0.20416666666666666 0.00703125 0.016666666666666666
7 0.303515625 0.2326388888888889 0.00859375 0.015277777777777777
7 0.3 0.26458333333333334 0.00625 0.02361111111111111
7 0.32265625 0.275 0.0078125 0.016666666666666666
7 0.332421875 0.29097222222222224 0.00703125 0.018055555555555554
7 0.33671875 0.27847222222222223 0.0078125 0.015277777777777777
7 0.33984375 0.2652777777777778 0.0078125 0.013888888888888888
7 0.351953125 0.26875 0.00859375 0.015277777777777777
7 0.358984375 0.27708333333333335 0.00859375 0.015277777777777777
7 0.365625 0.31527777777777777 0.009375 0.019444444444444445
7 0.561328125 0.55 0.01015625 0.016666666666666666
7 0.554296875 0.4534722222222222 0.01171875 0.02361111111111111
7 0.519140625 0.37916666666666665 0.01015625 0.016666666666666666
7 0.33984375 0.15833333333333333 0.0078125 0.013888888888888888
7 0.3640625 0.10625 0.0078125 0.015277777777777777
7 0.4625 0.15763888888888888 0.00625 0.0125
7 0.47734375 0.16458333333333333 0.00625 0.0125
7 0.473046875 0.19652777777777777 0.00703125 0.015277777777777777
7 0.489453125 0.225 0.00703125 0.022222222222222223
7 0.5421875 0.30625 0.0078125 0.015277777777777777
7 0.552734375 0.32083333333333336 0.00859375 0.016666666666666666
7 0.5625 0.33541666666666664 0.009375 0.015277777777777777
7 0.56796875 0.34375 0.009375 0.015277777777777777
7 0.565625 0.30694444444444446 0.0078125 0.019444444444444445
