7 0.06640625 0.43333333333333335 0.075 0.26666666666666666
7 0.109765625 0.28680555555555554 0.03046875 0.1625
7 0.417578125 0.2673611111111111 0.03671875 0.11527777777777778
7 0.362109375 0.25625 0.03203125 0.09861111111111111
7 0.632421875 0.40208333333333335 0.02265625 0.05416666666666667
7 0.651953125 0.59375 0.03828125 0.07916666666666666
7 0.684375 0.38958333333333334 0.021875 0.07361111111111111
7 0.088671875 0.31805555555555554 0.02109375 0.09722222222222222
7 0.593359375 0.34791666666666665 0.01640625 0.02638888888888889
7 0.465625 0.1625 0.0109375 0.019444444444444445
