7 0.8421875 0.5125 0.01875 0.07222222222222222
7 0.54140625 0.4125 0.015625 0.06388888888888888
7 0.302734375 0.3541666666666667 0.01953125 0.03611111111111111
7 0.425 0.15694444444444444 0.0125 0.030555555555555555
7 0.401953125 0.16666666666666666 0.01328125 0.027777777777777776
7 0.3859375 0.1423611111111111 0.0078125 0.02638888888888889
7 0.485546875 0.14375 0.00859375 0.020833333333333332
7 0.487109375 0.06388888888888888 0.01171875 0.027777777777777776
7 0.4796875 0.11805555555555555 0.0125 0.027777777777777776
7 0.5078125 0.06388888888888888 0.0078125 0.022222222222222223
