7 0.412890625 0.7798611111111111 0.02265625 0.07361111111111111
7 0.62265625 0.3388888888888889 0.0109375 0.025
7 0.630078125 0.24305555555555555 0.00859375 0.030555555555555555
7 0.562890625 0.23055555555555557 0.01015625 0.027777777777777776
7 0.5453125 0.2 0.009375 0.022222222222222223
7 0.607421875 0.12986111111111112 0.00546875 0.018055555555555554
7 0.607421875 0.14583333333333334 0.00546875 0.019444444444444445
7 0.590234375 0.11944444444444445 0.00390625 0.016666666666666666
7 0.411328125 0.7805555555555556 0.02265625 0.058333333333333334
7 0.5671875 0.13472222222222222 0.0078125 0.022222222222222223
7 0.625390625 0.1423611111111111 0.01015625 0.029166666666666667
