7 0.694921875 0.5368055555555555 0.02578125 0.05416666666666667
7 0.704296875 0.8138888888888889 0.03359375 0.05277777777777778
7 0.23984375 0.3458333333333333 0.01875 0.022222222222222223
7 0.287109375 0.5631944444444444 0.01484375 0.043055555555555555
7 0.2734375 0.5041666666666667 0.015625 0.044444444444444446
7 0.38125 0.10416666666666667 0.0109375 0.03611111111111111
7 0.386328125 0.041666666666666664 0.01171875 0.030555555555555555
7 0.902734375 0.7868055555555555 0.01640625 0.02638888888888889
7 0.5265625 0.3645833333333333 0.0171875 0.04583333333333333
7 0.62421875 0.15 0.0125 0.05555555555555555
7 0.62265625 0.24722222222222223 0.0171875 0.027777777777777776
7 0.203125 0.36041666666666666 0.0109375 0.03194444444444444
7 0.24453125 0.38472222222222224 0.015625 0.030555555555555555
7 0.1671875 0.26319444444444445 0.0140625 0.03194444444444444
7 0.15 0.15486111111111112 0.0109375 0.03194444444444444
7 0.1375 0.12569444444444444 0.0140625 0.029166666666666667
7 0.12421875 0.08819444444444445 0.0125 0.03194444444444444
