7 0.85234375 0.6763888888888889 0.028125 0.06944444444444445
7 0.838671875 0.6729166666666667 0.02265625 0.0763888888888889
7 0.381640625 0.9465277777777777 0.04453125 0.0763888888888889
7 0.45078125 0.9604166666666667 0.0375 0.0763888888888889
7 0.18515625 0.625 0.021875 0.06666666666666667
7 0.1703125 0.6354166666666666 0.0125 0.04861111111111111
7 0.2515625 0.5833333333333334 0.028125 0.06111111111111111
7 0.277734375 0.40347222222222223 0.01796875 0.059722222222222225
7 0.29765625 0.35625 0.015625 0.043055555555555555
7 0.316796875 0.4013888888888889 0.01484375 0.03888888888888889
7 0.41640625 0.36041666666666666 0.0171875 0.043055555555555555
7 0.386328125 0.33541666666666664 0.01328125 0.043055555555555555
7 0.36484375 0.2986111111111111 0.015625 0.03611111111111111
7 0.339453125 0.24097222222222223 0.01796875 0.043055555555555555
7 0.390625 0.22708333333333333 0.0140625 0.0375
7 0.441796875 0.21180555555555555 0.01640625 0.0375
7 0.506640625 0.10555555555555556 0.01171875 0.025
7 0.422265625 0.15 0.01171875 0.027777777777777776
