7 0.654296875 0.9020833333333333 0.01171875 0.020833333333333332
7 0.569140625 0.8097222222222222 0.00859375 0.019444444444444445
7 0.684765625 0.9673611111111111 0.01171875 0.043055555555555555
7 0.185546875 0.6208333333333333 0.00859375 0.030555555555555555
7 0.19375 0.6201388888888889 0.0078125 0.03194444444444444
7 0.181640625 0.58125 0.00859375 0.03194444444444444
7 0.12890625 0.59375 0.0078125 0.03194444444444444
7 0.139453125 0.5576388888888889 0.00859375 0.03194444444444444
7 0.1515625 0.5569444444444445 0.0078125 0.030555555555555555
7 0.153125 0.5048611111111111 0.0078125 0.03194444444444444
7 0.12890625 0.5291666666666667 0.0078125 0.030555555555555555
7 0.13125 0.48333333333333334 0.0078125 0.030555555555555555
7 0.12578125 0.6493055555555556 0.0078125 0.03194444444444444
7 0.06796875 0.5680555555555555 0.0078125 0.030555555555555555
7 0.02265625 0.5916666666666667 0.0078125 0.030555555555555555
7 0.01953125 0.5875 0.0078125 0.030555555555555555
7 0.01328125 0.6013888888888889 0.0078125 0.030555555555555555
7 0.5609375 0.6291666666666667 0.009375 0.03333333333333333
7 0.72578125 0.75625 0.0078125 0.020833333333333332
7 0.76640625 0.7770833333333333 0.0078125 0.020833333333333332
7 0.77265625 0.7458333333333333 0.0109375 0.022222222222222223
7 0.7765625 0.8125 0.0109375 0.022222222222222223
7 0.75234375 0.7333333333333333 0.0109375 0.022222222222222223
7 0.7609375 0.7166666666666667 0.0109375 0.022222222222222223
7 0.73671875 0.7173611111111111 0.0078125 0.020833333333333332
7 0.73828125 0.8680555555555556 0.0109375 0.022222222222222223
7 0.71171875 0.8638888888888889 0.0109375 0.022222222222222223
7 0.73046875 0.9145833333333333 0.0109375 0.02361111111111111
7 0.72578125 0.9819444444444444 0.0109375 0.022222222222222223
7 0.644921875 0.9368055555555556 0.01171875 0.020833333333333332
7 0.62109375 0.9006944444444445 0.0125 0.02638888888888889
7 0.607421875 0.9020833333333333 0.01171875 0.020833333333333332
7 0.609375 0.8430555555555556 0.0125 0.027777777777777776
7 0.609375 0.7951388888888888 0.0125 0.02638888888888889
7 0.609375 0.7604166666666666 0.0125 0.02638888888888889
7 0.6015625 0.7305555555555555 0.0125 0.027777777777777776
7 0.60390625 0.6958333333333333 0.009375 0.019444444444444445
7 0.018359375 0.9006944444444445 0.01328125 0.034722222222222224
7 0.373046875 0.2916666666666667 0.00703125 0.013888888888888888
7 0.4015625 0.19444444444444445 0.0046875 0.013888888888888888
7 0.378515625 0.16805555555555557 0.00546875 0.013888888888888888
7 0.4015625 0.08611111111111111 0.0046875 0.013888888888888888
7 0.404296875 0.020833333333333332 0.00546875 0.013888888888888888
7 0.417578125 0.025 0.00546875 0.013888888888888888
7 0.489453125 0.24930555555555556 0.00703125 0.015277777777777777
7 0.496484375 0.2604166666666667 0.00703125 0.015277777777777777
7 0.515625 0.21736111111111112 0.00625 0.015277777777777777
7 0.603515625 0.26180555555555557 0.00703125 0.015277777777777777
7 0.544140625 0.41944444444444445 0.00703125 0.013888888888888888
7 0.527734375 0.5381944444444444 0.00703125 0.015277777777777777
7 0.487109375 0.8805555555555555 0.01328125 0.04722222222222222
7 0.02265625 0.5326388888888889 0.009375 0.02638888888888889
7 0.029296875 0.5173611111111112 0.01015625 0.02361111111111111
7 0.046484375 0.49722222222222223 0.00859375 0.025
7 0.00625 0.5763888888888888 0.0078125 0.027777777777777776
7 0.416796875 0.004861111111111111 0.00546875 0.009722222222222222
7 0.4953125 0.15833333333333333 0.00625 0.016666666666666666
7 0.726171875 0.5298611111111111 0.01171875 0.020833333333333332
