7 0.1484375 0.8381944444444445 0.034375 0.07916666666666666
7 0.358203125 0.6645833333333333 0.03984375 0.07361111111111111
7 0.434765625 0.80625 0.03828125 0.08472222222222223
7 0.482421875 0.40069444444444446 0.02109375 0.04027777777777778
7 0.546875 0.2833333333333333 0.0140625 0.05
7 0.535546875 0.22152777777777777 0.01171875 0.043055555555555555
7 0.510546875 0.20416666666666666 0.01640625 0.030555555555555555
7 0.35 0.19791666666666666 0.0109375 0.03194444444444444
7 0.49453125 0.07222222222222222 0.009375 0.027777777777777776
7 0.45625 0.09861111111111111 0.0109375 0.022222222222222223
7 0.4765625 0.13680555555555557 0.009375 0.029166666666666667
7 0.47421875 0.07916666666666666 0.00625 0.019444444444444445
7 0.481640625 0.08888888888888889 0.00703125 0.022222222222222223
