7 0.826953125 0.4951388888888889 0.01328125 0.02638888888888889
7 0.803515625 0.6541666666666667 0.01328125 0.03333333333333333
7 0.583984375 0.5993055555555555 0.01171875 0.02638888888888889
7 0.606640625 0.58125 0.01484375 0.03194444444444444
7 0.73984375 0.3840277777777778 0.0125 0.034722222222222224
7 0.74140625 0.3423611111111111 0.0125 0.03194444444444444
7 0.745703125 0.29375 0.01015625 0.029166666666666667
7 0.76484375 0.21180555555555555 0.0078125 0.020833333333333332
7 0.76015625 0.18819444444444444 0.0078125 0.018055555555555554
7 0.75546875 0.16458333333333333 0.0078125 0.020833333333333332
7 0.734765625 0.16111111111111112 0.00703125 0.019444444444444445
7 0.48125 0.3104166666666667 0.009375 0.04583333333333333
7 0.49375 0.24375 0.0109375 0.043055555555555555
7 0.49765625 0.2222222222222222 0.0125 0.03888888888888889
7 0.486328125 0.17083333333333334 0.00703125 0.025
7 0.471875 0.14027777777777778 0.009375 0.022222222222222223
7 0.474609375 0.15694444444444444 0.00859375 0.019444444444444445
7 0.446484375 0.11736111111111111 0.00859375 0.020833333333333332
7 0.440234375 0.13194444444444445 0.00703125 0.019444444444444445
7 0.41796875 0.06805555555555555 0.0078125 0.025
7 0.30546875 0.46111111111111114 0.0109375 0.027777777777777776
7 0.3265625 0.47291666666666665 0.0140625 0.02638888888888889
7 0.515625 0.04861111111111111 0.009375 0.019444444444444445
7 0.049609375 0.27152777777777776 0.01171875 0.03194444444444444
7 0.063671875 0.19930555555555557 0.00859375 0.029166666666666667
7 0.2796875 0.21041666666666667 0.0125 0.0375
7 0.263671875 0.12361111111111112 0.01015625 0.027777777777777776
7 0.180859375 0.08888888888888889 0.01015625 0.027777777777777776
7 0.480859375 0.3451388888888889 0.00859375 0.029166666666666667
7 0.49375 0.3638888888888889 0.009375 0.019444444444444445
7 0.5625 0.30625 0.0078125 0.020833333333333332
7 0.579296875 0.30833333333333335 0.00703125 0.022222222222222223
7 0.621484375 0.23541666666666666 0.01171875 0.02361111111111111
7 0.79609375 0.09513888888888888 0.0078125 0.02638888888888889
