7 0.809765625 0.6666666666666666 0.02109375 0.044444444444444446
7 0.858203125 0.7590277777777777 0.02109375 0.04583333333333333
7 0.652734375 0.5222222222222223 0.01640625 0.041666666666666664
7 0.746875 0.5486111111111112 0.0171875 0.03333333333333333
7 0.487109375 0.5798611111111112 0.01796875 0.05416666666666667
7 0.773828125 0.5715277777777777 0.01640625 0.04027777777777778
7 0.693359375 0.7076388888888889 0.01640625 0.043055555555555555
7 0.0203125 0.4354166666666667 0.015625 0.04583333333333333
7 0.03125 0.43680555555555556 0.0140625 0.04583333333333333
7 0.574609375 0.8020833333333334 0.01796875 0.04861111111111111
7 0.583203125 0.9805555555555555 0.02421875 0.03333333333333333
7 0.450390625 0.0763888888888889 0.01015625 0.025
7 0.433984375 0.030555555555555555 0.00703125 0.016666666666666666
7 0.446875 0.034722222222222224 0.0109375 0.019444444444444445
7 0.558203125 0.125 0.01015625 0.030555555555555555
7 0.574609375 0.12777777777777777 0.00859375 0.027777777777777776
7 0.773046875 0.4576388888888889 0.01328125 0.03194444444444444
