7 0.366796875 0.44305555555555554 0.01328125 0.08611111111111111
7 0.34453125 0.4465277777777778 0.015625 0.07916666666666666
7 0.351171875 0.43333333333333335 0.01171875 0.08611111111111111
7 0.369921875 0.43125 0.01171875 0.07916666666666666
7 0.3578125 0.42291666666666666 0.0109375 0.08194444444444444
7 0.486328125 0.2361111111111111 0.01484375 0.041666666666666664
7 0.640234375 0.014583333333333334 0.00703125 0.018055555555555554
7 0.64296875 0.009722222222222222 0.00625 0.019444444444444445
7 0.65 0.018055555555555554 0.00625 0.019444444444444445
7 0.68046875 0.03263888888888889 0.009375 0.020833333333333332
7 0.71640625 0.0625 0.00625 0.030555555555555555
7 0.721484375 0.06805555555555555 0.00703125 0.030555555555555555
7 0.690625 0.049305555555555554 0.0078125 0.020833333333333332
