7 0.666796875 0.8354166666666667 0.02734375 0.0763888888888889
7 0.222265625 0.5493055555555556 0.01328125 0.0875
7 0.6046875 0.625 0.01875 0.058333333333333334
7 0.1875 0.5618055555555556 0.0125 0.07361111111111111
7 0.205078125 0.5451388888888888 0.01484375 0.08194444444444444
7 0.3890625 0.28680555555555554 0.0125 0.04027777777777778
7 0.6421875 0.3333333333333333 0.0140625 0.04722222222222222
7 0.486328125 0.12361111111111112 0.00703125 0.025
7 0.21953125 0.5583333333333333 0.0171875 0.08611111111111111
7 0.217578125 0.5159722222222223 0.01640625 0.05138888888888889
7 0.201171875 0.5611111111111111 0.01328125 0.08055555555555556
7 0.64375 0.3347222222222222 0.015625 0.041666666666666664
7 0.523828125 0.29930555555555555 0.01328125 0.04027777777777778
7 0.547265625 0.3770833333333333 0.01484375 0.0375
