7 0.251953125 0.4909722222222222 0.01484375 0.07916666666666666
7 0.834375 0.8590277777777777 0.0296875 0.09027777777777778
7 0.78671875 0.6430555555555556 0.0234375 0.06111111111111111
7 0.228125 0.49444444444444446 0.0140625 0.075
7 0.42109375 0.40625 0.0140625 0.059722222222222225
7 0.24140625 0.4736111111111111 0.0125 0.07777777777777778
7 0.690234375 0.43680555555555556 0.01953125 0.059722222222222225
7 0.65859375 0.2611111111111111 0.0109375 0.03888888888888889
7 0.253125 0.47847222222222224 0.015625 0.07916666666666666
7 0.234765625 0.48194444444444445 0.01171875 0.08055555555555556
7 0.56015625 0.06041666666666667 0.0078125 0.03194444444444444
7 0.523828125 0.013888888888888888 0.00859375 0.019444444444444445
7 0.591015625 0.09166666666666666 0.00859375 0.03611111111111111
7 0.596875 0.09861111111111111 0.0078125 0.03333333333333333
7 0.6 0.1625 0.0125 0.041666666666666664
7 0.440234375 0.16041666666666668 0.01171875 0.0375
7 0.728125 0.2951388888888889 0.0125 0.05694444444444444
