7 0.3734375 0.4847222222222222 0.015625 0.08333333333333333
7 0.35 0.49027777777777776 0.015625 0.07222222222222222
7 0.69921875 0.3263888888888889 0.0140625 0.03888888888888889
7 0.379296875 0.4722222222222222 0.01171875 0.08055555555555556
7 0.353125 0.4847222222222222 0.0109375 0.07777777777777778
7 0.356640625 0.47430555555555554 0.01171875 0.08472222222222223
7 0.3640625 0.46597222222222223 0.0109375 0.07916666666666666
7 0.543359375 0.10833333333333334 0.01015625 0.025
7 0.659765625 0.06875 0.00859375 0.020833333333333332
7 0.625390625 0.027083333333333334 0.00703125 0.02361111111111111
7 0.716796875 0.09791666666666667 0.00703125 0.029166666666666667
7 0.723046875 0.10277777777777777 0.00859375 0.03333333333333333
7 0.749609375 0.19791666666666666 0.01015625 0.03194444444444444
7 0.725390625 0.20833333333333334 0.01171875 0.03333333333333333
