7 0.46953125 0.5039432176656151 0.0421875 0.13722397476340695
7 0.468359375 0.09858044164037855 0.02109375 0.07097791798107256
7 0.330859375 0.44637223974763407 0.03671875 0.12618296529968454
7 0.561328125 0.3217665615141956 0.03515625 0.10094637223974763
7 0.9765625 0.6340694006309149 0.046875 0.1608832807570978
7 0.79296875 0.10252365930599369 0.015625 0.056782334384858045
7 0.230078125 0.9022082018927445 0.06171875 0.17665615141955837
7 0.65703125 0.02050473186119874 0.0171875 0.04100946372239748
7 0.75703125 0.018138801261829655 0.0171875 0.03627760252365931
7 0.7578125 0.06545741324921135 0.0171875 0.04258675078864353
7 0.7578125 0.021293375394321766 0.015625 0.03627760252365931
