7 0.443359375 0.8458333333333333 0.01015625 0.03611111111111111
7 0.466796875 0.8458333333333333 0.01015625 0.03611111111111111
7 0.603125 0.9402777777777778 0.009375 0.03611111111111111
7 0.18203125 0.6916666666666667 0.0109375 0.027777777777777776
7 0.222265625 0.8020833333333334 0.01484375 0.034722222222222224
7 0.160546875 0.7166666666666667 0.01015625 0.027777777777777776
7 0.734375 0.5888888888888889 0.00625 0.03888888888888889
7 0.60859375 0.66875 0.0125 0.02361111111111111
7 0.6859375 0.8263888888888888 0.0109375 0.022222222222222223
7 0.7015625 0.8083333333333333 0.009375 0.022222222222222223
7 0.718359375 0.825 0.01015625 0.019444444444444445
7 0.741015625 0.8270833333333333 0.00859375 0.018055555555555554
7 0.7296875 0.8041666666666667 0.009375 0.019444444444444445
7 0.73359375 0.7659722222222223 0.0109375 0.02638888888888889
7 0.7953125 0.7847222222222222 0.0109375 0.025
7 0.68359375 0.7423611111111111 0.0109375 0.02361111111111111
7 0.687890625 0.6965277777777777 0.00859375 0.020833333333333332
7 0.68515625 0.6631944444444444 0.0109375 0.02638888888888889
7 0.679296875 0.6131944444444445 0.00703125 0.029166666666666667
7 0.68046875 0.55 0.00625 0.019444444444444445
7 0.6796875 0.5770833333333333 0.0078125 0.018055555555555554
7 0.210546875 0.4583333333333333 0.00703125 0.030555555555555555
7 0.225390625 0.4583333333333333 0.00703125 0.030555555555555555
7 0.222265625 0.425 0.00703125 0.030555555555555555
7 0.202734375 0.38333333333333336 0.00703125 0.030555555555555555
7 0.103515625 0.4791666666666667 0.00703125 0.030555555555555555
7 0.313671875 0.35555555555555557 0.00703125 0.030555555555555555
7 0.306640625 0.35555555555555557 0.00703125 0.030555555555555555
7 0.32265625 0.4930555555555556 0.0078125 0.019444444444444445
7 0.4015625 0.48194444444444445 0.0078125 0.019444444444444445
7 0.4171875 0.3736111111111111 0.0078125 0.019444444444444445
7 0.4609375 0.24444444444444444 0.0078125 0.019444444444444445
7 0.462890625 0.22013888888888888 0.00703125 0.020833333333333332
7 0.57265625 0.15763888888888888 0.0046875 0.0125
7 0.579296875 0.16041666666666668 0.00390625 0.0125
7 0.60078125 0.11597222222222223 0.0046875 0.015277777777777777
7 0.6859375 0.17222222222222222 0.0046875 0.016666666666666666
7 0.69296875 0.19305555555555556 0.0046875 0.016666666666666666
7 0.7015625 0.14652777777777778 0.0046875 0.015277777777777777
7 0.3890625 0.93125 0.009375 0.02361111111111111
7 0.6484375 0.7201388888888889 0.009375 0.020833333333333332
7 0.687109375 0.7854166666666667 0.01015625 0.02361111111111111
7 0.686328125 0.6375 0.01171875 0.027777777777777776
7 0.8328125 0.6416666666666667 0.0125 0.022222222222222223
7 0.821875 0.69375 0.009375 0.02361111111111111
7 0.81484375 0.7791666666666667 0.0109375 0.025
7 0.846484375 0.7506944444444444 0.01171875 0.02638888888888889
7 0.125390625 0.7 0.01015625 0.027777777777777776
7 0.085546875 0.6652777777777777 0.01015625 0.027777777777777776
7 0.115234375 0.7833333333333333 0.01015625 0.027777777777777776
7 0.21796875 0.6763888888888889 0.0109375 0.027777777777777776
7 0.246875 0.7305555555555555 0.0109375 0.027777777777777776
7 0.75234375 0.32708333333333334 0.0140625 0.03194444444444444
7 0.673046875 0.27291666666666664 0.00703125 0.029166666666666667
7 0.580078125 0.052083333333333336 0.00703125 0.0125
7 0.659765625 0.08125 0.00546875 0.015277777777777777
7 0.662890625 0.09236111111111112 0.00703125 0.015277777777777777
7 0.665234375 0.10486111111111111 0.00703125 0.015277777777777777
7 0.18203125 0.16319444444444445 0.009375 0.015277777777777777
7 0.05078125 0.22291666666666668 0.009375 0.02361111111111111
7 0.60234375 0.10208333333333333 0.00625 0.015277777777777777
