7 0.509375 0.11319444444444444 0.0078125 0.018055555555555554
7 0.460546875 0.22291666666666668 0.01171875 0.029166666666666667
7 0.7046875 0.3486111111111111 0.015625 0.03888888888888889
7 0.588671875 0.15208333333333332 0.00703125 0.03194444444444444
7 0.584765625 0.13333333333333333 0.00546875 0.030555555555555555
7 0.476171875 0.10208333333333333 0.00546875 0.03194444444444444
7 0.484375 0.06319444444444444 0.003125 0.02638888888888889
7 0.478515625 0.06041666666666667 0.00390625 0.02638888888888889
7 0.50390625 0.06111111111111111 0.0078125 0.019444444444444445
7 0.533203125 0.02847222222222222 0.00546875 0.020833333333333332
7 0.539453125 0.04375 0.00546875 0.018055555555555554
7 0.59140625 0.12013888888888889 0.0078125 0.02638888888888889
