7 0.766796875 0.7347222222222223 0.02265625 0.044444444444444446
7 0.296484375 0.25625 0.01953125 0.029166666666666667
7 0.7125 0.7715277777777778 0.0390625 0.04027777777777778
7 0.35546875 0.12083333333333333 0.009375 0.019444444444444445
7 0.529296875 0.12291666666666666 0.01328125 0.029166666666666667
7 0.036328125 0.5854166666666667 0.01796875 0.08194444444444444
7 0.071875 0.5743055555555555 0.0171875 0.08472222222222223
7 0.47421875 0.07152777777777777 0.003125 0.02361111111111111
7 0.4578125 0.07013888888888889 0.0078125 0.020833333333333332
7 0.50234375 0.030555555555555555 0.0078125 0.019444444444444445
7 0.0453125 0.5652777777777778 0.0140625 0.09166666666666666
