7 0.167578125 0.5055555555555555 0.01484375 0.075
7 0.1875 0.5118055555555555 0.015625 0.08194444444444444
7 0.1484375 0.5090277777777777 0.0140625 0.07916666666666666
7 0.568359375 0.61875 0.01484375 0.0625
7 0.573828125 0.6201388888888889 0.01953125 0.06527777777777778
7 0.18359375 0.4951388888888889 0.0140625 0.07916666666666666
7 0.176953125 0.49027777777777776 0.01328125 0.08888888888888889
7 0.486328125 0.05694444444444444 0.00703125 0.025
7 0.53359375 0.10972222222222222 0.00625 0.03333333333333333
7 0.505859375 0.07291666666666667 0.00703125 0.018055555555555554
7 0.45859375 0.059722222222222225 0.009375 0.022222222222222223
