7 0.24609375 0.5555555555555556 0.01875 0.03333333333333333
7 0.6375 0.8881944444444444 0.015625 0.043055555555555555
7 0.70703125 0.1986111111111111 0.0171875 0.027777777777777776
7 0.26484375 0.3770833333333333 0.01875 0.03194444444444444
7 0.76640625 0.5708333333333333 0.0109375 0.030555555555555555
7 0.76953125 0.5194444444444445 0.0171875 0.03333333333333333
7 0.7078125 0.44583333333333336 0.015625 0.027777777777777776
7 0.7109375 0.32013888888888886 0.0171875 0.02638888888888889
7 0.778515625 0.15555555555555556 0.01328125 0.025
7 0.659375 0.26875 0.0125 0.02361111111111111
7 0.680859375 0.18680555555555556 0.01171875 0.02638888888888889
7 0.2546875 0.7131944444444445 0.0140625 0.029166666666666667
7 0.224609375 0.6 0.01171875 0.022222222222222223
7 0.30625 0.31319444444444444 0.0109375 0.029166666666666667
7 0.304296875 0.23194444444444445 0.00859375 0.022222222222222223
7 0.636328125 0.08680555555555555 0.01796875 0.04583333333333333
7 0.684765625 0.3229166666666667 0.01171875 0.03194444444444444
7 0.73984375 0.29444444444444445 0.009375 0.03333333333333333
7 0.33671875 0.06180555555555556 0.0109375 0.02361111111111111
7 0.8453125 0.24444444444444444 0.0140625 0.05
7 0.24609375 0.14097222222222222 0.0171875 0.029166666666666667
7 0.25 0.10486111111111111 0.0171875 0.034722222222222224
