7 0.342578125 0.4 0.01015625 0.016666666666666666
7 0.707421875 0.6298611111111111 0.01015625 0.015277777777777777
7 0.20625 0.6090277777777777 0.0078125 0.034722222222222224
7 0.188671875 0.18819444444444444 0.00703125 0.015277777777777777
7 0.227734375 0.28541666666666665 0.00703125 0.018055555555555554
7 0.222265625 0.3347222222222222 0.01171875 0.016666666666666666
7 0.23984375 0.3333333333333333 0.0078125 0.016666666666666666
7 0.308203125 0.27152777777777776 0.01171875 0.018055555555555554
7 0.316015625 0.20277777777777778 0.00546875 0.016666666666666666
7 0.39140625 0.18333333333333332 0.00625 0.013888888888888888
7 0.403125 0.1840277777777778 0.00625 0.0125
7 0.4296875 0.17083333333333334 0.00625 0.013888888888888888
7 0.440234375 0.17916666666666667 0.00859375 0.013888888888888888
7 0.434765625 0.12152777777777778 0.00703125 0.009722222222222222
7 0.43515625 0.09027777777777778 0.00625 0.013888888888888888
7 0.42890625 0.09097222222222222 0.00625 0.0125
7 0.44296875 0.08055555555555556 0.00625 0.013888888888888888
7 0.417578125 0.35833333333333334 0.01015625 0.016666666666666666
7 0.421484375 0.3055555555555556 0.01015625 0.016666666666666666
7 0.339453125 0.6770833333333334 0.01015625 0.03194444444444444
7 0.5515625 0.37777777777777777 0.0109375 0.019444444444444445
7 0.569140625 0.42916666666666664 0.00703125 0.041666666666666664
7 0.63828125 0.40347222222222223 0.0078125 0.018055555555555554
7 0.6375 0.18125 0.0078125 0.018055555555555554
7 0.68671875 0.16944444444444445 0.0078125 0.013888888888888888
7 0.65859375 0.21458333333333332 0.0078125 0.015277777777777777
7 0.594921875 0.23472222222222222 0.00703125 0.011111111111111112
7 0.69921875 0.3819444444444444 0.009375 0.016666666666666666
7 0.673828125 0.3145833333333333 0.00703125 0.0125
7 0.6203125 0.27569444444444446 0.0078125 0.0125
7 0.518359375 0.10833333333333334 0.00546875 0.011111111111111112
7 0.5234375 0.12986111111111112 0.00625 0.0125
7 0.493359375 0.09583333333333334 0.00703125 0.013888888888888888
7 0.50234375 0.06180555555555556 0.00625 0.009722222222222222
7 0.43828125 0.03333333333333333 0.0046875 0.011111111111111112
7 0.420703125 0.03958333333333333 0.00546875 0.009722222222222222
7 0.1125 0.8444444444444444 0.015625 0.03611111111111111
7 0.125 0.8305555555555556 0.009375 0.041666666666666664
7 0.07109375 0.8201388888888889 0.0109375 0.034722222222222224
7 0.0953125 0.7486111111111111 0.009375 0.030555555555555555
7 0.11640625 0.7006944444444444 0.009375 0.029166666666666667
7 0.17578125 0.06736111111111111 0.00625 0.0125
7 0.192578125 0.015277777777777777 0.00546875 0.013888888888888888
7 0.180859375 0.015277777777777777 0.00546875 0.019444444444444445
7 0.915625 0.12222222222222222 0.0078125 0.016666666666666666
