7 0.54375 0.8708333333333333 0.021875 0.08888888888888889
7 0.488671875 0.47291666666666665 0.01484375 0.05138888888888889
7 0.508203125 0.2881944444444444 0.01328125 0.0375
7 0.552734375 0.1798611111111111 0.01015625 0.02361111111111111
7 0.61875 0.16666666666666666 0.0078125 0.016666666666666666
7 0.5859375 0.17291666666666666 0.0078125 0.018055555555555554
7 0.603125 0.12638888888888888 0.0078125 0.022222222222222223
7 0.628125 0.10277777777777777 0.0078125 0.025
7 0.6078125 0.08958333333333333 0.00625 0.015277777777777777
7 0.601953125 0.0763888888888889 0.00546875 0.013888888888888888
