7 0.473046875 0.8027777777777778 0.02265625 0.06944444444444445
7 0.738671875 0.6236111111111111 0.01796875 0.07222222222222222
7 0.66015625 0.5951388888888889 0.01875 0.059722222222222225
7 0.478515625 0.3861111111111111 0.01328125 0.030555555555555555
7 0.49375 0.5833333333333334 0.0171875 0.06666666666666667
7 0.537890625 0.34930555555555554 0.01171875 0.05138888888888889
7 0.40703125 0.22916666666666666 0.0078125 0.03611111111111111
7 0.51171875 0.37222222222222223 0.0140625 0.03333333333333333
7 0.47734375 0.2326388888888889 0.009375 0.04027777777777778
7 0.44765625 0.1763888888888889 0.0078125 0.025
7 0.515625 0.10625 0.00625 0.029166666666666667
7 0.442578125 0.15347222222222223 0.00859375 0.02638888888888889
7 0.545703125 0.16944444444444445 0.00703125 0.03333333333333333
