7 0.958984375 0.5923611111111111 0.05234375 0.13194444444444445
7 0.436328125 0.6305555555555555 0.04765625 0.1111111111111111
7 0.3875 0.3472222222222222 0.0296875 0.09166666666666666
7 0.42109375 0.2604166666666667 0.0203125 0.06805555555555555
7 0.60078125 0.1076388888888889 0.015625 0.04027777777777778
7 0.58203125 0.09097222222222222 0.0125 0.04027777777777778
7 0.637890625 0.14375 0.01328125 0.043055555555555555
7 0.68671875 0.19236111111111112 0.0203125 0.0625
7 0.5734375 0.175 0.0203125 0.058333333333333334
7 0.559375 0.07430555555555556 0.0140625 0.02638888888888889
7 0.39765625 0.049305555555555554 0.0125 0.034722222222222224
7 0.6890625 0.08611111111111111 0.015625 0.027777777777777776
7 0.650390625 0.175 0.01796875 0.041666666666666664
