7 0.519921875 0.7402777777777778 0.02109375 0.06944444444444445
7 0.33515625 0.6291666666666667 0.0234375 0.05277777777777778
7 0.48359375 0.14791666666666667 0.009375 0.02638888888888889
7 0.4796875 0.21458333333333332 0.0109375 0.029166666666666667
7 0.478515625 0.32569444444444445 0.01484375 0.04027777777777778
7 0.50234375 0.15347222222222223 0.009375 0.02638888888888889
7 0.5796875 0.1388888888888889 0.0078125 0.030555555555555555
7 0.4984375 0.07916666666666666 0.00625 0.030555555555555555
7 0.48984375 0.07916666666666666 0.00625 0.025
7 0.48203125 0.07916666666666666 0.00625 0.025
7 0.559375 0.06041666666666667 0.00625 0.034722222222222224
7 0.539453125 0.022916666666666665 0.00390625 0.018055555555555554
7 0.490625 0.08680555555555555 0.0078125 0.018055555555555554
7 0.57109375 0.12083333333333333 0.0078125 0.03611111111111111
