7 0.487890625 0.41388888888888886 0.04140625 0.11388888888888889
7 0.312890625 0.5333333333333333 0.03984375 0.12777777777777777
7 0.5359375 0.20416666666666666 0.0203125 0.06111111111111111
7 0.961328125 0.5854166666666667 0.05078125 0.14583333333333334
7 0.320703125 0.1 0.01796875 0.03888888888888889
7 0.68828125 0.28402777777777777 0.028125 0.08194444444444444
7 0.5578125 0.10416666666666667 0.0140625 0.04722222222222222
7 0.50703125 0.06180555555555556 0.0140625 0.03194444444444444
7 0.526171875 0.06319444444444444 0.01328125 0.034722222222222224
7 0.48046875 0.059027777777777776 0.0140625 0.0375
7 0.3171875 0.5347222222222222 0.0390625 0.10833333333333334
7 0.320703125 0.015277777777777777 0.01015625 0.027777777777777776
7 0.481640625 0.05763888888888889 0.01328125 0.029166666666666667
