7 0.33359375 0.22708333333333333 0.0234375 0.07083333333333333
7 0.34921875 0.5041666666666667 0.0421875 0.11666666666666667
7 0.928125 0.4673611111111111 0.0421875 0.10138888888888889
7 0.283203125 0.034027777777777775 0.01484375 0.04027777777777778
7 0.919140625 0.5506944444444445 0.04296875 0.13472222222222222
7 0.626953125 0.12083333333333333 0.01484375 0.041666666666666664
7 0.537890625 0.03611111111111111 0.01484375 0.030555555555555555
7 0.586328125 0.027083333333333334 0.00859375 0.05416666666666667
7 0.574609375 0.030555555555555555 0.00859375 0.04722222222222222
7 0.34921875 0.5145833333333333 0.0421875 0.11805555555555555
7 0.938671875 0.5736111111111111 0.04296875 0.13333333333333333
