7 0.673828125 0.8444444444444444 0.01953125 0.03611111111111111
7 0.49453125 0.17708333333333334 0.0109375 0.020833333333333332
7 0.20546875 0.65 0.0078125 0.04722222222222222
7 0.552734375 0.49027777777777776 0.01484375 0.03888888888888889
7 0.666015625 0.4076388888888889 0.01328125 0.029166666666666667
7 0.675390625 0.43472222222222223 0.01015625 0.030555555555555555
7 0.56328125 0.1451388888888889 0.009375 0.018055555555555554
7 0.55078125 0.125 0.009375 0.019444444444444445
7 0.513671875 0.11527777777777778 0.00859375 0.025
7 0.51328125 0.09097222222222222 0.0078125 0.015277777777777777
7 0.44453125 0.06041666666666667 0.009375 0.020833333333333332
7 0.437109375 0.020833333333333332 0.00859375 0.019444444444444445
7 0.31640625 0.3645833333333333 0.0140625 0.029166666666666667
7 0.303515625 0.17847222222222223 0.01171875 0.020833333333333332
7 0.33515625 0.09930555555555555 0.009375 0.020833333333333332
7 0.321875 0.06597222222222222 0.00625 0.015277777777777777
7 0.32109375 0.04652777777777778 0.00625 0.018055555555555554
7 0.681640625 0.18055555555555555 0.01171875 0.03333333333333333
7 0.22421875 0.6569444444444444 0.0109375 0.04722222222222222
7 0.27109375 0.6347222222222222 0.009375 0.05
7 0.281640625 0.63125 0.01171875 0.04861111111111111
7 0.257421875 0.6111111111111112 0.00703125 0.03611111111111111
7 0.262890625 0.6131944444444445 0.00859375 0.04583333333333333
7 0.262109375 0.5736111111111111 0.01015625 0.03611111111111111
7 0.2828125 0.5409722222222222 0.0109375 0.02638888888888889
7 0.142578125 0.2798611111111111 0.01015625 0.02361111111111111
7 0.134375 0.24097222222222223 0.0109375 0.020833333333333332
7 0.1328125 0.21666666666666667 0.009375 0.022222222222222223
7 0.15625 0.11180555555555556 0.00625 0.018055555555555554
7 0.153515625 0.09375 0.00703125 0.02361111111111111
7 0.144921875 0.02847222222222222 0.00703125 0.03194444444444444
7 0.13984375 0.01875 0.00625 0.029166666666666667
7 0.517578125 0.04236111111111111 0.01015625 0.018055555555555554
7 0.67890625 0.43819444444444444 0.0125 0.02361111111111111
