7 0.61953125 0.7833333333333333 0.015625 0.03333333333333333
7 0.041015625 0.6055555555555555 0.02109375 0.027777777777777776
7 0.081640625 0.5451388888888888 0.01640625 0.029166666666666667
7 0.112890625 0.40347222222222223 0.01484375 0.02361111111111111
7 0.195703125 0.35 0.01484375 0.025
7 0.16171875 0.31875 0.015625 0.02638888888888889
7 0.201953125 0.7111111111111111 0.01796875 0.03888888888888889
7 0.30390625 0.4131944444444444 0.0125 0.03194444444444444
7 0.278515625 0.18958333333333333 0.01484375 0.020833333333333332
7 0.31796875 0.16111111111111112 0.0140625 0.022222222222222223
7 0.324609375 0.125 0.01015625 0.016666666666666666
7 0.407421875 0.17708333333333334 0.01328125 0.02638888888888889
7 0.422265625 0.6472222222222223 0.01328125 0.027777777777777776
7 0.387890625 0.6493055555555556 0.01015625 0.020833333333333332
7 0.40390625 0.6472222222222223 0.0125 0.027777777777777776
7 0.49609375 0.6666666666666666 0.0140625 0.03333333333333333
7 0.4375 0.5902777777777778 0.0109375 0.019444444444444445
7 0.447265625 0.5666666666666667 0.00859375 0.022222222222222223
7 0.459375 0.5840277777777778 0.0109375 0.018055555555555554
7 0.4671875 0.5590277777777778 0.0078125 0.020833333333333332
7 0.480078125 0.5333333333333333 0.01015625 0.025
7 0.505078125 0.5347222222222222 0.01171875 0.025
7 0.519140625 0.5208333333333334 0.01015625 0.025
7 0.608203125 0.48541666666666666 0.01171875 0.02361111111111111
7 0.618359375 0.4791666666666667 0.01640625 0.022222222222222223
7 0.635546875 0.5847222222222223 0.01015625 0.030555555555555555
7 0.68203125 0.7847222222222222 0.0125 0.030555555555555555
7 0.69453125 0.6076388888888888 0.009375 0.018055555555555554
7 0.703515625 0.51875 0.00703125 0.03194444444444444
7 0.87265625 0.7069444444444445 0.0140625 0.022222222222222223
7 0.882421875 0.8125 0.01171875 0.025
7 0.855859375 0.5743055555555555 0.01171875 0.02638888888888889
7 0.83984375 0.5041666666666667 0.009375 0.027777777777777776
7 0.83125 0.3993055555555556 0.0109375 0.020833333333333332
7 0.766796875 0.48055555555555557 0.01171875 0.025
7 0.770703125 0.4395833333333333 0.00859375 0.018055555555555554
7 0.805078125 0.34652777777777777 0.01171875 0.02361111111111111
7 0.83515625 0.25625 0.009375 0.020833333333333332
7 0.891796875 0.36666666666666664 0.00859375 0.022222222222222223
7 0.905859375 0.5006944444444444 0.00859375 0.020833333333333332
7 0.90390625 0.23472222222222222 0.0078125 0.044444444444444446
7 0.825 0.13958333333333334 0.0046875 0.020833333333333332
7 0.7984375 0.1673611111111111 0.00625 0.018055555555555554
7 0.881640625 0.05347222222222222 0.00546875 0.018055555555555554
7 0.792578125 0.2923611111111111 0.01171875 0.018055555555555554
7 0.924609375 0.37430555555555556 0.00859375 0.04583333333333333
7 0.854296875 0.5416666666666666 0.00703125 0.019444444444444445
7 0.59765625 0.6347222222222222 0.0109375 0.027777777777777776
7 0.6296875 0.6111111111111112 0.0109375 0.025
7 0.430859375 0.6222222222222222 0.01328125 0.025
7 0.153515625 0.2791666666666667 0.01171875 0.030555555555555555
7 0.0859375 0.3729166666666667 0.015625 0.059722222222222225
7 0.266015625 0.13125 0.00859375 0.043055555555555555
7 0.403125 0.018055555555555554 0.0078125 0.019444444444444445
7 0.924609375 0.37430555555555556 0.00859375 0.04583333333333333
7 0.4265625 0.027777777777777776 0.0078125 0.019444444444444445
7 0.41953125 0.10833333333333334 0.009375 0.022222222222222223
7 0.5734375 0.29097222222222224 0.009375 0.018055555555555554
7 0.52890625 0.27847222222222223 0.009375 0.018055555555555554
7 0.486328125 0.17222222222222222 0.00703125 0.016666666666666666
7 0.494921875 0.16180555555555556 0.00703125 0.018055555555555554
7 0.523046875 0.12708333333333333 0.00703125 0.018055555555555554
7 0.619921875 0.11875 0.00703125 0.018055555555555554
7 0.73046875 0.23402777777777778 0.0078125 0.018055555555555554
7 0.708203125 0.23541666666666666 0.00859375 0.018055555555555554
7 0.726171875 0.022222222222222223 0.00546875 0.019444444444444445
7 0.54921875 0.3819444444444444 0.0078125 0.022222222222222223
7 0.9359375 0.7340277777777777 0.0140625 0.04861111111111111
7 0.579296875 0.019444444444444445 0.01015625 0.019444444444444445
7 0.52109375 0.26666666666666666 0.0109375 0.027777777777777776
7 0.75546875 0.10486111111111111 0.0078125 0.04027777777777778
7 0.763671875 0.09861111111111111 0.00703125 0.03888888888888889
7 0.75234375 0.08194444444444444 0.0078125 0.019444444444444445
7 0.903515625 0.016666666666666666 0.00703125 0.027777777777777776
