7 0.18671875 0.5604166666666667 0.0125 0.08194444444444444
7 0.1546875 0.5847222222222223 0.0171875 0.08055555555555556
7 0.542578125 0.28194444444444444 0.01171875 0.03333333333333333
7 0.172265625 0.5548611111111111 0.01171875 0.07916666666666666
7 0.162109375 0.575 0.01484375 0.07777777777777778
7 0.180859375 0.5743055555555555 0.01484375 0.08194444444444444
7 0.16640625 0.5631944444444444 0.015625 0.08472222222222223
7 0.3703125 0.17916666666666667 0.009375 0.022222222222222223
7 0.464453125 0.06111111111111111 0.00703125 0.016666666666666666
7 0.458203125 0.15763888888888888 0.01015625 0.018055555555555554
7 0.49765625 0.14375 0.0078125 0.015277777777777777
7 0.51796875 0.1625 0.00625 0.027777777777777776
