7 0.31953125 0.5229166666666667 0.01875 0.05138888888888889
7 0.42890625 0.36527777777777776 0.0109375 0.044444444444444446
7 0.4984375 0.44305555555555554 0.015625 0.05277777777777778
7 0.390625 0.3347222222222222 0.0140625 0.044444444444444446
7 0.419921875 0.23541666666666666 0.00703125 0.043055555555555555
7 0.445703125 0.12430555555555556 0.00703125 0.018055555555555554
7 0.486328125 0.09444444444444444 0.00703125 0.013888888888888888
7 0.4796875 0.06736111111111111 0.00625 0.0125
7 0.4765625 0.052083333333333336 0.0078125 0.0125
7 0.433984375 0.11458333333333333 0.00703125 0.029166666666666667
