7 0.236328125 0.5097222222222222 0.01640625 0.08333333333333333
7 0.681640625 0.4083333333333333 0.01796875 0.05555555555555555
7 0.218359375 0.5069444444444444 0.01328125 0.075
7 0.334375 0.33819444444444446 0.015625 0.05138888888888889
7 0.203515625 0.5090277777777777 0.01328125 0.08194444444444444
7 0.62734375 0.34375 0.0171875 0.04861111111111111
7 0.235546875 0.49722222222222223 0.01484375 0.08055555555555556
7 0.22578125 0.4909722222222222 0.0125 0.08194444444444444
7 0.400390625 0.15625 0.01171875 0.034722222222222224
7 0.443359375 0.09444444444444444 0.00859375 0.022222222222222223
7 0.54609375 0.09305555555555556 0.0078125 0.016666666666666666
7 0.58046875 0.11180555555555556 0.0078125 0.029166666666666667
7 0.587109375 0.11180555555555556 0.00546875 0.029166666666666667
7 0.61171875 0.19722222222222222 0.0109375 0.025
