7 0.13671875 0.6930555555555555 0.009375 0.041666666666666664
7 0.115234375 0.8180555555555555 0.01015625 0.019444444444444445
7 0.520703125 0.13402777777777777 0.00703125 0.0125
7 0.144921875 0.8847222222222222 0.01015625 0.05555555555555555
7 0.20859375 0.4201388888888889 0.0109375 0.04027777777777778
7 0.41953125 0.3715277777777778 0.009375 0.02361111111111111
7 0.696484375 0.2722222222222222 0.00859375 0.016666666666666666
7 0.703125 0.22291666666666668 0.0078125 0.018055555555555554
7 0.561328125 0.2076388888888889 0.00703125 0.0125
7 0.73359375 0.18611111111111112 0.00625 0.025
7 0.6984375 0.16180555555555556 0.0078125 0.018055555555555554
7 0.735546875 0.2826388888888889 0.00703125 0.018055555555555554
7 0.151171875 0.6951388888888889 0.01484375 0.04583333333333333
7 0.13125 0.6576388888888889 0.0125 0.04861111111111111
7 0.606640625 0.041666666666666664 0.00703125 0.011111111111111112
7 0.22109375 0.49583333333333335 0.0109375 0.027777777777777776
7 0.283203125 0.3277777777777778 0.00703125 0.027777777777777776
7 0.27421875 0.3263888888888889 0.009375 0.03611111111111111
7 0.907421875 0.9798611111111111 0.01328125 0.02638888888888889
7 0.67265625 0.33958333333333335 0.009375 0.02361111111111111
7 0.9671875 0.5868055555555556 0.009375 0.034722222222222224
