7 0.199609375 0.3770833333333333 0.02265625 0.02638888888888889
7 0.446484375 0.0875 0.01953125 0.030555555555555555
7 0.98359375 0.9465277777777777 0.0328125 0.043055555555555555
7 0.421875 0.0798611111111111 0.01875 0.029166666666666667
7 0.64765625 0.7513888888888889 0.0328125 0.04722222222222222
7 0.1828125 0.22569444444444445 0.0171875 0.03194444444444444
7 0.25546875 0.21458333333333332 0.021875 0.04027777777777778
7 0.436328125 0.1284722222222222 0.01640625 0.034722222222222224
7 0.25703125 0.9444444444444444 0.0265625 0.03611111111111111
7 0.210546875 0.1951388888888889 0.01640625 0.029166666666666667
7 0.6328125 0.5722222222222222 0.025 0.04722222222222222
7 0.730859375 0.8361111111111111 0.02421875 0.04722222222222222
7 0.610546875 0.9708333333333333 0.03515625 0.05555555555555555
7 0.54453125 0.18263888888888888 0.0125 0.034722222222222224
7 0.57578125 0.11597222222222223 0.0171875 0.029166666666666667
7 0.098828125 0.2902777777777778 0.01796875 0.05555555555555555
