7 0.098046875 0.5631944444444444 0.01640625 0.0763888888888889
7 0.081640625 0.5625 0.01328125 0.08611111111111111
7 0.76015625 0.8340277777777778 0.028125 0.0763888888888889
7 0.12109375 0.5611111111111111 0.0171875 0.08333333333333333
7 0.108203125 0.54375 0.01171875 0.08472222222222223
7 0.11953125 0.5479166666666667 0.015625 0.07916666666666666
7 0.1015625 0.5479166666666667 0.0140625 0.0875
7 0.472265625 0.15486111111111112 0.00703125 0.03194444444444444
7 0.476953125 0.1527777777777778 0.00546875 0.03333333333333333
7 0.5296875 0.27291666666666664 0.0140625 0.04027777777777778
7 0.538671875 0.41597222222222224 0.01484375 0.043055555555555555
