7 0.407421875 0.9020833333333333 0.01015625 0.0375
7 0.794140625 0.7527777777777778 0.01171875 0.030555555555555555
7 0.6328125 0.8743055555555556 0.009375 0.020833333333333332
7 0.750390625 0.7666666666666667 0.00703125 0.022222222222222223
7 0.788671875 0.6256944444444444 0.01015625 0.020833333333333332
7 0.7734375 0.5972222222222222 0.009375 0.025
7 0.781640625 0.5743055555555555 0.01015625 0.020833333333333332
7 0.794921875 0.5777777777777777 0.01015625 0.025
7 0.225390625 0.8611111111111112 0.01015625 0.041666666666666664
7 0.240625 0.8506944444444444 0.0125 0.0375
7 0.114453125 0.7784722222222222 0.01015625 0.034722222222222224
7 0.12109375 0.7729166666666667 0.009375 0.02638888888888889
7 0.2 0.6104166666666667 0.0109375 0.02638888888888889
7 0.231640625 0.5694444444444444 0.01015625 0.030555555555555555
7 0.223828125 0.5680555555555555 0.01015625 0.027777777777777776
7 0.477734375 0.11527777777777778 0.00390625 0.011111111111111112
7 0.684375 0.3229166666666667 0.0046875 0.015277777777777777
7 0.66953125 0.29583333333333334 0.0046875 0.011111111111111112
7 0.580859375 0.12361111111111112 0.00546875 0.011111111111111112
7 0.5890625 0.09583333333333334 0.00625 0.016666666666666666
7 0.577734375 0.07430555555555556 0.00546875 0.0125
7 0.5140625 0.9333333333333333 0.009375 0.027777777777777776
7 0.520703125 0.9340277777777778 0.00859375 0.02638888888888889
7 0.812109375 0.9125 0.01328125 0.027777777777777776
7 0.792578125 0.7986111111111112 0.01328125 0.022222222222222223
7 0.840234375 0.6902777777777778 0.01015625 0.041666666666666664
7 0.779296875 0.5361111111111111 0.01015625 0.022222222222222223
7 0.771875 0.4979166666666667 0.009375 0.015277777777777777
7 0.601953125 0.5305555555555556 0.00859375 0.019444444444444445
7 0.08515625 0.7597222222222222 0.0125 0.03611111111111111
7 0.192578125 0.46041666666666664 0.00859375 0.03194444444444444
7 0.16953125 0.40347222222222223 0.009375 0.029166666666666667
7 0.345703125 0.2875 0.00703125 0.025
7 0.32578125 0.29305555555555557 0.0109375 0.019444444444444445
7 0.4140625 0.22291666666666668 0.0046875 0.02361111111111111
7 0.484375 0.004166666666666667 0.00625 0.008333333333333333
7 0.715625 0.3125 0.009375 0.022222222222222223
