7 0.1390625 0.4638888888888889 0.0140625 0.075
7 0.15703125 0.4638888888888889 0.0140625 0.08055555555555556
7 0.75 0.6319444444444444 0.0265625 0.06944444444444445
7 0.11953125 0.4666666666666667 0.0125 0.08333333333333333
7 0.603125 0.33958333333333335 0.015625 0.04583333333333333
7 0.33046875 0.2826388888888889 0.009375 0.043055555555555555
7 0.6859375 0.4166666666666667 0.015625 0.05555555555555555
7 0.1625 0.45416666666666666 0.0140625 0.08055555555555556
7 0.14140625 0.45625 0.0125 0.08194444444444444
7 0.1421875 0.44375 0.0171875 0.08194444444444444
7 0.469140625 0.03125 0.00859375 0.018055555555555554
7 0.475390625 0.019444444444444445 0.00546875 0.019444444444444445
7 0.474609375 0.2763888888888889 0.01328125 0.03333333333333333
