7 0.306640625 0.47291666666666665 0.02421875 0.05694444444444444
7 0.651171875 0.5673611111111111 0.01640625 0.04027777777777778
7 0.847265625 0.5888888888888889 0.01796875 0.04722222222222222
7 0.83515625 0.575 0.015625 0.06388888888888888
7 0.548828125 0.36736111111111114 0.01328125 0.04583333333333333
7 0.46953125 0.09236111111111112 0.0078125 0.018055555555555554
7 0.03046875 0.6104166666666667 0.01875 0.0875
7 0.073828125 0.6013888888888889 0.01953125 0.08611111111111111
7 0.49140625 0.13680555555555557 0.0140625 0.02361111111111111
7 0.448828125 0.09305555555555556 0.00859375 0.019444444444444445
7 0.51015625 0.03194444444444444 0.00625 0.016666666666666666
7 0.0484375 0.6104166666666667 0.0171875 0.09583333333333334
7 0.05703125 0.5916666666666667 0.015625 0.08888888888888889
7 0.079296875 0.5736111111111111 0.01328125 0.05
