7 0.17890625 0.5152777777777777 0.01875 0.08611111111111111
7 0.840625 0.7833333333333333 0.028125 0.07222222222222222
7 0.146484375 0.5166666666666667 0.01328125 0.08055555555555556
7 0.161328125 0.5152777777777777 0.01328125 0.075
7 0.353515625 0.16458333333333333 0.01015625 0.02638888888888889
7 0.181640625 0.5027777777777778 0.01640625 0.08333333333333333
7 0.172265625 0.4965277777777778 0.01484375 0.08194444444444444
7 0.164453125 0.5034722222222222 0.01484375 0.08194444444444444
7 0.533203125 0.125 0.00703125 0.03333333333333333
7 0.523828125 0.11458333333333333 0.00703125 0.02638888888888889
7 0.44453125 0.05763888888888889 0.00625 0.018055555555555554
