7 0.296875 0.5819444444444445 0.021875 0.06388888888888888
7 0.50625 0.41041666666666665 0.0140625 0.05416666666666667
7 0.378515625 0.37222222222222223 0.01328125 0.041666666666666664
7 0.40859375 0.42916666666666664 0.015625 0.04722222222222222
7 0.50859375 0.10138888888888889 0.00625 0.025
7 0.48203125 0.11597222222222223 0.00625 0.02638888888888889
7 0.438671875 0.11388888888888889 0.00703125 0.019444444444444445
7 0.486328125 0.08680555555555555 0.00859375 0.009722222222222222
7 0.480078125 0.06319444444444444 0.00859375 0.009722222222222222
7 0.446875 0.1361111111111111 0.009375 0.019444444444444445
