7 0.404296875 0.1451388888888889 0.01640625 0.05416666666666667
7 0.4390625 0.15069444444444444 0.01875 0.06527777777777778
7 0.765234375 0.35694444444444445 0.03359375 0.10555555555555556
7 0.7109375 0.2263888888888889 0.021875 0.058333333333333334
7 0.794921875 0.3284722222222222 0.03359375 0.10694444444444444
7 0.565625 0.0625 0.0109375 0.05277777777777778
7 0.428515625 0.041666666666666664 0.01171875 0.03611111111111111
7 0.66796875 0.2013888888888889 0.0203125 0.06388888888888888
7 0.40390625 0.04236111111111111 0.0125 0.04027777777777778
7 0.446875 0.029166666666666667 0.0140625 0.03333333333333333
7 0.712109375 0.24097222222222223 0.02578125 0.07361111111111111
7 0.82109375 0.17083333333333334 0.0265625 0.04722222222222222
