7 0.316015625 0.8277777777777777 0.01015625 0.03611111111111111
7 0.501171875 0.7951388888888888 0.01171875 0.029166666666666667
7 0.36328125 0.6006944444444444 0.009375 0.029166666666666667
7 0.526171875 0.3638888888888889 0.00703125 0.013888888888888888
7 0.57734375 0.3590277777777778 0.009375 0.034722222222222224
7 0.55703125 0.2847222222222222 0.00625 0.013888888888888888
7 0.526171875 0.20208333333333334 0.00703125 0.015277777777777777
7 0.51640625 0.06597222222222222 0.0046875 0.0125
7 0.525390625 0.07013888888888889 0.00390625 0.0125
7 0.527734375 0.05416666666666667 0.00390625 0.011111111111111112
7 0.5171875 0.02847222222222222 0.0046875 0.0125
7 0.50703125 0.05694444444444444 0.0046875 0.011111111111111112
7 0.4203125 0.3347222222222222 0.0078125 0.019444444444444445
7 0.4078125 0.42083333333333334 0.0078125 0.019444444444444445
7 0.31953125 0.33611111111111114 0.0078125 0.019444444444444445
7 0.321875 0.2708333333333333 0.0078125 0.019444444444444445
7 0.30703125 0.2361111111111111 0.0078125 0.019444444444444445
7 0.4359375 0.15763888888888888 0.00625 0.015277777777777777
7 0.461328125 0.15694444444444444 0.00546875 0.016666666666666666
7 0.44296875 0.11319444444444444 0.00625 0.015277777777777777
7 0.464453125 0.034722222222222224 0.00390625 0.011111111111111112
7 0.452734375 0.03680555555555556 0.00390625 0.0125
7 0.39375 0.12152777777777778 0.00625 0.015277777777777777
7 0.43515625 0.017361111111111112 0.0046875 0.0125
7 0.231640625 0.2326388888888889 0.00546875 0.018055555555555554
7 0.208984375 0.24166666666666667 0.00546875 0.019444444444444445
7 0.212109375 0.18263888888888888 0.00546875 0.018055555555555554
7 0.223828125 0.7909722222222222 0.01015625 0.034722222222222224
7 0.250390625 0.7479166666666667 0.01015625 0.034722222222222224
7 0.26015625 0.6861111111111111 0.009375 0.03611111111111111
7 0.30625 0.5090277777777777 0.009375 0.029166666666666667
7 0.737890625 0.7659722222222223 0.00859375 0.02638888888888889
7 0.648828125 0.3333333333333333 0.00546875 0.016666666666666666
7 0.583984375 0.36041666666666666 0.00703125 0.034722222222222224
7 0.140625 0.9319444444444445 0.0140625 0.03333333333333333
7 0.148828125 0.7534722222222222 0.01015625 0.04027777777777778
7 0.128515625 0.8916666666666667 0.01015625 0.041666666666666664
7 0.134375 0.6604166666666667 0.0109375 0.04027777777777778
7 0.1625 0.5416666666666666 0.009375 0.03333333333333333
7 0.613671875 0.17152777777777778 0.00703125 0.018055555555555554
7 0.69375 0.08958333333333333 0.0078125 0.018055555555555554
7 0.66640625 0.13958333333333334 0.0078125 0.018055555555555554
7 0.711328125 0.8277777777777777 0.01015625 0.027777777777777776
7 0.74296875 0.8881944444444444 0.00625 0.02638888888888889
7 0.925 0.029166666666666667 0.00625 0.016666666666666666
