7 0.814453125 0.48974763406940064 0.02265625 0.12145110410094637
7 0.28203125 0.5709779179810726 0.034375 0.13564668769716087
7 0.33984375 0.4503154574132492 0.0328125 0.11514195583596215
7 0.2125 0.832807570977918 0.0578125 0.15141955835962145
7 0.69453125 0.11356466876971609 0.0125 0.031545741324921134
7 0.1421875 0.7657728706624606 0.05625 0.17823343848580442
7 0.676953125 0.11435331230283911 0.01328125 0.02996845425867508
7 0.662890625 0.13012618296529968 0.01484375 0.03627760252365931
7 0.4765625 0.061514195583596214 0.0109375 0.04100946372239748
7 0.65546875 0.08832807570977919 0.0125 0.03785488958990536
7 0.339453125 0.45110410094637227 0.03359375 0.11041009463722397
7 0.52109375 0.0946372239747634 0.0140625 0.03470031545741325
7 0.66328125 0.04022082018927445 0.0140625 0.02996845425867508
7 0.827734375 0.4802839116719243 0.03671875 0.0804416403785489
