7 0.669140625 0.21687697160883282 0.01953125 0.0804416403785489
7 0.83671875 0.4037854889589905 0.0296875 0.11987381703470032
7 0.88046875 0.4061514195583596 0.034375 0.12145110410094637
7 0.7359375 0.47791798107255523 0.0421875 0.13249211356466878
7 0.7484375 0.08201892744479496 0.0171875 0.04100946372239748
7 0.704296875 0.08990536277602523 0.01484375 0.06309148264984227
7 0.5015625 0.030757097791798107 0.0125 0.04258675078864353
7 0.73671875 0.5023659305993691 0.040625 0.15930599369085174
7 0.881640625 0.41246056782334384 0.03515625 0.11198738170347003
7 0.4109375 0.10646687697160884 0.0140625 0.083596214511041
