7 0.3734375 0.44027777777777777 0.015625 0.08333333333333333
7 0.705078125 0.24097222222222223 0.01328125 0.04027777777777778
7 0.744140625 0.44027777777777777 0.01796875 0.04722222222222222
7 0.3640625 0.42291666666666666 0.0109375 0.07916666666666666
7 0.349609375 0.4465277777777778 0.01328125 0.07083333333333333
7 0.3796875 0.4270833333333333 0.0125 0.08194444444444444
7 0.35625 0.42916666666666664 0.0125 0.08333333333333333
7 0.53984375 0.07569444444444444 0.009375 0.029166666666666667
7 0.6625 0.024305555555555556 0.0078125 0.02361111111111111
7 0.715234375 0.04513888888888889 0.00703125 0.03194444444444444
7 0.720703125 0.05138888888888889 0.00703125 0.03333333333333333
7 0.73515625 0.1284722222222222 0.009375 0.034722222222222224
