7 0.215625 0.5770833333333333 0.0171875 0.08472222222222223
7 0.276953125 0.5354166666666667 0.01484375 0.07916666666666666
7 0.19765625 0.5756944444444444 0.0125 0.07916666666666666
7 0.187109375 0.5833333333333334 0.01328125 0.075
7 0.206640625 0.5513888888888889 0.01484375 0.08055555555555556
7 0.2015625 0.5604166666666667 0.015625 0.08194444444444444
7 0.528125 0.08194444444444444 0.0078125 0.016666666666666666
7 0.493359375 0.059027777777777776 0.00546875 0.015277777777777777
7 0.48359375 0.06666666666666667 0.00625 0.016666666666666666
7 0.47578125 0.0798611111111111 0.0078125 0.018055555555555554
7 0.4828125 0.1451388888888889 0.0078125 0.02361111111111111
7 0.54140625 0.15625 0.009375 0.02638888888888889
7 0.554296875 0.16597222222222222 0.00703125 0.029166666666666667
