7 0.1015625 0.13402777777777777 0.01875 0.02361111111111111
7 0.1046875 0.0798611111111111 0.0171875 0.04861111111111111
7 0.805859375 0.7888888888888889 0.02109375 0.027777777777777776
7 0.874609375 0.6576388888888889 0.01484375 0.04027777777777778
7 0.88515625 0.47847222222222224 0.0140625 0.0375
7 0.937109375 0.37916666666666665 0.01484375 0.03333333333333333
7 0.945703125 0.2625 0.01484375 0.041666666666666664
7 0.877734375 0.1736111111111111 0.01171875 0.027777777777777776
7 0.68828125 0.12013888888888889 0.0109375 0.02361111111111111
7 0.669140625 0.09513888888888888 0.01171875 0.029166666666666667
7 0.431640625 0.24444444444444444 0.01171875 0.025
7 0.37109375 0.44375 0.0125 0.03194444444444444
7 0.611328125 0.20902777777777778 0.01328125 0.03194444444444444
7 0.636328125 0.33611111111111114 0.01171875 0.027777777777777776
7 0.643359375 0.30972222222222223 0.01484375 0.03611111111111111
7 0.6640625 0.27291666666666664 0.01875 0.0375
7 0.006640625 0.31875 0.00859375 0.029166666666666667
7 0.259765625 0.7583333333333333 0.01484375 0.03611111111111111
7 0.48828125 0.7222222222222222 0.009375 0.022222222222222223
7 0.520703125 0.7368055555555556 0.01484375 0.034722222222222224
7 0.44375 0.7833333333333333 0.0171875 0.030555555555555555
7 0.696484375 0.5076388888888889 0.01640625 0.034722222222222224
7 0.696875 0.4756944444444444 0.0140625 0.03194444444444444
7 0.255078125 0.3326388888888889 0.01328125 0.034722222222222224
7 0.275 0.3104166666666667 0.0109375 0.02361111111111111
7 0.287109375 0.28125 0.01171875 0.034722222222222224
7 0.125 0.08888888888888889 0.0171875 0.03611111111111111
7 0.416015625 0.6777777777777778 0.01640625 0.030555555555555555
7 0.608984375 0.47638888888888886 0.01640625 0.03333333333333333
7 0.35234375 0.08680555555555555 0.0125 0.029166666666666667
7 0.416015625 0.08958333333333333 0.01328125 0.02361111111111111
7 0.571875 0.7097222222222223 0.0171875 0.027777777777777776
7 0.048828125 0.14097222222222222 0.01171875 0.034722222222222224
7 0.269140625 0.6284722222222222 0.01015625 0.03194444444444444
