7 0.71796875 0.8284722222222223 0.0171875 0.043055555555555555
7 0.953125 0.5201388888888889 0.0171875 0.05694444444444444
7 0.58046875 0.5791666666666667 0.009375 0.05
7 0.872265625 0.3541666666666667 0.01640625 0.030555555555555555
7 0.696875 0.51875 0.0125 0.0375
7 0.69375 0.4166666666666667 0.015625 0.03333333333333333
7 0.7140625 0.43680555555555556 0.009375 0.034722222222222224
7 0.72578125 0.33819444444444446 0.0109375 0.034722222222222224
7 0.93984375 0.23333333333333334 0.009375 0.027777777777777776
7 0.713671875 0.6583333333333333 0.01640625 0.03611111111111111
7 0.315625 0.48680555555555555 0.0109375 0.02638888888888889
7 0.55703125 0.5972222222222222 0.0109375 0.04722222222222222
7 0.5671875 0.5916666666666667 0.0109375 0.05277777777777778
7 0.588671875 0.5729166666666666 0.00859375 0.05138888888888889
7 0.626953125 0.46875 0.00859375 0.04583333333333333
7 0.6296875 0.44722222222222224 0.009375 0.025
7 0.648046875 0.4736111111111111 0.00859375 0.041666666666666664
7 0.53203125 0.010416666666666666 0.0078125 0.020833333333333332
7 0.662890625 0.019444444444444445 0.00859375 0.022222222222222223
7 0.675 0.034027777777777775 0.009375 0.020833333333333332
7 0.67890625 0.06597222222222222 0.009375 0.020833333333333332
7 0.6671875 0.38333333333333336 0.0109375 0.05
7 0.94609375 0.12083333333333333 0.0125 0.019444444444444445
