7 0.3859375 0.7458333333333333 0.0109375 0.027777777777777776
7 0.428125 0.7090277777777778 0.0125 0.029166666666666667
7 0.597265625 0.8715277777777778 0.01015625 0.02638888888888889
7 0.397265625 0.7625 0.01171875 0.030555555555555555
7 0.40546875 0.6784722222222223 0.0109375 0.03194444444444444
7 0.37890625 0.6326388888888889 0.0109375 0.029166666666666667
7 0.43515625 0.6270833333333333 0.0125 0.029166666666666667
7 0.43984375 0.5722222222222222 0.0109375 0.022222222222222223
7 0.38203125 0.5368055555555555 0.0109375 0.02638888888888889
7 0.380859375 0.5048611111111111 0.01015625 0.020833333333333332
7 0.36953125 0.47430555555555554 0.009375 0.02361111111111111
7 0.518359375 0.42083333333333334 0.00703125 0.022222222222222223
7 0.528125 0.4111111111111111 0.00625 0.016666666666666666
7 0.501171875 0.35625 0.00859375 0.02361111111111111
7 0.51171875 0.29375 0.0046875 0.0125
7 0.506640625 0.28680555555555554 0.00703125 0.015277777777777777
7 0.340625 0.31875 0.0046875 0.015277777777777777
7 0.35 0.3173611111111111 0.00625 0.018055555555555554
7 0.3578125 0.30694444444444446 0.0046875 0.016666666666666666
7 0.3640625 0.3125 0.00625 0.019444444444444445
7 0.3734375 0.3215277777777778 0.00625 0.020833333333333332
7 0.58203125 0.5861111111111111 0.0125 0.022222222222222223
7 0.633984375 0.6006944444444444 0.01328125 0.02638888888888889
7 0.668359375 0.5673611111111111 0.01015625 0.015277777777777777
7 0.680078125 0.6090277777777777 0.01171875 0.018055555555555554
7 0.603125 0.41944444444444445 0.009375 0.016666666666666666
7 0.6296875 0.4909722222222222 0.0078125 0.015277777777777777
7 0.615234375 0.3597222222222222 0.00859375 0.030555555555555555
7 0.63984375 0.36180555555555555 0.009375 0.029166666666666667
7 0.690625 0.4305555555555556 0.009375 0.03611111111111111
7 0.561328125 0.2708333333333333 0.01015625 0.03333333333333333
7 0.55703125 0.23472222222222222 0.0078125 0.030555555555555555
7 0.47421875 0.21875 0.0078125 0.018055555555555554
7 0.512890625 0.2590277777777778 0.00703125 0.020833333333333332
7 0.520703125 0.19166666666666668 0.00703125 0.025
7 0.4578125 0.3680555555555556 0.009375 0.016666666666666666
7 0.428515625 0.29305555555555557 0.00703125 0.013888888888888888
7 0.440625 0.2798611111111111 0.00625 0.018055555555555554
7 0.448046875 0.27361111111111114 0.00546875 0.013888888888888888
7 0.346875 0.34791666666666665 0.0046875 0.015277777777777777
7 0.360546875 0.8888888888888888 0.00859375 0.027777777777777776
7 0.203125 0.6701388888888888 0.0109375 0.02361111111111111
7 0.211328125 0.6381944444444444 0.00859375 0.02361111111111111
7 0.34921875 0.6402777777777777 0.0078125 0.03888888888888889
7 0.230859375 0.5083333333333333 0.01015625 0.022222222222222223
7 0.213671875 0.4076388888888889 0.00859375 0.02361111111111111
7 0.208984375 0.3145833333333333 0.00703125 0.0125
7 0.191015625 0.2590277777777778 0.00703125 0.0125
7 0.146875 0.10069444444444445 0.00625 0.020833333333333332
7 0.142578125 0.08888888888888889 0.00546875 0.022222222222222223
7 0.146875 0.0875 0.00625 0.019444444444444445
7 0.13828125 0.04861111111111111 0.00625 0.016666666666666666
7 0.11328125 0.03888888888888889 0.0046875 0.011111111111111112
7 0.221875 0.04097222222222222 0.00625 0.015277777777777777
7 0.2328125 0.07152777777777777 0.00625 0.0125
7 0.271484375 0.10972222222222222 0.00703125 0.019444444444444445
7 0.25703125 0.12152777777777778 0.0078125 0.015277777777777777
7 0.266796875 0.17083333333333334 0.00703125 0.016666666666666666
7 0.2765625 0.18263888888888888 0.00625 0.015277777777777777
7 0.34140625 0.26458333333333334 0.009375 0.018055555555555554
7 0.31953125 0.28888888888888886 0.009375 0.016666666666666666
7 0.32265625 0.31180555555555556 0.00625 0.02638888888888889
7 0.38125 0.3701388888888889 0.0109375 0.018055555555555554
7 0.365625 0.14027777777777778 0.0078125 0.013888888888888888
7 0.4484375 0.11458333333333333 0.00625 0.020833333333333332
7 0.451171875 0.22569444444444445 0.00859375 0.009722222222222222
7 0.4625 0.22777777777777777 0.0078125 0.011111111111111112
7 0.5328125 0.30694444444444446 0.009375 0.013888888888888888
7 0.547265625 0.3284722222222222 0.00859375 0.0125
7 0.730859375 0.6944444444444444 0.00859375 0.025
