7 0.156640625 0.8243055555555555 0.01171875 0.02638888888888889
7 0.109375 0.7694444444444445 0.0078125 0.025
7 0.219921875 0.6715277777777777 0.01484375 0.043055555555555555
7 0.2359375 0.6409722222222223 0.009375 0.0375
7 0.641015625 0.9416666666666667 0.01484375 0.027777777777777776
7 0.64921875 0.8631944444444445 0.0140625 0.02638888888888889
7 0.6703125 0.9138888888888889 0.0125 0.027777777777777776
7 0.619921875 0.8819444444444444 0.01171875 0.027777777777777776
7 0.604296875 0.9 0.01328125 0.019444444444444445
7 0.605078125 0.8597222222222223 0.00859375 0.019444444444444445
7 0.71328125 0.8430555555555556 0.0125 0.027777777777777776
7 0.7296875 0.7548611111111111 0.0125 0.020833333333333332
7 0.6859375 0.71875 0.0125 0.020833333333333332
7 0.566015625 0.8076388888888889 0.00859375 0.02361111111111111
7 0.594140625 0.49444444444444446 0.00703125 0.016666666666666666
7 0.60703125 0.45555555555555555 0.0078125 0.016666666666666666
7 0.587890625 0.3951388888888889 0.00703125 0.018055555555555554
7 0.58671875 0.4597222222222222 0.00625 0.013888888888888888
7 0.601171875 0.4756944444444444 0.00546875 0.0125
7 0.596484375 0.44722222222222224 0.00859375 0.016666666666666666
7 0.54921875 0.35694444444444445 0.0109375 0.016666666666666666
7 0.540625 0.40625 0.0078125 0.0125
7 0.537890625 0.32916666666666666 0.01015625 0.016666666666666666
7 0.600390625 0.31180555555555556 0.00703125 0.015277777777777777
7 0.6125 0.3298611111111111 0.009375 0.0125
7 0.62109375 0.2708333333333333 0.00625 0.013888888888888888
7 0.366015625 0.23333333333333334 0.00703125 0.013888888888888888
7 0.6390625 0.89375 0.0109375 0.018055555555555554
7 0.588671875 0.9645833333333333 0.01171875 0.0375
7 0.604296875 0.975 0.01171875 0.03888888888888889
7 0.503515625 0.5673611111111111 0.00703125 0.018055555555555554
7 0.594921875 0.5395833333333333 0.00703125 0.020833333333333332
7 0.5984375 0.6652777777777777 0.00625 0.019444444444444445
7 0.560546875 0.6458333333333334 0.00703125 0.03611111111111111
7 0.598828125 0.7381944444444445 0.00703125 0.0375
7 0.121875 0.5166666666666667 0.0078125 0.03611111111111111
7 0.13046875 0.5069444444444444 0.0078125 0.03611111111111111
7 0.145703125 0.6041666666666666 0.00859375 0.03611111111111111
7 0.153125 0.55 0.0078125 0.03611111111111111
7 0.175 0.5402777777777777 0.0078125 0.03611111111111111
7 0.175 0.5402777777777777 0.0078125 0.03611111111111111
7 0.119140625 0.7395833333333334 0.01328125 0.0375
7 0.088671875 0.4375 0.00859375 0.030555555555555555
7 0.271484375 0.2923611111111111 0.00859375 0.029166666666666667
7 0.49921875 0.030555555555555555 0.00625 0.011111111111111112
7 0.4921875 0.10833333333333334 0.00625 0.013888888888888888
7 0.640234375 0.8333333333333334 0.01171875 0.041666666666666664
7 0.59296875 0.4305555555555556 0.009375 0.019444444444444445
7 0.55390625 0.04791666666666667 0.00625 0.0125
7 0.73515625 0.5555555555555556 0.0078125 0.022222222222222223
7 0.7140625 0.8513888888888889 0.0125 0.03611111111111111
7 0.4703125 0.3972222222222222 0.0078125 0.025
7 0.45546875 0.3819444444444444 0.00625 0.022222222222222223
7 0.4515625 0.39444444444444443 0.0078125 0.019444444444444445
