7 0.449 0.3292452830188679 0.04 0.11132075471698114
7 0.3135 0.23679245283018868 0.033 0.07735849056603773
7 0.9025 0.20660377358490567 0.033 0.05849056603773585
7 0.925 0.39245283018867927 0.046 0.1018867924528302
7 0.3945 0.22641509433962265 0.031 0.07924528301886792
7 0.4135 0.1481132075471698 0.027 0.06981132075471698
7 0.4145 0.14433962264150943 0.027 0.07358490566037736
7 0.395 0.11132075471698114 0.02 0.052830188679245285
7 0.832 0.11037735849056604 0.026 0.03962264150943396
7 0.985 0.42924528301886794 0.026 0.09622641509433963
