7 0.18828125 0.68125 0.0109375 0.05138888888888889
7 0.128125 0.6888888888888889 0.0109375 0.04722222222222222
7 0.18359375 0.9722222222222222 0.0109375 0.044444444444444446
7 0.508203125 0.3368055555555556 0.01015625 0.015277777777777777
7 0.066015625 0.9701388888888889 0.01015625 0.04861111111111111
7 0.639453125 0.7402777777777778 0.01484375 0.03611111111111111
7 0.8578125 0.7284722222222222 0.0125 0.020833333333333332
7 0.8296875 0.7576388888888889 0.0125 0.05416666666666667
7 0.581640625 0.2986111111111111 0.00859375 0.025
7 0.9296875 0.9756944444444444 0.0125 0.029166666666666667
7 0.709375 0.6680555555555555 0.0140625 0.03333333333333333
7 0.191796875 0.5861111111111111 0.01171875 0.04722222222222222
7 0.803125 0.30416666666666664 0.0078125 0.03333333333333333
7 0.3328125 0.30069444444444443 0.0078125 0.03194444444444444
7 0.60078125 0.5319444444444444 0.0125 0.019444444444444445
7 0.727734375 0.6236111111111111 0.01328125 0.027777777777777776
7 0.735546875 0.5402777777777777 0.01015625 0.027777777777777776
7 0.68984375 0.4409722222222222 0.009375 0.02361111111111111
7 0.7375 0.1763888888888889 0.0078125 0.013888888888888888
7 0.630859375 0.5680555555555555 0.01171875 0.027777777777777776
7 0.567578125 0.09583333333333334 0.00546875 0.013888888888888888
7 0.575 0.11180555555555556 0.00625 0.018055555555555554
7 0.09765625 0.9638888888888889 0.015625 0.05277777777777778
7 0.27265625 0.43333333333333335 0.0078125 0.03333333333333333
7 0.26953125 0.3423611111111111 0.0078125 0.03194444444444444
7 0.3265625 0.30069444444444443 0.00625 0.0375
7 0.201171875 0.8041666666666667 0.01328125 0.05
7 0.258984375 0.2965277777777778 0.00859375 0.0375
7 0.96796875 0.8965277777777778 0.009375 0.05416666666666667
7 0.932421875 0.7597222222222222 0.01015625 0.05
7 0.78984375 0.21388888888888888 0.00625 0.022222222222222223
