7 0.19453125 0.5833333333333334 0.0125 0.08055555555555556
7 0.68046875 0.5138888888888888 0.015625 0.058333333333333334
7 0.8 0.7125 0.021875 0.06388888888888888
7 0.204296875 0.5798611111111112 0.01484375 0.08472222222222223
7 0.225390625 0.5756944444444444 0.01171875 0.08194444444444444
7 0.215625 0.5819444444444445 0.0140625 0.08611111111111111
7 0.530078125 0.15833333333333333 0.00859375 0.019444444444444445
7 0.59609375 0.5319444444444444 0.0171875 0.05
7 0.2078125 0.5465277777777777 0.0125 0.04027777777777778
7 0.58359375 0.21736111111111112 0.0078125 0.02638888888888889
7 0.87265625 0.9715277777777778 0.034375 0.04583333333333333
7 0.579296875 0.2 0.00703125 0.027777777777777776
7 0.59296875 0.5277777777777778 0.0140625 0.05
