7 0.694921875 0.4375 0.02109375 0.05
7 0.913671875 0.8354166666666667 0.03984375 0.07916666666666666
7 0.20625 0.63125 0.0359375 0.05694444444444444
7 0.41640625 0.6263888888888889 0.03125 0.07222222222222222
7 0.48984375 0.4951388888888889 0.028125 0.059722222222222225
7 0.416015625 0.8958333333333334 0.04140625 0.09166666666666666
7 0.5453125 0.35347222222222224 0.015625 0.059722222222222225
7 0.3546875 0.2152777777777778 0.0125 0.03611111111111111
7 0.41015625 0.21666666666666667 0.0203125 0.041666666666666664
7 0.39296875 0.13472222222222222 0.009375 0.030555555555555555
7 0.51328125 0.06875 0.0109375 0.020833333333333332
