7 0.6203125 0.3819444444444444 0.0171875 0.025
7 0.435546875 0.8590277777777777 0.01640625 0.043055555555555555
7 0.512890625 0.8291666666666667 0.01328125 0.041666666666666664
7 0.4421875 0.6861111111111111 0.0140625 0.03888888888888889
7 0.40234375 0.6076388888888888 0.0140625 0.0375
7 0.390625 0.6326388888888889 0.0171875 0.03194444444444444
7 0.406640625 0.4423611111111111 0.01484375 0.029166666666666667
7 0.376953125 0.4395833333333333 0.01796875 0.03194444444444444
7 0.3859375 0.3840277777777778 0.015625 0.02638888888888889
7 0.3640625 0.33819444444444446 0.0171875 0.02361111111111111
7 0.4078125 0.28888888888888886 0.0140625 0.022222222222222223
7 0.75546875 0.6256944444444444 0.0109375 0.0375
7 0.763671875 0.7430555555555556 0.01328125 0.041666666666666664
7 0.75546875 0.7368055555555556 0.0109375 0.04861111111111111
7 0.875 0.7222222222222222 0.0140625 0.03611111111111111
7 0.9796875 0.9805555555555555 0.03125 0.03333333333333333
7 0.48515625 0.23819444444444443 0.0140625 0.02361111111111111
7 0.496875 0.18194444444444444 0.0140625 0.027777777777777776
7 0.497265625 0.13402777777777777 0.01328125 0.02361111111111111
7 0.484375 0.08055555555555556 0.0140625 0.027777777777777776
7 0.480078125 0.04722222222222222 0.01328125 0.022222222222222223
7 0.346875 0.22777777777777777 0.0125 0.022222222222222223
7 0.382421875 0.19027777777777777 0.01015625 0.019444444444444445
7 0.39453125 0.15902777777777777 0.0109375 0.018055555555555554
7 0.282421875 0.19722222222222222 0.01328125 0.041666666666666664
7 0.250390625 0.2375 0.00859375 0.03333333333333333
