7 0.653515625 0.3284722222222222 0.02734375 0.09027777777777778
7 0.418359375 0.29305555555555557 0.02421875 0.08055555555555556
7 0.3953125 0.48055555555555557 0.0359375 0.09722222222222222
7 0.393359375 0.18680555555555556 0.01953125 0.05416666666666667
7 0.7828125 0.31805555555555554 0.025 0.07777777777777778
7 0.8609375 0.35138888888888886 0.0234375 0.08888888888888889
7 0.444140625 0.8576388888888888 0.05859375 0.11527777777777778
7 0.4125 0.13680555555555557 0.0171875 0.05416666666666667
7 0.6546875 0.1673611111111111 0.0140625 0.04583333333333333
7 0.71640625 0.22430555555555556 0.0234375 0.06805555555555555
7 0.785546875 0.33125 0.02734375 0.0875
7 0.61328125 0.11666666666666667 0.0140625 0.030555555555555555
7 0.603515625 0.13125 0.01328125 0.0375
7 0.630078125 0.14444444444444443 0.01796875 0.041666666666666664
7 0.39921875 0.48680555555555555 0.0390625 0.0763888888888889
7 0.70703125 0.09444444444444444 0.0171875 0.027777777777777776
