7 0.16015625 0.5659722222222222 0.01875 0.08194444444444444
7 0.580859375 0.6527777777777778 0.01796875 0.06388888888888888
7 0.1890625 0.5465277777777777 0.0125 0.07916666666666666
7 0.174609375 0.5388888888888889 0.01328125 0.08333333333333333
7 0.676171875 0.5506944444444445 0.02109375 0.059722222222222225
7 0.183984375 0.5583333333333333 0.01484375 0.08055555555555556
7 0.16953125 0.5458333333333333 0.0140625 0.08611111111111111
7 0.16640625 0.5583333333333333 0.0125 0.08055555555555556
7 0.388671875 0.07916666666666666 0.00703125 0.016666666666666666
7 0.45234375 0.09097222222222222 0.00625 0.020833333333333332
7 0.520703125 0.15347222222222223 0.00703125 0.029166666666666667
7 0.509375 0.1451388888888889 0.009375 0.020833333333333332
7 0.555078125 0.3215277777777778 0.01328125 0.04027777777777778
7 0.673828125 0.5486111111111112 0.01796875 0.05555555555555555
