7 0.148046875 0.5013888888888889 0.01796875 0.08611111111111111
7 0.129296875 0.4979166666666667 0.01640625 0.0763888888888889
7 0.1109375 0.5020833333333333 0.0125 0.07916666666666666
7 0.55703125 0.7604166666666666 0.021875 0.08472222222222223
7 0.474609375 0.25833333333333336 0.01328125 0.044444444444444446
7 0.141796875 0.4861111111111111 0.01640625 0.075
7 0.128515625 0.45625 0.01953125 0.034722222222222224
7 0.435546875 0.018055555555555554 0.00703125 0.019444444444444445
7 0.52109375 0.3076388888888889 0.015625 0.043055555555555555
7 0.46640625 0.04791666666666667 0.0078125 0.029166666666666667
