7 0.33359375 0.8777777777777778 0.0328125 0.07222222222222222
7 0.60390625 0.8680555555555556 0.0328125 0.07222222222222222
7 0.762890625 0.18541666666666667 0.01796875 0.03194444444444444
7 0.762890625 0.18541666666666667 0.01796875 0.03194444444444444
7 0.716015625 0.027083333333333334 0.01484375 0.020833333333333332
7 0.716015625 0.027083333333333334 0.01484375 0.020833333333333332
7 0.526953125 0.3034722222222222 0.01328125 0.05694444444444444
7 0.499609375 0.29375 0.01328125 0.05694444444444444
7 0.509375 0.3055555555555556 0.0125 0.058333333333333334
7 0.901953125 0.3590277777777778 0.02109375 0.04027777777777778
7 0.657421875 0.1076388888888889 0.01328125 0.015277777777777777
7 0.628125 0.11458333333333333 0.0140625 0.018055555555555554
