7 0.3296875 0.29444444444444445 0.009375 0.058333333333333334
7 0.7015625 0.5194444444444445 0.021875 0.06111111111111111
7 0.139453125 0.4736111111111111 0.01640625 0.075
7 0.159765625 0.47152777777777777 0.01640625 0.07916666666666666
7 0.11953125 0.475 0.0125 0.08333333333333333
7 0.578515625 0.2847222222222222 0.01640625 0.03888888888888889
7 0.680078125 0.39791666666666664 0.01484375 0.04861111111111111
7 0.1625 0.4618055555555556 0.0125 0.08194444444444444
7 0.141015625 0.46458333333333335 0.01484375 0.07916666666666666
7 0.142578125 0.4527777777777778 0.01796875 0.08055555555555556
7 0.461328125 0.02638888888888889 0.00703125 0.016666666666666666
7 0.473046875 0.020833333333333332 0.00546875 0.019444444444444445
