7 0.22734375 0.5034722222222222 0.015625 0.07083333333333333
7 0.6203125 0.24722222222222223 0.0125 0.044444444444444446
7 0.252734375 0.9722222222222222 0.03203125 0.041666666666666664
7 0.25625 0.48055555555555557 0.0125 0.07777777777777778
7 0.251171875 0.49583333333333335 0.01640625 0.08055555555555556
7 0.23984375 0.47638888888888886 0.0109375 0.07777777777777778
7 0.63515625 0.2076388888888889 0.0109375 0.029166666666666667
7 0.230078125 0.49444444444444446 0.01171875 0.08333333333333333
7 0.233984375 0.4847222222222222 0.01171875 0.08333333333333333
7 0.56484375 0.26319444444444445 0.015625 0.034722222222222224
7 0.58203125 0.3388888888888889 0.0125 0.027777777777777776
7 0.59140625 0.09166666666666666 0.00625 0.027777777777777776
7 0.59453125 0.1 0.0109375 0.03333333333333333
7 0.5171875 0.03125 0.00625 0.015277777777777777
7 0.52890625 0.05763888888888889 0.0078125 0.018055555555555554
