7 0.609375 0.7131944444444445 0.0171875 0.05138888888888889
7 0.598046875 0.6069444444444444 0.01484375 0.05277777777777778
7 0.369140625 0.44513888888888886 0.01484375 0.03194444444444444
7 0.655859375 0.17569444444444443 0.00703125 0.03194444444444444
7 0.31328125 0.21875 0.0125 0.02361111111111111
7 0.319140625 0.1909722222222222 0.00703125 0.02361111111111111
7 0.321875 0.16041666666666668 0.0109375 0.02361111111111111
7 0.313671875 0.5229166666666667 0.00859375 0.02638888888888889
7 0.34296875 0.3798611111111111 0.009375 0.029166666666666667
7 0.344140625 0.3486111111111111 0.01171875 0.027777777777777776
7 0.294140625 0.10694444444444444 0.00859375 0.022222222222222223
7 0.281640625 0.04652777777777778 0.00703125 0.018055555555555554
7 0.44453125 0.10069444444444445 0.009375 0.015277777777777777
7 0.401171875 0.041666666666666664 0.00859375 0.019444444444444445
7 0.551171875 0.030555555555555555 0.00703125 0.027777777777777776
7 0.365625 0.9395833333333333 0.0203125 0.04583333333333333
7 0.581640625 0.23333333333333334 0.01015625 0.025
7 0.24296875 0.6201388888888889 0.0125 0.043055555555555555
7 0.248828125 0.6166666666666667 0.01328125 0.05277777777777778
7 0.00625 0.5868055555555556 0.0125 0.05138888888888889
7 0.205859375 0.45208333333333334 0.00859375 0.03194444444444444
7 0.146484375 0.28194444444444444 0.00859375 0.03333333333333333
7 0.120703125 0.28958333333333336 0.00859375 0.034722222222222224
7 0.123828125 0.2763888888888889 0.00859375 0.03888888888888889
7 0.146875 0.11944444444444445 0.0078125 0.013888888888888888
7 0.14375 0.05625 0.00625 0.029166666666666667
7 0.1375 0.05694444444444444 0.0078125 0.030555555555555555
7 0.1328125 0.011111111111111112 0.00625 0.022222222222222223
7 0.313671875 0.51875 0.01328125 0.029166666666666667
7 0.466015625 0.029166666666666667 0.00859375 0.019444444444444445
7 0.4734375 0.02013888888888889 0.0078125 0.018055555555555554
7 0.871484375 0.31875 0.00859375 0.04583333333333333
7 0.314453125 0.8305555555555556 0.01171875 0.06944444444444445
