7 0.345 0.21037735849056605 0.03 0.07358490566037736
7 0.556 0.1811320754716981 0.03 0.045283018867924525
7 0.4355 0.17075471698113207 0.037 0.0660377358490566
7 0.451 0.05849056603773585 0.024 0.045283018867924525
7 0.4875 0.0509433962264151 0.019 0.045283018867924525
7 0.473 0.03679245283018868 0.02 0.03962264150943396
7 0.5265 0.035849056603773584 0.021 0.03773584905660377
7 0.553 0.048113207547169815 0.02 0.03962264150943396
7 0.5835 0.031132075471698113 0.023 0.035849056603773584
7 0.83 0.08584905660377358 0.026 0.035849056603773584
7 0.5235 0.1669811320754717 0.025 0.05849056603773585
