7 0.90703125 0.8826388888888889 0.0828125 0.20972222222222223
7 0.399609375 0.30833333333333335 0.03828125 0.09444444444444444
7 0.478515625 0.30972222222222223 0.03203125 0.09166666666666666
7 0.7796875 0.08055555555555556 0.0171875 0.03333333333333333
7 0.6109375 0.17847222222222223 0.0265625 0.07361111111111111
7 0.809375 0.05555555555555555 0.0265625 0.05
7 0.4953125 0.30972222222222223 0.0296875 0.10277777777777777
7 0.616796875 0.17152777777777778 0.02109375 0.08194444444444444
7 0.84140625 0.02361111111111111 0.0140625 0.04722222222222222
7 0.89921875 0.9020833333333333 0.0765625 0.17083333333333334
