7 0.11640625 0.4486111111111111 0.015625 0.08055555555555556
7 0.134765625 0.44583333333333336 0.01640625 0.08055555555555556
7 0.154296875 0.4423611111111111 0.01484375 0.08194444444444444
7 0.672265625 0.4111111111111111 0.01796875 0.05277777777777778
7 0.4953125 0.27152777777777776 0.0171875 0.04583333333333333
7 0.13359375 0.40694444444444444 0.0171875 0.03888888888888889
7 0.13671875 0.43819444444444444 0.0171875 0.07916666666666666
7 0.147265625 0.4354166666666667 0.01484375 0.0763888888888889
7 0.66875 0.39166666666666666 0.0125 0.025
7 0.51015625 0.03888888888888889 0.0078125 0.03888888888888889
