7 0.283203125 0.23738170347003154 0.01640625 0.08990536277602523
7 0.72265625 0.3477917981072555 0.03125 0.1056782334384858
7 0.67734375 0.4471608832807571 0.0375 0.11514195583596215
7 0.85234375 0.36908517350157727 0.0296875 0.10410094637223975
7 0.716015625 0.6033123028391167 0.03984375 0.14037854889589904
7 0.79296875 0.334384858044164 0.034375 0.10094637223974763
7 0.79765625 0.8264984227129337 0.0515625 0.1640378548895899
7 0.557421875 0.16009463722397477 0.02109375 0.06782334384858044
7 0.5265625 0.033123028391167195 0.0125 0.04416403785488959
7 0.679296875 0.8580441640378549 0.05703125 0.17034700315457413
7 0.48046875 0.07807570977917981 0.0140625 0.04574132492113565
7 0.745703125 0.45741324921135645 0.03828125 0.11987381703470032
7 0.501953125 0.02917981072555205 0.01484375 0.04258675078864353
7 0.737890625 0.0638801261829653 0.01484375 0.04258675078864353
7 0.701171875 0.014195583596214511 0.01171875 0.028391167192429023
7 0.50625 0.032334384858044164 0.0078125 0.04889589905362776
7 0.693359375 0.022082018927444796 0.01484375 0.028391167192429023
7 0.703515625 0.04100946372239748 0.01484375 0.03470031545741325
7 0.706640625 0.07886435331230283 0.01953125 0.050473186119873815
7 0.794140625 0.3509463722397476 0.03203125 0.1056782334384858
