7 0.29296875 0.5729166666666666 0.0125 0.020833333333333332
7 0.58984375 0.3368055555555556 0.0109375 0.02638888888888889
7 0.5671875 0.43333333333333335 0.0140625 0.019444444444444445
7 0.553515625 0.5333333333333333 0.01328125 0.025
7 0.547265625 0.5472222222222223 0.01484375 0.019444444444444445
7 0.713671875 0.7354166666666667 0.01484375 0.03194444444444444
7 0.562109375 0.6965277777777777 0.01484375 0.03194444444444444
7 0.944140625 0.7555555555555555 0.01484375 0.027777777777777776
7 0.865625 0.7215277777777778 0.015625 0.029166666666666667
7 0.84140625 0.5145833333333333 0.0125 0.02361111111111111
7 0.716796875 0.4083333333333333 0.01484375 0.019444444444444445
7 0.83671875 0.25833333333333336 0.0109375 0.027777777777777776
7 0.828515625 0.33819444444444446 0.01171875 0.020833333333333332
7 0.633984375 0.7645833333333333 0.01484375 0.018055555555555554
7 0.5765625 0.7444444444444445 0.0125 0.030555555555555555
7 0.68125 0.6125 0.015625 0.03333333333333333
7 0.819921875 0.8298611111111112 0.01640625 0.02638888888888889
7 0.30546875 0.2972222222222222 0.0078125 0.022222222222222223
7 0.3234375 0.30486111111111114 0.0125 0.020833333333333332
7 0.3390625 0.29097222222222224 0.0125 0.020833333333333332
7 0.294921875 0.275 0.01171875 0.022222222222222223
7 0.348046875 0.22152777777777777 0.00859375 0.02361111111111111
7 0.377734375 0.24097222222222223 0.01171875 0.020833333333333332
7 0.30078125 0.18819444444444444 0.0125 0.020833333333333332
7 0.34296875 0.13958333333333334 0.0109375 0.020833333333333332
7 0.3546875 0.11597222222222223 0.0109375 0.020833333333333332
7 0.37421875 0.1 0.0109375 0.022222222222222223
7 0.438671875 0.13402777777777777 0.01171875 0.020833333333333332
7 0.45625 0.11180555555555556 0.0125 0.020833333333333332
7 0.2140625 0.3388888888888889 0.0125 0.022222222222222223
7 0.1421875 0.39861111111111114 0.0140625 0.022222222222222223
7 0.255078125 0.26875 0.01171875 0.020833333333333332
7 0.255078125 0.29791666666666666 0.01171875 0.020833333333333332
7 0.123828125 0.39861111111111114 0.01328125 0.03333333333333333
7 0.18046875 0.3104166666666667 0.015625 0.05138888888888889
7 0.323828125 0.09513888888888888 0.00859375 0.04027777777777778
7 0.36640625 0.04722222222222222 0.009375 0.03888888888888889
7 0.3890625 0.20902777777777778 0.009375 0.02638888888888889
7 0.41015625 0.14583333333333334 0.0109375 0.025
7 0.40078125 0.11388888888888889 0.009375 0.022222222222222223
7 0.45234375 0.011111111111111112 0.0109375 0.022222222222222223
7 0.4609375 0.7527777777777778 0.0171875 0.03333333333333333
7 0.437109375 0.5138888888888888 0.01328125 0.027777777777777776
7 0.552734375 0.11875 0.01015625 0.015277777777777777
7 0.541796875 0.2534722222222222 0.01328125 0.020833333333333332
7 0.553125 0.26458333333333334 0.009375 0.020833333333333332
7 0.5296875 0.3013888888888889 0.009375 0.016666666666666666
7 0.52421875 0.32222222222222224 0.0109375 0.022222222222222223
7 0.53359375 0.3159722222222222 0.0109375 0.020833333333333332
7 0.484765625 0.5361111111111111 0.01171875 0.022222222222222223
7 0.566015625 0.4486111111111111 0.01328125 0.027777777777777776
7 0.578515625 0.3951388888888889 0.01171875 0.02638888888888889
7 0.598828125 0.31875 0.01015625 0.02638888888888889
7 0.5875 0.3076388888888889 0.0078125 0.02361111111111111
7 0.632421875 0.18055555555555555 0.01015625 0.03888888888888889
7 0.81328125 0.02847222222222222 0.009375 0.018055555555555554
7 0.7640625 0.14722222222222223 0.0125 0.019444444444444445
7 0.840234375 0.2520833333333333 0.00703125 0.02638888888888889
7 0.91796875 0.1486111111111111 0.00625 0.03888888888888889
7 0.919140625 0.26180555555555557 0.00859375 0.043055555555555555
7 0.928515625 0.24513888888888888 0.01015625 0.043055555555555555
7 0.923828125 0.10416666666666667 0.00859375 0.03333333333333333
7 0.87734375 0.4222222222222222 0.0125 0.022222222222222223
7 0.842578125 0.4673611111111111 0.01171875 0.02638888888888889
7 0.8171875 0.49375 0.0140625 0.029166666666666667
7 0.82734375 0.5194444444444445 0.0125 0.025
7 0.577734375 0.7284722222222222 0.01328125 0.02361111111111111
7 0.55625 0.7868055555555555 0.0171875 0.0375
7 0.64296875 0.7722222222222223 0.0078125 0.044444444444444446
7 0.65078125 0.7770833333333333 0.0125 0.029166666666666667
7 0.699609375 0.6006944444444444 0.01484375 0.02361111111111111
7 0.687109375 0.5847222222222223 0.01171875 0.03333333333333333
7 0.782421875 0.11041666666666666 0.00703125 0.04027777777777778
7 0.818359375 0.8402777777777778 0.01640625 0.022222222222222223
