7 0.178515625 0.5138888888888888 0.01484375 0.08611111111111111
7 0.280859375 0.3402777777777778 0.01484375 0.041666666666666664
7 0.14375 0.5097222222222222 0.0109375 0.08333333333333333
7 0.16171875 0.5104166666666666 0.0125 0.0763888888888889
7 0.179296875 0.49930555555555556 0.01640625 0.08194444444444444
7 0.1703125 0.49027777777777776 0.0125 0.08333333333333333
7 0.159375 0.46944444444444444 0.0109375 0.025
7 0.475 0.07083333333333333 0.0078125 0.019444444444444445
7 0.53515625 0.12986111111111112 0.00625 0.03194444444444444
7 0.485546875 0.30486111111111114 0.01328125 0.0375
7 0.4875 0.09305555555555556 0.0078125 0.019444444444444445
7 0.46796875 0.09027777777777778 0.009375 0.016666666666666666
