7 0.50859375 0.24513888888888888 0.0125 0.02361111111111111
7 0.690625 0.6909722222222222 0.0171875 0.03194444444444444
7 0.5421875 0.30486111111111114 0.0171875 0.029166666666666667
7 0.324609375 0.4666666666666667 0.01640625 0.030555555555555555
7 0.321484375 0.4041666666666667 0.01484375 0.025
7 0.70234375 0.8298611111111112 0.0125 0.03194444444444444
7 0.69765625 0.8201388888888889 0.0140625 0.034722222222222224
7 0.77734375 0.9326388888888889 0.0171875 0.0375
7 0.346484375 0.6236111111111111 0.01328125 0.03611111111111111
7 0.366796875 0.8930555555555556 0.01171875 0.030555555555555555
7 0.468359375 0.7597222222222222 0.01953125 0.03333333333333333
7 0.437109375 0.9819444444444444 0.02578125 0.030555555555555555
7 0.471875 0.9104166666666667 0.0203125 0.034722222222222224
7 0.565625 0.16944444444444445 0.0078125 0.019444444444444445
7 0.488671875 0.13472222222222222 0.00703125 0.016666666666666666
7 0.5453125 0.14027777777777778 0.0109375 0.022222222222222223
7 0.426171875 0.06666666666666667 0.00703125 0.013888888888888888
7 0.4265625 0.04513888888888889 0.0078125 0.018055555555555554
7 0.48984375 0.09583333333333334 0.009375 0.019444444444444445
7 0.574609375 0.26875 0.00859375 0.02361111111111111
7 0.66015625 0.32708333333333334 0.0125 0.020833333333333332
7 0.53828125 0.09791666666666667 0.009375 0.029166666666666667
7 0.25 0.2708333333333333 0.009375 0.027777777777777776
7 0.24296875 0.2604166666666667 0.0078125 0.029166666666666667
7 0.24296875 0.24097222222222223 0.0078125 0.020833333333333332
7 0.2125 0.2902777777777778 0.0109375 0.030555555555555555
7 0.221484375 0.31805555555555554 0.01171875 0.030555555555555555
7 0.192578125 0.3111111111111111 0.01328125 0.03333333333333333
