7 0.501953125 0.9743055555555555 0.01484375 0.04027777777777778
7 0.37265625 0.7798611111111111 0.0125 0.02361111111111111
7 0.361328125 0.7013888888888888 0.01171875 0.022222222222222223
7 0.40234375 0.6041666666666666 0.0125 0.022222222222222223
7 0.508984375 0.7729166666666667 0.01171875 0.02361111111111111
7 0.52734375 0.73125 0.0125 0.02361111111111111
7 0.40078125 0.49930555555555556 0.0125 0.02361111111111111
7 0.426953125 0.4895833333333333 0.01171875 0.02361111111111111
7 0.41875 0.4361111111111111 0.0125 0.022222222222222223
7 0.432421875 0.4479166666666667 0.01171875 0.02361111111111111
7 0.455078125 0.44722222222222224 0.00859375 0.019444444444444445
7 0.465234375 0.30833333333333335 0.00859375 0.019444444444444445
7 0.557421875 0.4388888888888889 0.00703125 0.019444444444444445
7 0.581640625 0.42986111111111114 0.00703125 0.020833333333333332
7 0.429296875 0.375 0.00859375 0.019444444444444445
7 0.46484375 0.2465277777777778 0.009375 0.018055555555555554
7 0.458984375 0.23819444444444443 0.00859375 0.018055555555555554
7 0.403515625 0.26666666666666666 0.00859375 0.019444444444444445
7 0.590625 0.38333333333333336 0.00625 0.03888888888888889
7 0.595703125 0.38263888888888886 0.00703125 0.0375
7 0.6625 0.3590277777777778 0.00625 0.015277777777777777
7 0.56171875 0.20416666666666666 0.0046875 0.013888888888888888
7 0.5578125 0.18472222222222223 0.0046875 0.013888888888888888
7 0.5453125 0.18611111111111112 0.0046875 0.013888888888888888
7 0.55234375 0.12777777777777777 0.0046875 0.013888888888888888
7 0.53359375 0.11388888888888889 0.0046875 0.013888888888888888
7 0.455078125 0.14375 0.00546875 0.015277777777777777
7 0.421484375 0.08402777777777778 0.00546875 0.015277777777777777
7 0.319921875 0.24097222222222223 0.00859375 0.018055555555555554
7 0.312109375 0.1423611111111111 0.00859375 0.018055555555555554
7 0.326953125 0.1125 0.00859375 0.019444444444444445
7 0.3125 0.10972222222222222 0.009375 0.019444444444444445
7 0.303515625 0.09097222222222222 0.00703125 0.015277777777777777
7 0.316796875 0.07777777777777778 0.00703125 0.016666666666666666
7 0.283203125 0.05625 0.00703125 0.018055555555555554
7 0.235546875 0.4041666666666667 0.00859375 0.019444444444444445
7 0.196484375 0.7229166666666667 0.01171875 0.02361111111111111
7 0.155078125 0.7847222222222222 0.01015625 0.041666666666666664
7 0.32109375 0.9701388888888889 0.0140625 0.043055555555555555
7 0.703125 0.7930555555555555 0.009375 0.058333333333333334
7 0.7171875 0.7798611111111111 0.009375 0.05694444444444444
7 0.7296875 0.8458333333333333 0.009375 0.058333333333333334
7 0.758984375 0.4423611111111111 0.00390625 0.015277777777777777
7 0.701171875 0.43125 0.00390625 0.015277777777777777
7 0.140625 0.8243055555555555 0.0125 0.04027777777777778
7 0.14296875 0.6590277777777778 0.00625 0.029166666666666667
7 0.190234375 0.4701388888888889 0.00859375 0.034722222222222224
7 0.218359375 0.0125 0.00546875 0.011111111111111112
7 0.462109375 0.058333333333333334 0.00546875 0.013888888888888888
7 0.461328125 0.011805555555555555 0.00703125 0.015277777777777777
7 0.45546875 0.005555555555555556 0.00625 0.011111111111111112
7 0.630078125 0.19444444444444445 0.00703125 0.016666666666666666
7 0.643359375 0.22916666666666666 0.00859375 0.016666666666666666
7 0.61796875 0.18611111111111112 0.00625 0.013888888888888888
7 0.944140625 0.06666666666666667 0.00546875 0.019444444444444445
7 0.704296875 0.35625 0.00859375 0.020833333333333332
