7 0.71953125 0.5361111111111111 0.03125 0.058333333333333334
7 0.8671875 0.6666666666666666 0.0296875 0.058333333333333334
7 0.081640625 0.8965277777777778 0.03203125 0.043055555555555555
7 0.47265625 0.6590277777777778 0.0328125 0.06805555555555555
7 0.45390625 0.44305555555555554 0.021875 0.05
7 0.501953125 0.4027777777777778 0.02734375 0.05277777777777778
7 0.544140625 0.3451388888888889 0.01484375 0.05694444444444444
7 0.43984375 0.2152777777777778 0.0140625 0.041666666666666664
7 0.3515625 0.21805555555555556 0.0125 0.03888888888888889
7 0.415234375 0.14305555555555555 0.01015625 0.025
7 0.396875 0.13680555555555557 0.0125 0.034722222222222224
7 0.509375 0.07222222222222222 0.0109375 0.027777777777777776
