7 0.287 0.27075471698113207 0.036 0.08867924528301886
7 0.416 0.17452830188679244 0.032 0.05849056603773585
7 0.856 0.30566037735849055 0.038 0.09811320754716982
7 0.5065 0.018867924528301886 0.023 0.03018867924528302
7 0.3755 0.03962264150943396 0.021 0.04150943396226415
7 0.7855 0.1018867924528302 0.021 0.033962264150943396
7 0.771 0.06415094339622641 0.024 0.03773584905660377
7 0.7465 0.0330188679245283 0.021 0.03207547169811321
7 0.822 0.2 0.032 0.04905660377358491
7 0.806 0.24716981132075472 0.036 0.04905660377358491
