7 0.711328125 0.6618055555555555 0.01484375 0.043055555555555555
7 0.769140625 0.9291666666666667 0.01796875 0.044444444444444446
7 0.914453125 0.55625 0.01796875 0.04027777777777778
7 0.583203125 0.5756944444444444 0.01015625 0.04861111111111111
7 0.70859375 0.5236111111111111 0.015625 0.03888888888888889
7 0.699609375 0.43333333333333335 0.01328125 0.030555555555555555
7 0.6953125 0.36180555555555555 0.0109375 0.0375
7 0.71640625 0.3527777777777778 0.015625 0.03888888888888889
7 0.678515625 0.019444444444444445 0.00703125 0.016666666666666666
7 0.73046875 0.24097222222222223 0.0109375 0.02638888888888889
7 0.959375 0.14375 0.0109375 0.02361111111111111
7 0.672265625 0.36875 0.01171875 0.05138888888888889
7 0.7828125 0.8534722222222222 0.0171875 0.043055555555555555
7 0.856640625 0.05555555555555555 0.00859375 0.016666666666666666
7 0.349609375 0.4777777777777778 0.01015625 0.030555555555555555
7 0.385546875 0.4798611111111111 0.00859375 0.02638888888888889
7 0.56015625 0.5923611111111111 0.009375 0.043055555555555555
7 0.569140625 0.5958333333333333 0.01015625 0.05
7 0.5921875 0.5666666666666667 0.0078125 0.04722222222222222
7 0.625 0.4965277777777778 0.009375 0.04583333333333333
7 0.630078125 0.46319444444444446 0.01171875 0.020833333333333332
7 0.6203125 0.4513888888888889 0.0109375 0.044444444444444446
7 0.619140625 0.42430555555555555 0.00859375 0.02361111111111111
7 0.58984375 0.38263888888888886 0.009375 0.02638888888888889
7 0.9578125 0.2652777777777778 0.0140625 0.025
