7 0.35859375 0.3625 0.0078125 0.022222222222222223
7 0.53046875 0.32708333333333334 0.00625 0.0125
7 0.38515625 0.5756944444444444 0.009375 0.02638888888888889
7 0.366015625 0.6451388888888889 0.01015625 0.029166666666666667
7 0.73515625 0.6513888888888889 0.0078125 0.025
7 0.654296875 0.26458333333333334 0.00546875 0.018055555555555554
7 0.312109375 0.8756944444444444 0.01328125 0.03194444444444444
7 0.445703125 0.24097222222222223 0.00546875 0.020833333333333332
7 0.43359375 0.025694444444444443 0.0046875 0.0125
7 0.45546875 0.02638888888888889 0.0046875 0.011111111111111112
7 0.54921875 0.26458333333333334 0.00625 0.015277777777777777
7 0.559375 0.22291666666666668 0.00625 0.015277777777777777
7 0.551953125 0.21319444444444444 0.00703125 0.015277777777777777
7 0.570703125 0.1909722222222222 0.00703125 0.015277777777777777
7 0.3 0.36041666666666666 0.0078125 0.029166666666666667
7 0.305078125 0.3611111111111111 0.00859375 0.030555555555555555
7 0.18046875 0.8131944444444444 0.0109375 0.02638888888888889
7 0.1515625 0.8166666666666667 0.015625 0.03333333333333333
7 0.19375 0.7326388888888888 0.0078125 0.0375
7 0.18515625 0.5444444444444444 0.009375 0.03611111111111111
7 0.257421875 0.7298611111111111 0.01328125 0.029166666666666667
7 0.58828125 0.28194444444444444 0.00625 0.03333333333333333
7 0.589453125 0.27708333333333335 0.00546875 0.034722222222222224
7 0.636328125 0.15208333333333332 0.00703125 0.015277777777777777
7 0.62265625 0.12569444444444444 0.0078125 0.015277777777777777
7 0.671484375 0.09791666666666667 0.00703125 0.015277777777777777
7 0.720703125 0.23194444444444445 0.00859375 0.027777777777777776
7 0.687890625 0.30694444444444446 0.00703125 0.016666666666666666
7 0.7515625 0.41458333333333336 0.009375 0.02361111111111111
7 0.7359375 0.7263888888888889 0.009375 0.022222222222222223
7 0.745703125 0.7375 0.00859375 0.027777777777777776
7 0.73984375 0.28958333333333336 0.0078125 0.015277777777777777
