7 0.23828125 0.7055555555555556 0.015625 0.027777777777777776
7 0.121484375 0.7458333333333333 0.01484375 0.027777777777777776
7 0.069921875 0.4895833333333333 0.01171875 0.02638888888888889
7 0.146875 0.43333333333333335 0.0125 0.027777777777777776
7 0.301171875 0.39652777777777776 0.01015625 0.029166666666666667
7 0.272265625 0.33125 0.01328125 0.02361111111111111
7 0.3046875 0.32916666666666666 0.0125 0.019444444444444445
7 0.332421875 0.30486111111111114 0.01328125 0.02361111111111111
7 0.30078125 0.28958333333333336 0.0109375 0.02638888888888889
7 0.512109375 0.6090277777777777 0.00859375 0.04583333333333333
7 0.499609375 0.6763888888888889 0.01015625 0.030555555555555555
7 0.629296875 0.3215277777777778 0.01328125 0.02361111111111111
7 0.567578125 0.4270833333333333 0.01015625 0.02638888888888889
7 0.6328125 0.6583333333333333 0.0125 0.022222222222222223
7 0.61171875 0.6673611111111111 0.0125 0.02361111111111111
7 0.55234375 0.36527777777777776 0.0125 0.022222222222222223
7 0.460546875 0.3423611111111111 0.01015625 0.018055555555555554
7 0.471484375 0.31875 0.01015625 0.015277777777777777
7 0.4828125 0.32916666666666666 0.009375 0.019444444444444445
7 0.48125 0.35625 0.009375 0.015277777777777777
7 0.49765625 0.33194444444444443 0.00625 0.016666666666666666
7 0.506640625 0.3090277777777778 0.01171875 0.018055555555555554
7 0.521875 0.31319444444444444 0.0109375 0.015277777777777777
7 0.506640625 0.3486111111111111 0.00859375 0.016666666666666666
7 0.558984375 0.2902777777777778 0.00859375 0.022222222222222223
7 0.587109375 0.20833333333333334 0.00859375 0.016666666666666666
7 0.601171875 0.15833333333333333 0.01171875 0.019444444444444445
7 0.39140625 0.16527777777777777 0.0109375 0.022222222222222223
7 0.71171875 0.7277777777777777 0.0140625 0.019444444444444445
7 0.631640625 0.6493055555555556 0.01328125 0.018055555555555554
7 0.8 0.63125 0.0140625 0.020833333333333332
7 0.8375 0.60625 0.0171875 0.018055555555555554
7 0.855078125 0.6513888888888889 0.01640625 0.019444444444444445
7 0.85234375 0.6993055555555555 0.0140625 0.02638888888888889
7 0.677734375 0.3840277777777778 0.01015625 0.015277777777777777
7 0.691796875 0.3715277777777778 0.00859375 0.018055555555555554
7 0.799609375 0.37569444444444444 0.01015625 0.020833333333333332
7 0.879296875 0.44722222222222224 0.01171875 0.022222222222222223
7 0.88984375 0.5416666666666666 0.0140625 0.016666666666666666
7 0.65078125 0.34791666666666665 0.0078125 0.020833333333333332
7 0.703125 0.34444444444444444 0.0125 0.022222222222222223
7 0.827734375 0.2972222222222222 0.01171875 0.022222222222222223
7 0.837109375 0.2326388888888889 0.01171875 0.018055555555555554
7 0.855078125 0.23194444444444445 0.00859375 0.016666666666666666
7 0.86796875 0.28055555555555556 0.0078125 0.022222222222222223
7 0.868359375 0.31319444444444444 0.01328125 0.02361111111111111
7 0.67421875 0.41597222222222224 0.0078125 0.015277777777777777
7 0.683984375 0.42986111111111114 0.00703125 0.020833333333333332
7 0.334765625 0.08680555555555555 0.00859375 0.0375
7 0.396484375 0.08888888888888889 0.00703125 0.022222222222222223
7 0.388671875 0.06041666666666667 0.00859375 0.020833333333333332
7 0.60703125 0.05555555555555555 0.00625 0.019444444444444445
7 0.645703125 0.034027777777777775 0.00703125 0.015277777777777777
7 0.788671875 0.1284722222222222 0.00703125 0.015277777777777777
7 0.807421875 0.11736111111111111 0.00703125 0.015277777777777777
7 0.847265625 0.11041666666666666 0.00703125 0.015277777777777777
7 0.8546875 0.07291666666666667 0.0078125 0.015277777777777777
7 0.737890625 0.1284722222222222 0.00546875 0.0375
7 0.70625 0.06736111111111111 0.0078125 0.018055555555555554
7 0.749609375 0.07847222222222222 0.00546875 0.03194444444444444
7 0.89453125 0.2743055555555556 0.0109375 0.04583333333333333
7 0.881640625 0.1638888888888889 0.00703125 0.03333333333333333
7 0.8859375 0.13958333333333334 0.0078125 0.03194444444444444
7 0.14140625 0.33541666666666664 0.0109375 0.020833333333333332
7 0.44765625 0.6166666666666667 0.0125 0.025
7 0.390625 0.011111111111111112 0.0078125 0.022222222222222223
7 0.93828125 0.5340277777777778 0.0109375 0.04583333333333333
7 0.7796875 0.016666666666666666 0.009375 0.019444444444444445
7 0.744921875 0.07708333333333334 0.00703125 0.020833333333333332
