7 0.50859375 0.3280757097791798 0.0234375 0.07570977917981073
7 0.227734375 0.6813880126182965 0.04453125 0.12618296529968454
7 0.480859375 0.5118296529968455 0.03203125 0.083596214511041
7 0.92734375 0.7949526813880127 0.0609375 0.19242902208201892
7 0.43671875 0.18848580441640378 0.0140625 0.0583596214511041
7 0.673046875 0.09227129337539432 0.01171875 0.026813880126182965
7 0.49375 0.07807570977917981 0.0078125 0.033123028391167195
7 0.56015625 0.07018927444794952 0.009375 0.026813880126182965
7 0.49609375 0.012618296529968454 0.009375 0.025236593059936908
7 0.63828125 0.011829652996845425 0.009375 0.02050473186119874
