7 0.573828125 0.7069444444444445 0.01484375 0.025
7 0.378515625 0.6638888888888889 0.01171875 0.025
7 0.398828125 0.46597222222222223 0.00703125 0.02638888888888889
7 0.344921875 0.7229166666666667 0.01015625 0.02638888888888889
7 0.51640625 0.7395833333333334 0.015625 0.02638888888888889
7 0.351953125 0.8381944444444445 0.01015625 0.02638888888888889
7 0.330078125 0.8277777777777777 0.01171875 0.025
7 0.294140625 0.5590277777777778 0.01015625 0.02361111111111111
7 0.42265625 0.3298611111111111 0.00625 0.018055555555555554
7 0.534765625 0.24305555555555555 0.00703125 0.016666666666666666
7 0.540625 0.29097222222222224 0.0078125 0.018055555555555554
7 0.540625 0.1986111111111111 0.00625 0.019444444444444445
7 0.555859375 0.18611111111111112 0.00546875 0.016666666666666666
7 0.263671875 0.5034722222222222 0.01015625 0.02638888888888889
7 0.269140625 0.4979166666666667 0.00703125 0.03194444444444444
7 0.74609375 0.79375 0.0125 0.029166666666666667
7 0.242578125 0.7368055555555556 0.01484375 0.02638888888888889
7 0.212109375 0.43680555555555556 0.01171875 0.02361111111111111
7 0.565234375 0.33958333333333335 0.00703125 0.020833333333333332
7 0.546484375 0.14444444444444443 0.00546875 0.013888888888888888
7 0.446484375 0.12361111111111112 0.00546875 0.013888888888888888
7 0.445703125 0.07708333333333334 0.00546875 0.015277777777777777
7 0.43671875 0.20277777777777778 0.00625 0.019444444444444445
7 0.30078125 0.9638888888888889 0.0140625 0.03888888888888889
7 0.37578125 0.2722222222222222 0.00625 0.019444444444444445
7 0.33984375 0.29791666666666666 0.00625 0.018055555555555554
7 0.324609375 0.28402777777777777 0.00546875 0.020833333333333332
7 0.301953125 0.18541666666666667 0.00546875 0.020833333333333332
7 0.284375 0.03819444444444445 0.0046875 0.015277777777777777
7 0.274609375 0.02847222222222222 0.00390625 0.009722222222222222
7 0.201953125 0.03888888888888889 0.00390625 0.011111111111111112
7 0.187890625 0.03194444444444444 0.00390625 0.011111111111111112
7 0.31953125 0.42986111111111114 0.0109375 0.02361111111111111
7 0.236328125 0.8381944444444445 0.01328125 0.03194444444444444
7 0.175390625 0.7659722222222223 0.01015625 0.02361111111111111
7 0.19921875 0.7090277777777778 0.0109375 0.02361111111111111
7 0.21171875 0.6215277777777778 0.0109375 0.02361111111111111
7 0.211328125 0.5916666666666667 0.01015625 0.025
7 0.582421875 0.35625 0.00859375 0.034722222222222224
7 0.587109375 0.3541666666666667 0.00859375 0.03611111111111111
7 0.65390625 0.3284722222222222 0.0046875 0.015277777777777777
7 0.132421875 0.8902777777777777 0.01171875 0.04722222222222222
7 0.203515625 0.66875 0.01171875 0.043055555555555555
7 0.190234375 0.675 0.01171875 0.041666666666666664
7 0.13828125 0.6548611111111111 0.009375 0.0375
7 0.19453125 0.6569444444444444 0.0109375 0.03888888888888889
7 0.61953125 0.16527777777777777 0.009375 0.016666666666666666
7 0.66953125 0.1326388888888889 0.00625 0.015277777777777777
7 0.698046875 0.08611111111111111 0.00703125 0.016666666666666666
7 0.925390625 0.02847222222222222 0.00703125 0.015277777777777777
7 0.9296875 0.022222222222222223 0.0046875 0.016666666666666666
7 0.1546875 0.7520833333333333 0.009375 0.04027777777777778
7 0.115234375 0.7888888888888889 0.01171875 0.025
7 0.587890625 0.05694444444444444 0.00703125 0.013888888888888888
7 0.599609375 0.09861111111111111 0.00703125 0.016666666666666666
7 0.703515625 0.2638888888888889 0.00703125 0.016666666666666666
7 0.701171875 0.7694444444444445 0.00859375 0.03611111111111111
7 0.747265625 0.88125 0.01015625 0.02638888888888889
