7 0.1796875 0.725 0.009375 0.06111111111111111
7 0.219921875 0.5743055555555555 0.01015625 0.04861111111111111
7 0.197265625 0.7222222222222222 0.01171875 0.06111111111111111
7 0.29296875 0.33125 0.0078125 0.04861111111111111
7 0.723046875 0.5256944444444445 0.01484375 0.034722222222222224
7 0.31640625 0.32222222222222224 0.009375 0.03888888888888889
7 0.226171875 0.475 0.01171875 0.05277777777777778
7 0.121484375 0.85 0.01484375 0.06111111111111111
7 0.735546875 0.4486111111111111 0.01640625 0.030555555555555555
7 0.590234375 0.8930555555555556 0.01796875 0.05
7 0.9015625 0.9097222222222222 0.0171875 0.044444444444444446
7 0.9640625 0.85625 0.015625 0.0375
7 0.928125 0.8145833333333333 0.0125 0.034722222222222224
7 0.93984375 0.7597222222222222 0.015625 0.025
7 0.964453125 0.5041666666666667 0.01796875 0.030555555555555555
7 0.84609375 0.3416666666666667 0.0109375 0.03333333333333333
7 0.850390625 0.6173611111111111 0.01015625 0.02638888888888889
7 0.8671875 0.6548611111111111 0.0125 0.029166666666666667
7 0.949609375 0.3645833333333333 0.01171875 0.02638888888888889
7 0.9046875 0.6729166666666667 0.015625 0.029166666666666667
7 0.35234375 0.2791666666666667 0.009375 0.04722222222222222
7 0.5421875 0.2298611111111111 0.0109375 0.02638888888888889
7 0.5484375 0.1909722222222222 0.0125 0.020833333333333332
7 0.559765625 0.2152777777777778 0.00859375 0.019444444444444445
7 0.563671875 0.18888888888888888 0.00859375 0.025
7 0.569921875 0.1625 0.01015625 0.022222222222222223
7 0.21171875 0.6270833333333333 0.0140625 0.0625
7 0.284375 0.6590277777777778 0.0125 0.0625
7 0.574609375 0.0763888888888889 0.00546875 0.022222222222222223
7 0.584375 0.06805555555555555 0.0078125 0.019444444444444445
7 0.55859375 0.030555555555555555 0.0078125 0.016666666666666666
7 0.786328125 0.15486111111111112 0.00859375 0.020833333333333332
7 0.78671875 0.04027777777777778 0.0078125 0.019444444444444445
7 0.991796875 0.3736111111111111 0.01015625 0.044444444444444446
7 0.863671875 0.44305555555555554 0.01015625 0.027777777777777776
7 0.8796875 0.07013888888888889 0.009375 0.020833333333333332
7 0.79765625 0.09861111111111111 0.0109375 0.022222222222222223
7 0.505859375 0.80625 0.01640625 0.03194444444444444
7 0.561328125 0.011111111111111112 0.01015625 0.019444444444444445
7 0.338671875 0.08055555555555556 0.00859375 0.03611111111111111
7 0.341796875 0.06388888888888888 0.00703125 0.030555555555555555
7 0.371484375 0.21736111111111112 0.00859375 0.02638888888888889
7 0.36484375 0.25763888888888886 0.009375 0.0375
7 0.2984375 0.3284722222222222 0.009375 0.04583333333333333
7 0.80859375 0.07222222222222222 0.0078125 0.022222222222222223
