7 0.75546875 0.4548611111111111 0.01875 0.05138888888888889
7 0.768359375 0.5381944444444444 0.01953125 0.05416666666666667
7 0.37265625 0.4375 0.01875 0.08611111111111111
7 0.355859375 0.42986111111111114 0.01015625 0.07916666666666666
7 0.378515625 0.4263888888888889 0.01171875 0.07777777777777778
7 0.3640625 0.4222222222222222 0.0125 0.08055555555555556
7 0.35 0.44375 0.015625 0.07361111111111111
7 0.540625 0.10069444444444445 0.0109375 0.0375
7 0.716796875 0.049305555555555554 0.00703125 0.029166666666666667
7 0.7234375 0.058333333333333334 0.0078125 0.03611111111111111
7 0.725390625 0.11388888888888889 0.01328125 0.030555555555555555
