7 0.051953125 0.5715277777777777 0.01484375 0.08194444444444444
7 0.603125 0.37569444444444444 0.01875 0.05138888888888889
7 0.674609375 0.54375 0.02421875 0.05416666666666667
7 0.035546875 0.5736111111111111 0.01640625 0.08333333333333333
7 0.06796875 0.5652777777777778 0.021875 0.09166666666666666
7 0.337109375 0.16527777777777777 0.01171875 0.022222222222222223
7 0.08125 0.5763888888888888 0.0171875 0.08055555555555556
7 0.65234375 0.7319444444444444 0.021875 0.06666666666666667
7 0.717578125 0.9263888888888889 0.03515625 0.07222222222222222
7 0.325390625 0.1326388888888889 0.01328125 0.020833333333333332
7 0.471484375 0.04097222222222222 0.00859375 0.018055555555555554
7 0.494140625 0.01875 0.00703125 0.009722222222222222
