7 0.18828125 0.525 0.015625 0.08333333333333333
7 0.16875 0.5229166666666667 0.0125 0.0763888888888889
7 0.30625 0.30416666666666664 0.015625 0.041666666666666664
7 0.153125 0.5256944444444445 0.0140625 0.08194444444444444
7 0.181640625 0.5131944444444444 0.01015625 0.07916666666666666
7 0.176171875 0.50625 0.01484375 0.07916666666666666
7 0.4703125 0.09930555555555555 0.009375 0.018055555555555554
7 0.537890625 0.12430555555555556 0.00703125 0.03194444444444444
7 0.614453125 0.2923611111111111 0.01328125 0.04027777777777778
7 0.552734375 0.45555555555555555 0.01796875 0.05555555555555555
