7 0.198046875 0.5673611111111111 0.02421875 0.08472222222222223
7 0.4453125 0.5868055555555556 0.0265625 0.07083333333333333
7 0.230859375 0.41805555555555557 0.01640625 0.06111111111111111
7 0.340234375 0.41041666666666665 0.01640625 0.05138888888888889
7 0.316796875 0.3013888888888889 0.01796875 0.05
7 0.5484375 0.16666666666666666 0.0140625 0.027777777777777776
7 0.544921875 0.10138888888888889 0.01015625 0.027777777777777776
7 0.416796875 0.1284722222222222 0.01171875 0.020833333333333332
7 0.4390625 0.09305555555555556 0.009375 0.022222222222222223
7 0.46953125 0.07708333333333334 0.0109375 0.02361111111111111
7 0.530078125 0.05138888888888889 0.00859375 0.019444444444444445
