7 0.594140625 0.7111111111111111 0.01796875 0.03888888888888889
7 0.616796875 0.5083333333333333 0.01484375 0.027777777777777776
7 0.615234375 0.4076388888888889 0.01015625 0.029166666666666667
7 0.62578125 0.4583333333333333 0.0125 0.03333333333333333
7 0.35625 0.6597222222222222 0.015625 0.03333333333333333
7 0.3265625 0.7027777777777777 0.0140625 0.044444444444444446
7 0.2953125 0.625 0.0140625 0.03611111111111111
7 0.327734375 0.3763888888888889 0.01171875 0.025
7 0.305078125 0.2847222222222222 0.01484375 0.022222222222222223
7 0.275 0.43125 0.0125 0.034722222222222224
7 0.39375 0.04236111111111111 0.0109375 0.02361111111111111
7 0.40703125 0.03611111111111111 0.0109375 0.025
7 0.465625 0.06875 0.0109375 0.02361111111111111
7 0.47890625 0.05486111111111111 0.0109375 0.02361111111111111
7 0.476171875 0.1125 0.01015625 0.027777777777777776
7 0.49375 0.06527777777777778 0.009375 0.016666666666666666
7 0.2484375 0.07152777777777777 0.0078125 0.02361111111111111
7 0.265234375 0.06388888888888888 0.00859375 0.022222222222222223
7 0.266015625 0.10277777777777777 0.00859375 0.022222222222222223
7 0.244140625 0.03333333333333333 0.00859375 0.022222222222222223
7 0.262890625 0.02361111111111111 0.00859375 0.022222222222222223
7 0.153125 0.41875 0.0109375 0.0375
7 0.167578125 0.40208333333333335 0.01171875 0.0375
7 0.17890625 0.39375 0.009375 0.04027777777777778
7 0.212109375 0.38263888888888886 0.00703125 0.03194444444444444
7 0.171875 0.2263888888888889 0.0109375 0.022222222222222223
7 0.110546875 0.07152777777777777 0.00859375 0.018055555555555554
7 0.1046875 0.049305555555555554 0.009375 0.015277777777777777
7 0.248828125 0.013888888888888888 0.00859375 0.019444444444444445
7 0.541796875 0.018055555555555554 0.00859375 0.03333333333333333
7 0.883984375 0.03194444444444444 0.01328125 0.019444444444444445
