7 0.7265625 0.6236111111111111 0.0171875 0.025
7 0.621484375 0.3729166666666667 0.01796875 0.029166666666666667
7 0.738671875 0.75 0.02421875 0.03333333333333333
7 0.535546875 0.21180555555555555 0.01484375 0.02361111111111111
7 0.273046875 0.21180555555555555 0.01015625 0.02638888888888889
7 0.2765625 0.23125 0.009375 0.03194444444444444
7 0.243359375 0.25069444444444444 0.00703125 0.034722222222222224
7 0.21953125 0.26944444444444443 0.009375 0.027777777777777776
7 0.22421875 0.26875 0.0078125 0.03194444444444444
7 0.230859375 0.2652777777777778 0.01015625 0.03611111111111111
7 0.366796875 0.4152777777777778 0.01328125 0.030555555555555555
7 0.40859375 0.39861111111111114 0.0140625 0.030555555555555555
7 0.363671875 0.36319444444444443 0.01328125 0.029166666666666667
7 0.387890625 0.35347222222222224 0.01328125 0.029166666666666667
7 0.3671875 0.2965277777777778 0.0140625 0.029166666666666667
7 0.373828125 0.24722222222222223 0.01171875 0.025
7 0.34453125 0.24305555555555555 0.0140625 0.025
7 0.36015625 0.19722222222222222 0.0125 0.025
7 0.338671875 0.21388888888888888 0.01328125 0.027777777777777776
7 0.37109375 0.14930555555555555 0.009375 0.018055555555555554
7 0.364453125 0.12222222222222222 0.01015625 0.019444444444444445
7 0.3125 0.12152777777777778 0.0109375 0.020833333333333332
7 0.319921875 0.10138888888888889 0.01015625 0.022222222222222223
7 0.33359375 0.05486111111111111 0.009375 0.018055555555555554
7 0.3140625 0.041666666666666664 0.009375 0.019444444444444445
7 0.703515625 0.6597222222222222 0.01640625 0.03333333333333333
7 0.607421875 0.5006944444444444 0.01484375 0.034722222222222224
7 0.48828125 0.06666666666666667 0.0109375 0.022222222222222223
7 0.586328125 0.14930555555555555 0.01015625 0.020833333333333332
7 0.60625 0.1638888888888889 0.0125 0.022222222222222223
7 0.600390625 0.20069444444444445 0.01328125 0.02361111111111111
7 0.61953125 0.17222222222222222 0.0125 0.022222222222222223
7 0.651953125 0.24722222222222223 0.01484375 0.025
