7 0.125390625 0.5243055555555556 0.01484375 0.0763888888888889
7 0.14609375 0.525 0.015625 0.08888888888888889
7 0.105859375 0.5291666666666667 0.01328125 0.08055555555555556
7 0.5921875 0.3576388888888889 0.0171875 0.05138888888888889
7 0.1375 0.5152777777777777 0.0125 0.08055555555555556
7 0.1296875 0.4951388888888889 0.0140625 0.05416666666666667
7 0.42421875 0.09236111111111112 0.0078125 0.020833333333333332
7 0.494921875 0.1284722222222222 0.00703125 0.034722222222222224
7 0.498046875 0.12430555555555556 0.00546875 0.0375
7 0.5 0.24097222222222223 0.0125 0.034722222222222224
7 0.47734375 0.09375 0.0078125 0.03194444444444444
7 0.4671875 0.09236111111111112 0.0078125 0.034722222222222224
