7 0.218359375 0.5909722222222222 0.01484375 0.08472222222222223
7 0.742578125 0.6076388888888888 0.02265625 0.06805555555555555
7 0.37265625 0.48125 0.0171875 0.05694444444444444
7 0.18828125 0.5916666666666667 0.015625 0.075
7 0.601953125 0.5541666666666667 0.01796875 0.044444444444444446
7 0.205859375 0.5763888888888888 0.01171875 0.08333333333333333
7 0.21796875 0.5354166666666667 0.0140625 0.043055555555555555
7 0.22109375 0.5805555555555556 0.0125 0.08055555555555556
7 0.200390625 0.5916666666666667 0.01171875 0.08055555555555556
7 0.485546875 0.1361111111111111 0.00703125 0.019444444444444445
7 0.486328125 0.11527777777777778 0.00859375 0.016666666666666666
7 0.49921875 0.15625 0.009375 0.020833333333333332
7 0.537109375 0.3701388888888889 0.01484375 0.0375
7 0.60234375 0.5430555555555555 0.01875 0.03611111111111111
7 0.74375 0.6041666666666666 0.0203125 0.05277777777777778
7 0.5375 0.09027777777777778 0.0078125 0.019444444444444445
