7 0.161 0.4660377358490566 0.052 0.12830188679245283
7 0.9145 0.34056603773584904 0.047 0.11132075471698114
7 0.308 0.7981132075471699 0.074 0.1509433962264151
7 0.274 0.4650943396226415 0.052 0.11509433962264151
7 0.3305 0.2981132075471698 0.035 0.09056603773584905
7 0.2625 0.2990566037735849 0.039 0.062264150943396226
7 0.9255 0.22169811320754718 0.033 0.06981132075471698
7 0.888 0.2188679245283019 0.032 0.06415094339622641
7 0.331 0.28962264150943395 0.038 0.09245283018867924
7 0.5585 0.0509433962264151 0.021 0.04150943396226415
7 0.4815 0.024528301886792454 0.019 0.03773584905660377
7 0.8365 0.08113207547169811 0.025 0.045283018867924525
7 0.8285 0.1792452830188679 0.031 0.06037735849056604
