7 0.1453125 0.5270833333333333 0.015625 0.08194444444444444
7 0.108984375 0.5277777777777778 0.01953125 0.07777777777777778
7 0.12734375 0.5229166666666667 0.015625 0.0763888888888889
7 0.58125 0.41805555555555557 0.0171875 0.05
7 0.805078125 0.7798611111111111 0.02421875 0.09305555555555556
7 0.679296875 0.16875 0.01015625 0.05416666666666667
7 0.141796875 0.5138888888888888 0.01484375 0.08055555555555556
7 0.132421875 0.5006944444444444 0.01484375 0.07083333333333333
7 0.428515625 0.03958333333333333 0.00703125 0.018055555555555554
7 0.495703125 0.31875 0.01015625 0.029166666666666667
7 0.794140625 0.7694444444444445 0.01953125 0.10555555555555556
