7 0.571875 0.2881944444444444 0.01875 0.043055555555555555
7 0.239453125 0.78125 0.03515625 0.0763888888888889
7 0.4140625 0.3333333333333333 0.01875 0.044444444444444446
7 0.5953125 0.3138888888888889 0.01875 0.030555555555555555
7 0.271875 0.59375 0.0234375 0.09583333333333334
7 0.255859375 0.5972222222222222 0.01953125 0.08055555555555556
7 0.220703125 0.6263888888888889 0.03046875 0.08333333333333333
7 0.611328125 0.17569444444444443 0.01171875 0.020833333333333332
7 0.5890625 0.03333333333333333 0.0109375 0.030555555555555555
7 0.59609375 0.03263888888888889 0.009375 0.029166666666666667
