7 0.5845 0.41226415094339625 0.055 0.14150943396226415
7 0.7695 0.4377358490566038 0.051 0.1509433962264151
7 0.8705 0.24622641509433962 0.043 0.11132075471698114
7 0.4115 0.18584905660377357 0.033 0.08113207547169811
7 0.9735 0.2632075471698113 0.043 0.12641509433962264
7 0.929 0.5273584905660378 0.06 0.17169811320754716
7 0.8505 0.39339622641509436 0.053 0.14150943396226415
7 0.0645 0.32358490566037734 0.043 0.1490566037735849
7 0.28 0.35094339622641507 0.028 0.05660377358490566
7 0.808 0.2858490566037736 0.038 0.10377358490566038
7 0.509 0.10283018867924529 0.03 0.0660377358490566
7 0.9045 0.3292452830188679 0.045 0.12264150943396226
7 0.4645 0.08773584905660377 0.033 0.05471698113207547
