7 0.0265625 0.38472222222222224 0.0203125 0.044444444444444446
7 0.048046875 0.2965277777777778 0.02109375 0.043055555555555555
7 0.081640625 0.5097222222222222 0.02421875 0.044444444444444446
7 0.2046875 0.14305555555555555 0.021875 0.05277777777777778
7 0.175390625 0.03194444444444444 0.01796875 0.044444444444444446
7 0.087109375 0.10277777777777777 0.01484375 0.06111111111111111
7 0.07578125 0.1 0.0140625 0.041666666666666664
7 0.6546875 0.22361111111111112 0.0125 0.041666666666666664
7 0.52265625 0.6152777777777778 0.0140625 0.041666666666666664
7 0.42421875 0.4534722222222222 0.0109375 0.03194444444444444
7 0.459375 0.4263888888888889 0.015625 0.03333333333333333
7 0.48515625 0.45555555555555555 0.0109375 0.027777777777777776
7 0.481640625 0.49375 0.01171875 0.02361111111111111
7 0.47578125 0.54375 0.015625 0.034722222222222224
7 0.76875 0.5423611111111111 0.0109375 0.020833333333333332
7 0.872265625 0.43194444444444446 0.01484375 0.030555555555555555
7 0.97265625 0.2777777777777778 0.015625 0.03333333333333333
7 0.13125 0.6694444444444444 0.0203125 0.041666666666666664
7 0.129296875 0.7618055555555555 0.01640625 0.03194444444444444
7 0.928125 0.075 0.0078125 0.030555555555555555
7 0.936328125 0.14375 0.00703125 0.02361111111111111
7 0.980078125 0.15763888888888888 0.00703125 0.029166666666666667
7 0.4734375 0.05347222222222222 0.0109375 0.020833333333333332
7 0.714453125 0.33055555555555555 0.01171875 0.03333333333333333
7 0.4171875 0.4270833333333333 0.0171875 0.0375
7 0.403515625 0.39791666666666664 0.01171875 0.03194444444444444
7 0.387890625 0.34375 0.01328125 0.029166666666666667
7 0.95703125 0.15833333333333333 0.0140625 0.058333333333333334
7 0.629296875 0.5486111111111112 0.00703125 0.022222222222222223
7 0.58515625 0.15138888888888888 0.0140625 0.041666666666666664
7 0.372265625 0.4888888888888889 0.01015625 0.025
7 0.394140625 0.49722222222222223 0.01171875 0.027777777777777776
7 0.751953125 0.7256944444444444 0.01953125 0.034722222222222224
