7 0.167578125 0.5625 0.01328125 0.07777777777777778
7 0.54375 0.6083333333333333 0.0171875 0.06388888888888888
7 0.18828125 0.5534722222222223 0.0140625 0.08194444444444444
7 0.615625 0.7388888888888889 0.028125 0.06944444444444445
7 0.178515625 0.5340277777777778 0.01328125 0.07916666666666666
7 0.35390625 0.3715277777777778 0.015625 0.043055555555555555
7 0.19296875 0.5430555555555555 0.0109375 0.07777777777777778
7 0.1734375 0.5423611111111111 0.0140625 0.08194444444444444
7 0.463671875 0.059027777777777776 0.00703125 0.015277777777777777
7 0.52109375 0.14791666666666667 0.0078125 0.029166666666666667
7 0.50859375 0.1326388888888889 0.009375 0.02638888888888889
7 0.540234375 0.20694444444444443 0.00703125 0.030555555555555555
7 0.6078125 0.4625 0.0171875 0.05277777777777778
7 0.6171875 0.7444444444444445 0.0234375 0.06666666666666667
