7 0.103515625 0.8395833333333333 0.00859375 0.02638888888888889
7 0.7046875 0.8583333333333333 0.0125 0.030555555555555555
7 0.38203125 0.8 0.0125 0.022222222222222223
7 0.122265625 0.6958333333333333 0.01328125 0.05
7 0.6828125 0.8590277777777777 0.0125 0.034722222222222224
7 0.73828125 0.8840277777777777 0.0125 0.029166666666666667
7 0.726171875 0.9305555555555556 0.00859375 0.027777777777777776
7 0.74140625 0.9236111111111112 0.0125 0.027777777777777776
7 0.753515625 0.9604166666666667 0.01171875 0.02638888888888889
7 0.717578125 0.6298611111111111 0.01015625 0.020833333333333332
7 0.43828125 0.46041666666666664 0.009375 0.04027777777777778
7 0.447265625 0.4486111111111111 0.00703125 0.03333333333333333
7 0.4515625 0.43680555555555556 0.00625 0.029166666666666667
7 0.178125 0.6145833333333334 0.0171875 0.05138888888888889
7 0.625 0.5270833333333333 0.0109375 0.020833333333333332
7 0.725390625 0.9694444444444444 0.00859375 0.027777777777777776
7 0.348046875 0.04861111111111111 0.00546875 0.025
7 0.359765625 0.04861111111111111 0.00546875 0.025
7 0.310546875 0.08611111111111111 0.00546875 0.025
7 0.125390625 0.8652777777777778 0.01640625 0.06111111111111111
7 0.102734375 0.6416666666666667 0.01171875 0.05
7 0.445703125 0.030555555555555555 0.00703125 0.016666666666666666
7 0.41484375 0.23055555555555557 0.009375 0.019444444444444445
7 0.718359375 0.30069444444444443 0.00546875 0.020833333333333332
7 0.802734375 0.9715277777777778 0.00859375 0.020833333333333332
