7 0.959375 0.5770833333333333 0.0546875 0.13472222222222222
7 0.846875 0.7805555555555556 0.059375 0.19166666666666668
7 0.35234375 0.4979166666666667 0.05 0.11805555555555555
7 0.768359375 0.4111111111111111 0.03515625 0.12777777777777777
7 0.858203125 0.3576388888888889 0.03359375 0.09027777777777778
7 0.965234375 0.3458333333333333 0.03515625 0.1111111111111111
7 0.658984375 0.2569444444444444 0.02578125 0.08055555555555556
7 0.85078125 0.013194444444444444 0.01875 0.02638888888888889
7 0.76640625 0.4166666666666667 0.0328125 0.12222222222222222
7 0.858203125 0.36944444444444446 0.03203125 0.07777777777777778
