7 0.147265625 0.5270833333333333 0.01640625 0.08472222222222223
7 0.125390625 0.5263888888888889 0.01640625 0.07777777777777778
7 0.106640625 0.5326388888888889 0.01484375 0.07916666666666666
7 0.51484375 0.275 0.0140625 0.041666666666666664
7 0.140625 0.51875 0.01875 0.07916666666666666
7 0.42109375 0.08055555555555556 0.0078125 0.022222222222222223
7 0.49296875 0.12638888888888888 0.00625 0.03333333333333333
7 0.496875 0.12222222222222222 0.00625 0.03611111111111111
7 0.62734375 0.41597222222222224 0.015625 0.05416666666666667
7 0.62109375 0.40902777777777777 0.0109375 0.05416666666666667
