7 0.31875 0.27569444444444446 0.0140625 0.0375
7 0.151953125 0.5173611111111112 0.01328125 0.08194444444444444
7 0.18828125 0.5166666666666667 0.0171875 0.08055555555555556
7 0.166796875 0.5173611111111112 0.01328125 0.08194444444444444
7 0.181640625 0.5076388888888889 0.01171875 0.08194444444444444
7 0.610546875 0.28402777777777777 0.01171875 0.0375
7 0.175 0.4986111111111111 0.0109375 0.08055555555555556
7 0.17109375 0.5069444444444444 0.0125 0.08333333333333333
7 0.295703125 0.16180555555555556 0.00859375 0.04027777777777778
7 0.535546875 0.11666666666666667 0.00546875 0.03611111111111111
7 0.540625 0.12430555555555556 0.00625 0.03194444444444444
