7 0.31484375 0.6208333333333333 0.0921875 0.4777777777777778
7 0.7296875 0.19444444444444445 0.0140625 0.025
7 0.58359375 0.20069444444444445 0.0140625 0.02361111111111111
7 0.930859375 0.1451388888888889 0.01328125 0.02638888888888889
7 0.4453125 0.16041666666666668 0.0171875 0.029166666666666667
7 0.698828125 0.3263888888888889 0.01484375 0.04722222222222222
7 0.465234375 0.1597222222222222 0.01328125 0.027777777777777776
7 0.555859375 0.17152777777777778 0.01171875 0.020833333333333332
7 0.54921875 0.1909722222222222 0.0125 0.02638888888888889
7 0.53828125 0.16458333333333333 0.0109375 0.0125
