7 0.58203125 0.16597222222222222 0.01875 0.059722222222222225
7 0.539453125 0.10416666666666667 0.01640625 0.058333333333333334
7 0.423828125 0.5277777777777778 0.03984375 0.09166666666666666
7 0.44140625 0.7083333333333334 0.0546875 0.1388888888888889
7 0.569140625 0.06805555555555555 0.01484375 0.044444444444444446
7 0.596875 0.1326388888888889 0.0203125 0.05416666666666667
7 0.34921875 0.12569444444444444 0.0203125 0.043055555555555555
7 0.4765625 0.019444444444444445 0.0125 0.03888888888888889
7 0.708984375 0.24444444444444444 0.02734375 0.08055555555555556
7 0.597265625 0.1451388888888889 0.01640625 0.059722222222222225
7 0.43359375 0.6791666666666667 0.040625 0.10833333333333334
