7 0.2525 0.32452830188679244 0.041 0.1018867924528302
7 0.349 0.30849056603773584 0.038 0.08113207547169811
7 0.8675 0.27641509433962264 0.037 0.09245283018867924
7 0.405 0.49528301886792453 0.058 0.1339622641509434
7 0.934 0.30377358490566037 0.038 0.07924528301886792
7 0.865 0.13679245283018868 0.026 0.04716981132075472
7 0.335 0.19433962264150945 0.028 0.06415094339622641
7 0.977 0.3150943396226415 0.04 0.10566037735849057
7 0.3795 0.21320754716981133 0.033 0.07924528301886792
7 0.3775 0.21132075471698114 0.033 0.08679245283018867
7 0.564 0.02547169811320755 0.018 0.03207547169811321
7 0.8 0.0660377358490566 0.024 0.03018867924528302
