7 0.400390625 0.7645833333333333 0.01484375 0.029166666666666667
7 0.507421875 0.4395833333333333 0.00703125 0.029166666666666667
7 0.24375 0.59375 0.0109375 0.020833333333333332
7 0.383984375 0.8055555555555556 0.01171875 0.027777777777777776
7 0.3921875 0.5284722222222222 0.0109375 0.020833333333333332
7 0.2328125 0.9541666666666667 0.0140625 0.025
7 0.534765625 0.5361111111111111 0.00859375 0.03611111111111111
7 0.4640625 0.42916666666666664 0.00625 0.016666666666666666
7 0.41796875 0.3 0.00625 0.027777777777777776
7 0.422265625 0.3 0.00703125 0.027777777777777776
7 0.483203125 0.7854166666666667 0.01484375 0.03194444444444444
7 0.4140625 0.5736111111111111 0.0109375 0.022222222222222223
7 0.276171875 0.6604166666666667 0.00859375 0.02638888888888889
7 0.225 0.7006944444444444 0.0109375 0.02638888888888889
7 0.444921875 0.46458333333333335 0.00703125 0.018055555555555554
7 0.43671875 0.44583333333333336 0.00625 0.013888888888888888
7 0.43125 0.4340277777777778 0.0078125 0.018055555555555554
7 0.454296875 0.4930555555555556 0.00859375 0.019444444444444445
7 0.459375 0.5111111111111111 0.0078125 0.019444444444444445
7 0.451171875 0.47708333333333336 0.00703125 0.0125
7 0.4390625 0.5215277777777778 0.00625 0.018055555555555554
7 0.18671875 0.1763888888888889 0.00625 0.011111111111111112
7 0.251171875 0.2833333333333333 0.00703125 0.016666666666666666
7 0.195703125 0.4097222222222222 0.00859375 0.019444444444444445
7 0.201171875 0.33055555555555555 0.00703125 0.013888888888888888
7 0.16640625 0.33402777777777776 0.00625 0.015277777777777777
7 0.30625 0.34305555555555556 0.009375 0.019444444444444445
7 0.179296875 0.925 0.00859375 0.05
7 0.187890625 0.9222222222222223 0.00703125 0.04722222222222222
7 0.194921875 0.9333333333333333 0.01015625 0.03888888888888889
7 0.0359375 0.7208333333333333 0.0140625 0.025
7 0.038671875 0.6847222222222222 0.01015625 0.041666666666666664
7 0.033203125 0.6826388888888889 0.00859375 0.043055555555555555
7 0.185546875 0.6708333333333333 0.00703125 0.04722222222222222
7 0.0640625 0.5173611111111112 0.009375 0.02361111111111111
7 0.042578125 0.41944444444444445 0.00859375 0.022222222222222223
7 0.041015625 0.38958333333333334 0.00703125 0.029166666666666667
7 0.031640625 0.38333333333333336 0.00546875 0.025
7 0.046875 0.3590277777777778 0.0078125 0.015277777777777777
7 0.050390625 0.3784722222222222 0.00703125 0.018055555555555554
7 0.050390625 0.39305555555555555 0.00546875 0.022222222222222223
7 0.02890625 0.3548611111111111 0.00625 0.02361111111111111
7 0.038671875 0.32708333333333334 0.00703125 0.018055555555555554
7 0.03515625 0.3111111111111111 0.0078125 0.016666666666666666
7 0.021484375 0.3125 0.00703125 0.030555555555555555
7 0.066796875 0.10138888888888889 0.00703125 0.013888888888888888
7 0.074609375 0.1076388888888889 0.00546875 0.015277777777777777
7 0.106640625 0.07361111111111111 0.00546875 0.025
7 0.1125 0.1701388888888889 0.00625 0.0125
7 0.113671875 0.1875 0.00703125 0.016666666666666666
7 0.10546875 0.18541666666666667 0.00625 0.0125
7 0.125390625 0.19652777777777777 0.00703125 0.018055555555555554
7 0.140234375 0.21319444444444444 0.00703125 0.018055555555555554
7 0.12734375 0.2548611111111111 0.00625 0.015277777777777777
7 0.137890625 0.2763888888888889 0.00859375 0.016666666666666666
7 0.16796875 0.28194444444444444 0.00625 0.013888888888888888
7 0.170703125 0.2902777777777778 0.00859375 0.013888888888888888
7 0.18046875 0.33541666666666664 0.0078125 0.015277777777777777
7 0.18515625 0.3194444444444444 0.0078125 0.013888888888888888
7 0.299609375 0.8305555555555556 0.01484375 0.030555555555555555
7 0.253515625 0.9798611111111111 0.01640625 0.02638888888888889
7 0.351953125 0.4861111111111111 0.01015625 0.016666666666666666
7 0.3671875 0.4722222222222222 0.009375 0.019444444444444445
7 0.36328125 0.4736111111111111 0.0078125 0.025
7 0.312890625 0.48055555555555557 0.01015625 0.019444444444444445
7 0.126171875 0.05347222222222222 0.00546875 0.015277777777777777
7 0.187109375 0.12916666666666668 0.00859375 0.03333333333333333
7 0.273828125 0.13125 0.00546875 0.020833333333333332
7 0.291796875 0.1798611111111111 0.00703125 0.009722222222222222
7 0.317578125 0.22916666666666666 0.00859375 0.016666666666666666
7 0.378125 0.3527777777777778 0.0078125 0.013888888888888888
7 0.3890625 0.36666666666666664 0.0078125 0.013888888888888888
7 0.398828125 0.37569444444444444 0.00859375 0.0125
7 0.384765625 0.26319444444444445 0.00703125 0.02638888888888889
7 0.390625 0.25625 0.0046875 0.029166666666666667
7 0.45234375 0.5326388888888889 0.0109375 0.020833333333333332
7 0.4765625 0.5368055555555555 0.0125 0.020833333333333332
7 0.534765625 0.6888888888888889 0.01328125 0.022222222222222223
7 0.517578125 0.21388888888888888 0.00703125 0.027777777777777776
7 0.710546875 0.6444444444444445 0.01015625 0.044444444444444446
