7 0.11171875 0.8596214511041009 0.053125 0.1861198738170347
7 0.853125 0.3304416403785489 0.0328125 0.11514195583596215
7 0.457421875 0.16640378548895898 0.02265625 0.07728706624605679
7 0.388671875 0.6608832807570978 0.05234375 0.14826498422712933
7 0.9625 0.7854889589905363 0.0546875 0.1640378548895899
7 0.10625 0.8840694006309149 0.0890625 0.1971608832807571
7 0.508203125 0.11987381703470032 0.02109375 0.050473186119873815
7 0.9578125 0.7137223974763407 0.0375 0.09936908517350158
7 0.723046875 0.03943217665615142 0.01640625 0.06309148264984227
7 0.3796875 0.6861198738170347 0.0484375 0.1608832807570978
7 0.854296875 0.32965299684542587 0.02890625 0.08517350157728706
