7 0.3609375 0.5222222222222223 0.0109375 0.016666666666666666
7 0.17109375 0.6923611111111111 0.0109375 0.034722222222222224
7 0.483984375 0.31319444444444444 0.01015625 0.015277777777777777
7 0.401953125 0.8041666666666667 0.00859375 0.03888888888888889
7 0.730859375 0.8409722222222222 0.01328125 0.02361111111111111
7 0.70859375 0.8361111111111111 0.0125 0.022222222222222223
7 0.72265625 0.7680555555555556 0.0125 0.019444444444444445
7 0.691015625 0.81875 0.01171875 0.02638888888888889
7 0.673046875 0.8402777777777778 0.01484375 0.022222222222222223
7 0.672265625 0.76875 0.01015625 0.03194444444444444
7 0.667578125 0.6277777777777778 0.01171875 0.025
7 0.66875 0.5680555555555555 0.0078125 0.025
7 0.45234375 0.22777777777777777 0.009375 0.013888888888888888
7 0.471875 0.175 0.009375 0.013888888888888888
7 0.483203125 0.18680555555555556 0.01015625 0.015277777777777777
7 0.6671875 0.5958333333333333 0.0078125 0.025
7 0.675390625 0.71875 0.00859375 0.02361111111111111
7 0.6703125 0.6847222222222222 0.0078125 0.019444444444444445
7 0.6734375 0.6534722222222222 0.009375 0.020833333333333332
7 0.59375 0.6875 0.0078125 0.019444444444444445
7 0.635546875 0.7486111111111111 0.00703125 0.022222222222222223
7 0.673046875 0.8034722222222223 0.01015625 0.02361111111111111
7 0.71796875 0.8111111111111111 0.0125 0.019444444444444445
7 0.78359375 0.8069444444444445 0.0109375 0.027777777777777776
7 0.6140625 0.35138888888888886 0.0046875 0.013888888888888888
7 0.692578125 0.3638888888888889 0.00546875 0.016666666666666666
7 0.72265625 0.4895833333333333 0.00625 0.018055555555555554
7 0.738671875 0.44722222222222224 0.00546875 0.016666666666666666
7 0.558984375 0.17916666666666667 0.00390625 0.013888888888888888
7 0.565234375 0.18472222222222223 0.00390625 0.011111111111111112
7 0.566015625 0.07708333333333334 0.00234375 0.009722222222222222
7 0.205078125 0.4777777777777778 0.01015625 0.03888888888888889
7 0.23359375 0.4986111111111111 0.009375 0.03333333333333333
7 0.206640625 0.5930555555555556 0.00859375 0.030555555555555555
7 0.04609375 0.7791666666666667 0.0109375 0.027777777777777776
7 0.2765625 0.8430555555555556 0.0078125 0.027777777777777776
7 0.40390625 0.7854166666666667 0.00625 0.04027777777777778
7 0.410546875 0.8125 0.00859375 0.03888888888888889
7 0.586328125 0.6638888888888889 0.00859375 0.03888888888888889
7 0.00546875 0.5486111111111112 0.0078125 0.022222222222222223
7 0.0609375 0.6715277777777777 0.009375 0.029166666666666667
7 0.087109375 0.7180555555555556 0.01015625 0.030555555555555555
7 0.101171875 0.7319444444444444 0.01328125 0.03888888888888889
7 0.141796875 0.7513888888888889 0.01484375 0.044444444444444446
7 0.153515625 0.7784722222222222 0.00703125 0.020833333333333332
7 0.1125 0.4152777777777778 0.0125 0.027777777777777776
7 0.15546875 0.36944444444444446 0.009375 0.025
7 0.271875 0.4222222222222222 0.0078125 0.030555555555555555
7 0.24921875 0.4888888888888889 0.009375 0.022222222222222223
7 0.333984375 0.2465277777777778 0.00703125 0.02638888888888889
7 0.348828125 0.225 0.00703125 0.030555555555555555
7 0.45625 0.1326388888888889 0.00625 0.0125
7 0.458203125 0.08263888888888889 0.00703125 0.0125
7 0.586328125 0.13958333333333334 0.00859375 0.018055555555555554
7 0.6140625 0.16180555555555556 0.0078125 0.015277777777777777
7 0.606640625 0.2361111111111111 0.00703125 0.025
7 0.5484375 0.2881944444444444 0.00625 0.029166666666666667
7 0.892578125 0.9395833333333333 0.01640625 0.0375
7 0.85390625 0.6743055555555556 0.0140625 0.02361111111111111
7 0.839453125 0.66875 0.01328125 0.020833333333333332
7 0.84609375 0.6388888888888888 0.0109375 0.027777777777777776
7 0.769921875 0.44305555555555554 0.01171875 0.025
