7 0.969140625 0.7152777777777778 0.02265625 0.044444444444444446
7 0.787109375 0.6020833333333333 0.02421875 0.05694444444444444
7 0.932421875 0.7125 0.02578125 0.041666666666666664
7 0.7921875 0.8138888888888889 0.0265625 0.03333333333333333
7 0.625390625 0.4875 0.02109375 0.027777777777777776
7 0.970703125 0.9486111111111111 0.02265625 0.041666666666666664
7 0.687109375 0.31180555555555556 0.01640625 0.029166666666666667
7 0.740234375 0.3645833333333333 0.01328125 0.020833333333333332
7 0.72578125 0.21805555555555556 0.0140625 0.030555555555555555
7 0.3140625 0.35694444444444445 0.0125 0.027777777777777776
7 0.69375 0.2513888888888889 0.0171875 0.027777777777777776
