7 0.3609375 0.4305993690851735 0.0359375 0.0914826498422713
7 0.4078125 0.27602523659305994 0.0203125 0.05993690851735016
7 0.50546875 0.37618296529968454 0.025 0.08675078864353312
7 0.395703125 0.5118296529968455 0.03046875 0.11514195583596215
7 0.728125 0.6198738170347003 0.04375 0.14195583596214512
7 0.30078125 0.4952681388012618 0.0328125 0.09779179810725552
7 0.307421875 0.4195583596214511 0.02890625 0.07570977917981073
7 0.45078125 0.305205047318612 0.021875 0.0804416403785489
7 0.630859375 0.04810725552050473 0.01015625 0.033123028391167195
7 0.41796875 0.17902208201892744 0.0171875 0.052050473186119876
7 0.471484375 0.06545741324921135 0.01171875 0.033123028391167195
7 0.72890625 0.6072555205047319 0.0390625 0.14195583596214512
7 0.4890625 0.19321766561514195 0.0140625 0.03627760252365931
7 0.821875 0.9605678233438486 0.05 0.07570977917981073
7 0.496875 0.015772870662460567 0.0109375 0.022082018927444796
