7 0.537109375 0.30625 0.01171875 0.05138888888888889
7 0.55390625 0.28125 0.009375 0.043055555555555555
7 0.45078125 0.7881944444444444 0.021875 0.0625
7 0.680859375 0.6270833333333333 0.01640625 0.05694444444444444
7 0.5609375 0.3375 0.0140625 0.03333333333333333
7 0.66484375 0.17569444444444443 0.0078125 0.03194444444444444
7 0.407421875 0.7513888888888889 0.01328125 0.075
7 0.5875 0.18958333333333333 0.00625 0.034722222222222224
7 0.696875 0.11388888888888889 0.00625 0.022222222222222223
7 0.66640625 0.05347222222222222 0.00625 0.02638888888888889
7 0.691015625 0.03958333333333333 0.00546875 0.029166666666666667
7 0.613671875 0.07777777777777778 0.00703125 0.027777777777777776
7 0.728125 0.12083333333333333 0.00625 0.03333333333333333
