7 0.39609375 0.6152777777777778 0.0203125 0.08333333333333333
7 0.25390625 0.48194444444444445 0.0203125 0.08611111111111111
7 0.68984375 0.3625 0.015625 0.030555555555555555
7 0.222265625 0.4895833333333333 0.01328125 0.06805555555555555
7 0.726171875 0.3861111111111111 0.01796875 0.05
7 0.24296875 0.46944444444444444 0.0109375 0.08055555555555556
7 0.726171875 0.2916666666666667 0.00859375 0.058333333333333334
7 0.452734375 0.06736111111111111 0.01015625 0.029166666666666667
7 0.237890625 0.4777777777777778 0.01328125 0.08055555555555556
7 0.233203125 0.4840277777777778 0.01484375 0.07361111111111111
7 0.592578125 0.08263888888888889 0.00703125 0.03194444444444444
7 0.598046875 0.09097222222222222 0.00703125 0.034722222222222224
7 0.73515625 0.2923611111111111 0.009375 0.05694444444444444
