7 0.296484375 0.44583333333333336 0.00546875 0.022222222222222223
7 0.3328125 0.9201388888888888 0.0125 0.034722222222222224
7 0.728125 0.8784722222222222 0.00625 0.04027777777777778
7 0.734375 0.8791666666666667 0.00625 0.03888888888888889
7 0.724609375 0.84375 0.00703125 0.034722222222222224
7 0.7125 0.8409722222222222 0.0109375 0.02361111111111111
7 0.71640625 0.6611111111111111 0.009375 0.022222222222222223
7 0.685546875 0.3368055555555556 0.00703125 0.0125
7 0.717578125 0.27708333333333335 0.00859375 0.020833333333333332
7 0.6859375 0.2659722222222222 0.00625 0.015277777777777777
7 0.5125 0.020833333333333332 0.00625 0.019444444444444445
7 0.465625 0.022916666666666665 0.0046875 0.009722222222222222
7 0.369140625 0.13958333333333334 0.00703125 0.015277777777777777
7 0.35625 0.11597222222222223 0.0078125 0.015277777777777777
7 0.44609375 0.1597222222222222 0.00625 0.013888888888888888
7 0.4921875 0.16805555555555557 0.0046875 0.013888888888888888
7 0.484765625 0.15 0.00703125 0.013888888888888888
7 0.481640625 0.10972222222222222 0.00546875 0.013888888888888888
7 0.322265625 0.011111111111111112 0.00546875 0.013888888888888888
7 0.269921875 0.05486111111111111 0.00546875 0.0125
7 0.308203125 0.2763888888888889 0.00546875 0.022222222222222223
7 0.29921875 0.27569444444444446 0.00625 0.0125
7 0.313671875 0.28680555555555554 0.00546875 0.015277777777777777
7 0.31796875 0.30069444444444443 0.00625 0.015277777777777777
7 0.339453125 0.3215277777777778 0.00703125 0.015277777777777777
7 0.325 0.36527777777777776 0.0078125 0.016666666666666666
7 0.3484375 0.3645833333333333 0.00625 0.02638888888888889
7 0.25546875 0.5013888888888889 0.00625 0.027777777777777776
7 0.26953125 0.5798611111111112 0.00625 0.029166666666666667
7 0.307421875 0.5666666666666667 0.00859375 0.022222222222222223
7 0.260546875 0.6354166666666666 0.00859375 0.02638888888888889
7 0.20078125 0.8243055555555555 0.0078125 0.034722222222222224
7 0.203125 0.8333333333333334 0.0078125 0.03611111111111111
7 0.203125 0.8055555555555556 0.0109375 0.027777777777777776
7 0.62265625 0.5861111111111111 0.0140625 0.025
7 0.571484375 0.5333333333333333 0.01171875 0.025
7 0.5375 0.6381944444444444 0.0125 0.0375
7 0.46015625 0.5013888888888889 0.0125 0.025
7 0.452734375 0.41597222222222224 0.01015625 0.020833333333333332
7 0.4671875 0.38055555555555554 0.009375 0.022222222222222223
7 0.47421875 0.3993055555555556 0.009375 0.020833333333333332
7 0.47890625 0.26944444444444443 0.009375 0.016666666666666666
7 0.42734375 0.33819444444444446 0.009375 0.018055555555555554
7 0.403515625 0.3701388888888889 0.01015625 0.02638888888888889
7 0.328125 0.5729166666666666 0.009375 0.02638888888888889
7 0.41015625 0.6284722222222222 0.009375 0.020833333333333332
7 0.41015625 0.6229166666666667 0.0125 0.02638888888888889
7 0.36015625 0.48055555555555557 0.009375 0.025
7 0.539453125 0.06319444444444444 0.00546875 0.0125
7 0.558984375 0.2548611111111111 0.00703125 0.018055555555555554
7 0.584375 0.23472222222222222 0.00625 0.016666666666666666
7 0.587890625 0.26666666666666666 0.00546875 0.013888888888888888
7 0.596484375 0.29444444444444445 0.00703125 0.030555555555555555
7 0.5671875 0.28680555555555554 0.00625 0.03194444444444444
7 0.55390625 0.27361111111111114 0.00625 0.013888888888888888
7 0.671875 0.1597222222222222 0.00625 0.013888888888888888
7 0.626953125 0.19305555555555556 0.00546875 0.013888888888888888
7 0.619921875 0.19027777777777777 0.00546875 0.013888888888888888
7 0.634375 0.23402777777777778 0.00625 0.015277777777777777
7 0.6390625 0.2777777777777778 0.0078125 0.016666666666666666
