7 0.31484375 0.46529968454258674 0.028125 0.10725552050473186
7 0.44453125 0.46608832807570977 0.034375 0.08990536277602523
7 0.253125 0.7712933753943217 0.0421875 0.12618296529968454
7 0.618359375 0.1774447949526814 0.01796875 0.0583596214511041
7 0.648046875 0.2358044164037855 0.01796875 0.06782334384858044
7 0.44296875 0.13012618296529968 0.015625 0.04258675078864353
7 0.471484375 0.0694006309148265 0.01015625 0.028391167192429023
7 0.4984375 0.022870662460567823 0.0109375 0.026813880126182965
7 0.619140625 0.17350157728706625 0.01640625 0.03470031545741325
7 0.44375 0.4392744479495268 0.0296875 0.06466876971608833
7 0.48203125 0.04337539432176656 0.009375 0.026813880126182965
