7 0.908984375 0.7618055555555555 0.02421875 0.10416666666666667
7 0.114453125 0.3388888888888889 0.01953125 0.08888888888888889
7 0.098046875 0.3333333333333333 0.01796875 0.08055555555555556
7 0.540234375 0.45555555555555555 0.02421875 0.06388888888888888
7 0.891796875 0.76875 0.01796875 0.09861111111111111
7 0.511328125 0.27152777777777776 0.01796875 0.059722222222222225
7 0.1421875 0.3111111111111111 0.0171875 0.06944444444444445
7 0.631640625 0.33819444444444446 0.02265625 0.0625
7 0.569921875 0.15486111111111112 0.01640625 0.04861111111111111
7 0.106640625 0.2881944444444444 0.01953125 0.04583333333333333
7 0.95859375 0.9708333333333333 0.03125 0.05277777777777778
7 0.43671875 0.08194444444444444 0.015625 0.03611111111111111
7 0.43984375 0.11458333333333333 0.0125 0.034722222222222224
7 0.475 0.11597222222222223 0.009375 0.043055555555555555
7 0.492578125 0.07361111111111111 0.01171875 0.044444444444444446
7 0.494140625 0.3145833333333333 0.01796875 0.05416666666666667
7 0.494140625 0.3111111111111111 0.01796875 0.06388888888888888
