7 0.163671875 0.5194444444444445 0.01171875 0.075
7 0.183984375 0.5222222222222223 0.01640625 0.08333333333333333
7 0.14609375 0.5201388888888889 0.0125 0.08194444444444444
7 0.305078125 0.2861111111111111 0.01328125 0.03888888888888889
7 0.638671875 0.9340277777777778 0.03359375 0.0763888888888889
7 0.47890625 0.09027777777777778 0.0078125 0.022222222222222223
7 0.17109375 0.4979166666666667 0.009375 0.08472222222222223
7 0.1796875 0.5069444444444444 0.015625 0.08055555555555556
7 0.16015625 0.4791666666666667 0.009375 0.025
7 0.531640625 0.1284722222222222 0.00703125 0.034722222222222224
7 0.63984375 0.9458333333333333 0.03125 0.07777777777777778
