7 0.120703125 0.5715277777777777 0.01640625 0.08472222222222223
7 0.09609375 0.5743055555555555 0.0125 0.0763888888888889
7 0.68203125 0.6604166666666667 0.0203125 0.06527777777777778
7 0.075 0.5798611111111112 0.015625 0.07916666666666666
7 0.506640625 0.3527777777777778 0.01328125 0.044444444444444446
7 0.558203125 0.3861111111111111 0.01328125 0.044444444444444446
7 0.101953125 0.5513888888888889 0.01640625 0.08333333333333333
7 0.1125 0.5604166666666667 0.0125 0.0763888888888889
7 0.385546875 0.12569444444444444 0.00859375 0.02638888888888889
7 0.512890625 0.25972222222222224 0.01171875 0.03611111111111111
7 0.469921875 0.16458333333333333 0.00703125 0.03194444444444444
7 0.474609375 0.16180555555555556 0.00546875 0.034722222222222224
