7 0.6625 0.74375 0.0171875 0.034722222222222224
7 0.496484375 0.9125 0.01796875 0.03611111111111111
7 0.413671875 0.36736111111111114 0.01328125 0.018055555555555554
7 0.438671875 0.3486111111111111 0.01328125 0.019444444444444445
7 0.428515625 0.3104166666666667 0.01328125 0.018055555555555554
7 0.411328125 0.31805555555555554 0.01328125 0.019444444444444445
7 0.417578125 0.26666666666666666 0.01328125 0.019444444444444445
7 0.421484375 0.22291666666666668 0.00859375 0.015277777777777777
7 0.4125 0.17430555555555555 0.009375 0.015277777777777777
7 0.402734375 0.22847222222222222 0.01171875 0.0125
7 0.596875 0.5777777777777777 0.0171875 0.030555555555555555
7 0.60859375 0.4444444444444444 0.0109375 0.022222222222222223
7 0.544140625 0.2659722222222222 0.00859375 0.020833333333333332
7 0.336328125 0.2520833333333333 0.00859375 0.029166666666666667
7 0.35703125 0.22569444444444445 0.00625 0.03194444444444444
7 0.3625 0.23541666666666666 0.00625 0.02361111111111111
7 0.369921875 0.23819444444444443 0.00546875 0.020833333333333332
7 0.400390625 0.19375 0.01015625 0.018055555555555554
7 0.42109375 0.14097222222222222 0.009375 0.020833333333333332
7 0.417578125 0.10833333333333334 0.00859375 0.016666666666666666
7 0.390234375 0.09930555555555555 0.00859375 0.018055555555555554
7 0.384375 0.11527777777777778 0.0078125 0.016666666666666666
7 0.39921875 0.050694444444444445 0.0078125 0.020833333333333332
7 0.387890625 0.04652777777777778 0.00859375 0.018055555555555554
7 0.38203125 0.009722222222222222 0.0078125 0.013888888888888888
7 0.487109375 0.024305555555555556 0.00859375 0.018055555555555554
7 0.513671875 0.12083333333333333 0.00859375 0.016666666666666666
7 0.66328125 0.64375 0.0140625 0.043055555555555555
7 0.687109375 0.8305555555555556 0.01796875 0.03333333333333333
7 0.62578125 0.3090277777777778 0.009375 0.020833333333333332
7 0.58828125 0.24930555555555556 0.009375 0.018055555555555554
7 0.5984375 0.21319444444444444 0.009375 0.018055555555555554
7 0.58984375 0.20555555555555555 0.009375 0.019444444444444445
7 0.576171875 0.19305555555555556 0.00859375 0.022222222222222223
