7 0.076953125 0.9458333333333333 0.01484375 0.027777777777777776
7 0.725390625 0.8847222222222222 0.01953125 0.03333333333333333
7 0.583203125 0.19652777777777777 0.00859375 0.0375
7 0.01640625 0.46319444444444446 0.009375 0.043055555555555555
7 0.7578125 0.8833333333333333 0.015625 0.044444444444444446
7 0.03125 0.43194444444444446 0.0078125 0.04722222222222222
7 0.91796875 0.3451388888888889 0.0078125 0.04027777777777778
7 0.639453125 0.32708333333333334 0.01484375 0.020833333333333332
7 0.28984375 0.4791666666666667 0.0140625 0.025
7 0.290625 0.1986111111111111 0.0109375 0.022222222222222223
7 0.425390625 0.11180555555555556 0.01015625 0.02361111111111111
7 0.404296875 0.03333333333333333 0.01015625 0.019444444444444445
7 0.6015625 0.68125 0.0140625 0.029166666666666667
7 0.653515625 0.29375 0.01328125 0.02361111111111111
7 0.60390625 0.17291666666666666 0.009375 0.02361111111111111
7 0.619140625 0.1909722222222222 0.01171875 0.029166666666666667
7 0.07421875 0.9548611111111112 0.0203125 0.04027777777777778
7 0.02734375 0.44027777777777777 0.0125 0.044444444444444446
7 0.077734375 0.3875 0.01171875 0.04722222222222222
7 0.08828125 0.40555555555555556 0.009375 0.041666666666666664
7 0.098828125 0.4041666666666667 0.01015625 0.044444444444444446
7 0.09140625 0.36736111111111114 0.0109375 0.043055555555555555
7 0.070703125 0.26180555555555557 0.01171875 0.02361111111111111
7 0.06171875 0.21388888888888888 0.0125 0.041666666666666664
7 0.130859375 0.18263888888888888 0.00859375 0.043055555555555555
7 0.339453125 0.052083333333333336 0.00859375 0.018055555555555554
7 0.346875 0.05694444444444444 0.0078125 0.019444444444444445
7 0.32109375 0.06597222222222222 0.0078125 0.018055555555555554
7 0.307421875 0.06180555555555556 0.00859375 0.018055555555555554
7 0.3046875 0.08263888888888889 0.009375 0.02361111111111111
7 0.298046875 0.09861111111111111 0.00859375 0.019444444444444445
7 0.2984375 0.14097222222222222 0.009375 0.020833333333333332
7 0.303125 0.10902777777777778 0.009375 0.020833333333333332
7 0.623046875 0.024305555555555556 0.00859375 0.02361111111111111
7 0.6359375 0.13194444444444445 0.009375 0.03611111111111111
7 0.679296875 0.33055555555555555 0.01015625 0.044444444444444446
7 0.788671875 0.9715277777777778 0.01328125 0.029166666666666667
7 0.725390625 0.8895833333333333 0.01640625 0.03194444444444444
7 0.88671875 0.35833333333333334 0.009375 0.03888888888888889
7 0.928125 0.29375 0.009375 0.034722222222222224
7 0.94609375 0.28958333333333336 0.009375 0.03194444444444444
7 0.973046875 0.29097222222222224 0.01015625 0.02638888888888889
7 0.990625 0.30625 0.0078125 0.034722222222222224
