7 0.90625 0.7590277777777777 0.0203125 0.10138888888888889
7 0.094140625 0.3333333333333333 0.01953125 0.08055555555555556
7 0.65234375 0.8909722222222223 0.0296875 0.10138888888888889
7 0.115234375 0.34097222222222223 0.01640625 0.08194444444444444
7 0.14375 0.30694444444444446 0.01875 0.075
7 0.7671875 0.5777777777777777 0.0296875 0.04722222222222222
7 0.89296875 0.7680555555555556 0.0171875 0.09722222222222222
7 0.6015625 0.5402777777777777 0.025 0.075
7 0.523046875 0.2951388888888889 0.01640625 0.04861111111111111
7 0.54375 0.08333333333333333 0.0109375 0.027777777777777776
7 0.54765625 0.5416666666666666 0.0203125 0.07777777777777778
7 0.568359375 0.20416666666666666 0.01796875 0.05277777777777778
7 0.12265625 0.3333333333333333 0.015625 0.08333333333333333
7 0.109375 0.3104166666666667 0.0171875 0.09027777777777778
7 0.5375 0.0875 0.00625 0.03888888888888889
7 0.507421875 0.01597222222222222 0.00859375 0.03194444444444444
7 0.524609375 0.27847222222222223 0.01796875 0.03194444444444444
7 0.555859375 0.5423611111111111 0.01640625 0.059722222222222225
