7 0.300390625 0.6076388888888888 0.01484375 0.029166666666666667
7 0.32109375 0.5458333333333333 0.0125 0.022222222222222223
7 0.324609375 0.49236111111111114 0.01171875 0.020833333333333332
7 0.24453125 0.4222222222222222 0.0109375 0.019444444444444445
7 0.37421875 0.38333333333333336 0.0109375 0.022222222222222223
7 0.3734375 0.42083333333333334 0.0109375 0.013888888888888888
7 0.42109375 0.3541666666666667 0.0109375 0.013888888888888888
7 0.43359375 0.35 0.009375 0.013888888888888888
7 0.433203125 0.275 0.00703125 0.013888888888888888
7 0.2609375 0.5319444444444444 0.0109375 0.019444444444444445
7 0.3859375 0.5409722222222222 0.0125 0.02361111111111111
7 0.43984375 0.2423611111111111 0.0078125 0.0125
7 0.448046875 0.22013888888888888 0.00703125 0.009722222222222222
7 0.43046875 0.23125 0.0078125 0.009722222222222222
7 0.430859375 0.19583333333333333 0.00703125 0.008333333333333333
7 0.362890625 0.6701388888888888 0.01171875 0.02361111111111111
7 0.678515625 0.6798611111111111 0.00859375 0.04027777777777778
7 0.621875 0.41180555555555554 0.0046875 0.015277777777777777
7 0.6640625 0.41041666666666665 0.0046875 0.0125
7 0.559375 0.4361111111111111 0.0046875 0.030555555555555555
7 0.31328125 0.1673611111111111 0.0046875 0.0125
7 0.23359375 0.13541666666666666 0.003125 0.009722222222222222
7 0.274609375 0.09166666666666666 0.00234375 0.008333333333333333
7 0.269140625 0.0625 0.00390625 0.011111111111111112
7 0.2640625 0.041666666666666664 0.003125 0.008333333333333333
7 0.274609375 0.02847222222222222 0.00234375 0.009722222222222222
7 0.38828125 0.04722222222222222 0.003125 0.008333333333333333
7 0.4671875 0.07222222222222222 0.003125 0.008333333333333333
7 0.5234375 0.21597222222222223 0.0046875 0.0125
7 0.43515625 0.10208333333333333 0.003125 0.006944444444444444
7 0.42734375 0.1111111111111111 0.003125 0.008333333333333333
7 0.428125 0.1361111111111111 0.003125 0.008333333333333333
7 0.446875 0.17569444444444443 0.003125 0.009722222222222222
7 0.43125 0.21805555555555556 0.0046875 0.011111111111111112
7 0.58203125 0.2013888888888889 0.0046875 0.013888888888888888
7 0.41640625 0.07013888888888889 0.003125 0.006944444444444444
7 0.41015625 0.04583333333333333 0.003125 0.008333333333333333
7 0.461328125 0.010416666666666666 0.00234375 0.006944444444444444
7 0.45625 0.011805555555555555 0.003125 0.006944444444444444
7 0.388671875 0.008333333333333333 0.00234375 0.011111111111111112
7 0.392578125 0.011111111111111112 0.00234375 0.005555555555555556
7 0.397265625 0.017361111111111112 0.00234375 0.006944444444444444
7 0.49140625 0.09513888888888888 0.003125 0.006944444444444444
7 0.4859375 0.09513888888888888 0.003125 0.006944444444444444
7 0.2546875 0.6159722222222223 0.00625 0.018055555555555554
7 0.22734375 0.6743055555555556 0.0046875 0.018055555555555554
7 0.230078125 0.6708333333333333 0.00390625 0.019444444444444445
7 0.14296875 0.7069444444444445 0.0046875 0.030555555555555555
7 0.154296875 0.6979166666666666 0.00546875 0.02361111111111111
7 0.158984375 0.6972222222222222 0.00703125 0.025
7 0.1640625 0.8145833333333333 0.0078125 0.034722222222222224
7 0.152734375 0.8270833333333333 0.01328125 0.029166666666666667
7 0.10234375 0.8847222222222222 0.00625 0.041666666666666664
7 0.23515625 0.010416666666666666 0.003125 0.006944444444444444
7 0.204296875 0.07916666666666666 0.00390625 0.019444444444444445
7 0.433203125 0.0798611111111111 0.00390625 0.006944444444444444
7 0.383984375 0.5472222222222223 0.00703125 0.022222222222222223
7 0.36015625 0.6777777777777778 0.00625 0.025
7 0.637109375 0.24097222222222223 0.00703125 0.015277777777777777
