7 0.21015625 0.5152777777777777 0.0140625 0.08055555555555556
7 0.2421875 0.5041666666666667 0.01875 0.07777777777777778
7 0.223046875 0.5131944444444444 0.01328125 0.0763888888888889
7 0.428515625 0.29305555555555557 0.01328125 0.05
7 0.433984375 0.14097222222222222 0.00859375 0.018055555555555554
7 0.233984375 0.5131944444444444 0.01484375 0.08472222222222223
7 0.230859375 0.49722222222222223 0.01015625 0.08333333333333333
7 0.2265625 0.5048611111111111 0.0109375 0.08194444444444444
7 0.716796875 0.2847222222222222 0.01171875 0.05555555555555555
7 0.5875 0.16111111111111112 0.0125 0.022222222222222223
7 0.593359375 0.14166666666666666 0.00859375 0.022222222222222223
7 0.584375 0.10555555555555556 0.00625 0.03611111111111111
7 0.590234375 0.1125 0.00703125 0.03611111111111111
7 0.559765625 0.09097222222222222 0.00703125 0.02361111111111111
7 0.53828125 0.07152777777777777 0.0078125 0.015277777777777777
7 0.53125 0.07777777777777778 0.0078125 0.016666666666666666
7 0.41328125 0.13055555555555556 0.0109375 0.022222222222222223
