7 0.733984375 0.7479166666666667 0.01015625 0.02361111111111111
7 0.5765625 0.6618055555555555 0.0109375 0.020833333333333332
7 0.75859375 0.7527777777777778 0.009375 0.019444444444444445
7 0.61015625 0.37569444444444444 0.00625 0.015277777777777777
7 0.626171875 0.40694444444444444 0.00703125 0.016666666666666666
7 0.632421875 0.4201388888888889 0.00703125 0.018055555555555554
7 0.62890625 0.38819444444444445 0.0046875 0.015277777777777777
7 0.65703125 0.23333333333333334 0.0046875 0.013888888888888888
7 0.6484375 0.22152777777777777 0.0046875 0.0125
7 0.63984375 0.20416666666666666 0.0046875 0.013888888888888888
7 0.65703125 0.2111111111111111 0.0046875 0.011111111111111112
7 0.590625 0.28402777777777777 0.00625 0.0125
7 0.649609375 0.12986111111111112 0.00546875 0.015277777777777777
7 0.539453125 0.18125 0.00546875 0.015277777777777777
7 0.510546875 0.1736111111111111 0.00390625 0.011111111111111112
7 0.256640625 0.8111111111111111 0.01328125 0.027777777777777776
7 0.32265625 0.8861111111111111 0.0109375 0.030555555555555555
7 0.35546875 0.7798611111111111 0.0125 0.03194444444444444
7 0.062109375 0.9229166666666667 0.01328125 0.04027777777777778
7 0.04296875 0.98125 0.009375 0.020833333333333332
7 0.051171875 0.9791666666666666 0.01328125 0.022222222222222223
7 0.08828125 0.9534722222222223 0.0140625 0.02638888888888889
7 0.10703125 0.93125 0.0109375 0.04583333333333333
7 0.241796875 0.75 0.01015625 0.025
7 0.256640625 0.7201388888888889 0.00859375 0.020833333333333332
7 0.282421875 0.6375 0.01015625 0.019444444444444445
7 0.30625 0.5631944444444444 0.0078125 0.018055555555555554
7 0.32109375 0.06111111111111111 0.0046875 0.013888888888888888
7 0.303125 0.03125 0.0046875 0.015277777777777777
7 0.35390625 0.7847222222222222 0.0109375 0.03333333333333333
7 0.43828125 0.5361111111111111 0.0109375 0.027777777777777776
7 0.4859375 0.005555555555555556 0.0046875 0.011111111111111112
7 0.541015625 0.034027777777777775 0.00703125 0.0125
7 0.609375 0.24027777777777778 0.0078125 0.027777777777777776
7 0.69375 0.12569444444444444 0.00625 0.0125
7 0.657421875 0.13472222222222222 0.00546875 0.008333333333333333
7 0.7203125 0.24513888888888888 0.00625 0.015277777777777777
7 0.709765625 0.2861111111111111 0.00703125 0.013888888888888888
7 0.7171875 0.4097222222222222 0.00625 0.019444444444444445
7 0.70234375 0.4583333333333333 0.0078125 0.019444444444444445
7 0.7015625 0.4840277777777778 0.009375 0.015277777777777777
7 0.70234375 0.5986111111111111 0.0078125 0.016666666666666666
7 0.48671875 0.1076388888888889 0.00625 0.0125
7 0.506640625 0.07916666666666666 0.00546875 0.011111111111111112
7 0.498046875 0.050694444444444445 0.00546875 0.009722222222222222
7 0.483203125 0.04583333333333333 0.00546875 0.011111111111111112
7 0.478125 0.06944444444444445 0.0046875 0.011111111111111112
7 0.484765625 0.07847222222222222 0.00546875 0.0125
7 0.552734375 0.9680555555555556 0.01484375 0.03888888888888889
7 0.576953125 0.15694444444444444 0.00703125 0.013888888888888888
7 0.578125 0.09722222222222222 0.0046875 0.008333333333333333
