7 0.295703125 0.2152777777777778 0.00859375 0.030555555555555555
7 0.323046875 0.18125 0.00703125 0.029166666666666667
7 0.327734375 0.14027777777777778 0.00703125 0.016666666666666666
7 0.317578125 0.14930555555555555 0.00859375 0.029166666666666667
7 0.380078125 0.28194444444444444 0.01171875 0.030555555555555555
7 0.366015625 0.2048611111111111 0.00703125 0.020833333333333332
7 0.385546875 0.12916666666666668 0.00859375 0.019444444444444445
7 0.384375 0.12222222222222222 0.009375 0.016666666666666666
7 0.463671875 0.011805555555555555 0.00859375 0.015277777777777777
7 0.489453125 0.09861111111111111 0.01015625 0.019444444444444445
7 0.640234375 0.31666666666666665 0.01328125 0.03888888888888889
7 0.5765625 0.13125 0.009375 0.020833333333333332
7 0.514453125 0.02638888888888889 0.00859375 0.016666666666666666
7 0.792578125 0.4166666666666667 0.00859375 0.027777777777777776
