7 0.3475 0.2783018867924528 0.031 0.08113207547169811
7 0.31 0.2641509433962264 0.03 0.08679245283018867
7 0.3885 0.24433962264150944 0.033 0.08113207547169811
7 0.545 0.20943396226415095 0.03 0.07924528301886792
7 0.4595 0.26037735849056604 0.035 0.08679245283018867
7 0.402 0.17169811320754716 0.026 0.06415094339622641
7 0.433 0.7849056603773585 0.084 0.15471698113207547
7 0.462 0.18679245283018867 0.032 0.04905660377358491
7 0.3885 0.22924528301886793 0.035 0.062264150943396226
7 0.4045 0.09339622641509433 0.023 0.03962264150943396
