7 0.330859375 0.41944444444444445 0.03671875 0.08611111111111111
7 0.5265625 0.3597222222222222 0.03125 0.08611111111111111
7 0.821875 0.30486111111111114 0.0234375 0.06805555555555555
7 0.43828125 0.35208333333333336 0.0265625 0.08472222222222223
7 0.927734375 0.06805555555555555 0.01640625 0.030555555555555555
7 0.38828125 0.4131944444444444 0.0390625 0.10694444444444444
7 0.992578125 0.18333333333333332 0.01484375 0.044444444444444446
7 0.3234375 0.5194444444444445 0.0359375 0.10555555555555556
7 0.823046875 0.04722222222222222 0.01015625 0.025
7 0.653515625 0.2076388888888889 0.02265625 0.05694444444444444
7 0.83828125 0.050694444444444445 0.0140625 0.02638888888888889
7 0.8203125 0.06666666666666667 0.0140625 0.030555555555555555
7 0.825 0.02847222222222222 0.0109375 0.03194444444444444
