7 0.63515625 0.8055555555555556 0.0171875 0.030555555555555555
7 0.65234375 0.8097222222222222 0.0125 0.025
7 0.358984375 0.31666666666666665 0.01171875 0.022222222222222223
7 0.547265625 0.5576388888888889 0.01484375 0.018055555555555554
7 0.591796875 0.3402777777777778 0.01015625 0.027777777777777776
7 0.362109375 0.2125 0.01171875 0.022222222222222223
7 0.26171875 0.24027777777777778 0.0125 0.022222222222222223
7 0.30625 0.17222222222222222 0.0125 0.022222222222222223
7 0.326171875 0.1763888888888889 0.01171875 0.022222222222222223
7 0.339453125 0.14583333333333334 0.01171875 0.022222222222222223
7 0.3515625 0.11875 0.0109375 0.020833333333333332
7 0.387109375 0.12222222222222222 0.01171875 0.022222222222222223
7 0.4015625 0.13333333333333333 0.009375 0.022222222222222223
7 0.735546875 0.19375 0.01171875 0.020833333333333332
7 0.82890625 0.3111111111111111 0.0125 0.022222222222222223
7 0.86171875 0.55 0.0125 0.022222222222222223
7 0.881640625 0.5458333333333333 0.01328125 0.027777777777777776
7 0.844921875 0.5590277777777778 0.01171875 0.020833333333333332
7 0.72109375 0.4041666666666667 0.0125 0.022222222222222223
7 0.139453125 0.39861111111111114 0.01328125 0.030555555555555555
7 0.144921875 0.39652777777777776 0.01015625 0.034722222222222224
7 0.18203125 0.30277777777777776 0.015625 0.05555555555555555
7 0.34453125 0.2263888888888889 0.0109375 0.025
7 0.341796875 0.20625 0.01015625 0.029166666666666667
7 0.347265625 0.2013888888888889 0.00859375 0.025
7 0.36953125 0.15416666666666667 0.0109375 0.022222222222222223
7 0.33828125 0.07291666666666667 0.0078125 0.04027777777777778
7 0.383984375 0.02638888888888889 0.01015625 0.03611111111111111
7 0.391796875 0.06597222222222222 0.01015625 0.02361111111111111
7 0.41484375 0.03680555555555556 0.0125 0.02361111111111111
7 0.426171875 0.022916666666666665 0.01015625 0.02361111111111111
7 0.462109375 0.035416666666666666 0.01015625 0.02638888888888889
7 0.47421875 0.04722222222222222 0.0109375 0.022222222222222223
7 0.483984375 0.059027777777777776 0.01015625 0.020833333333333332
7 0.4921875 0.04861111111111111 0.009375 0.019444444444444445
7 0.55546875 0.11041666666666666 0.0109375 0.018055555555555554
7 0.440625 0.5041666666666667 0.0140625 0.025
7 0.462890625 0.7618055555555555 0.01796875 0.0375
7 0.488671875 0.5284722222222222 0.01171875 0.020833333333333332
7 0.494140625 0.5673611111111111 0.00703125 0.03194444444444444
7 0.6359375 0.17083333333333334 0.009375 0.03611111111111111
7 0.787109375 0.09930555555555555 0.00703125 0.0375
7 0.79453125 0.10972222222222222 0.0078125 0.03333333333333333
7 0.683984375 0.6333333333333333 0.01328125 0.03333333333333333
7 0.702734375 0.6277777777777778 0.01328125 0.022222222222222223
7 0.687890625 0.6006944444444444 0.01171875 0.034722222222222224
7 0.70546875 0.7597222222222222 0.0125 0.030555555555555555
7 0.710546875 0.7590277777777777 0.01015625 0.043055555555555555
7 0.547265625 0.24444444444444444 0.00859375 0.019444444444444445
7 0.538671875 0.25416666666666665 0.01171875 0.011111111111111112
7 0.555859375 0.2625 0.00859375 0.022222222222222223
7 0.533984375 0.29305555555555557 0.01171875 0.019444444444444445
7 0.52734375 0.3138888888888889 0.009375 0.019444444444444445
7 0.601953125 0.3104166666666667 0.01171875 0.02361111111111111
7 0.588671875 0.32430555555555557 0.01015625 0.029166666666666667
7 0.578515625 0.4048611111111111 0.01171875 0.02638888888888889
7 0.571875 0.42291666666666666 0.0125 0.018055555555555554
7 0.56875 0.45625 0.0125 0.02638888888888889
7 0.557421875 0.5375 0.01484375 0.03611111111111111
7 0.7546875 0.6090277777777777 0.0140625 0.02638888888888889
7 0.831640625 0.5298611111111111 0.01328125 0.02638888888888889
7 0.851953125 0.6138888888888889 0.01328125 0.03888888888888889
7 0.872265625 0.5819444444444445 0.01171875 0.027777777777777776
7 0.854296875 0.425 0.01171875 0.022222222222222223
7 0.884765625 0.35347222222222224 0.01171875 0.02361111111111111
7 0.9125 0.25 0.0078125 0.04722222222222222
7 0.9359375 0.2638888888888889 0.0125 0.044444444444444446
7 0.9125 0.04583333333333333 0.009375 0.019444444444444445
7 0.92734375 0.10555555555555556 0.0078125 0.03333333333333333
7 0.92421875 0.13680555555555557 0.00625 0.0375
7 0.8265625 0.05763888888888889 0.009375 0.018055555555555554
7 0.8625 0.018055555555555554 0.009375 0.022222222222222223
