7 0.5453125 0.5604166666666667 0.0203125 0.0625
7 0.826171875 0.8527777777777777 0.03046875 0.08888888888888889
7 0.137109375 0.5305555555555556 0.01484375 0.08055555555555556
7 0.115234375 0.5284722222222222 0.01171875 0.07916666666666666
7 0.09921875 0.5326388888888889 0.0140625 0.08194444444444444
7 0.1296875 0.5215277777777778 0.0109375 0.07916666666666666
7 0.124609375 0.5125 0.01171875 0.08611111111111111
7 0.1171875 0.5131944444444444 0.0109375 0.07361111111111111
7 0.433984375 0.07916666666666666 0.00859375 0.022222222222222223
7 0.434375 0.1076388888888889 0.009375 0.018055555555555554
7 0.486328125 0.13541666666666666 0.00703125 0.03194444444444444
7 0.490625 0.13055555555555556 0.00625 0.03333333333333333
