7 0.052734375 0.7541666666666667 0.02578125 0.09722222222222222
7 0.274609375 0.7409722222222223 0.03515625 0.0763888888888889
7 0.43671875 0.6847222222222222 0.0265625 0.07777777777777778
7 0.44765625 0.36875 0.021875 0.043055555555555555
7 0.42421875 0.36319444444444443 0.01875 0.0375
7 0.213671875 0.40625 0.01796875 0.05138888888888889
7 0.142578125 0.5305555555555556 0.02421875 0.06111111111111111
7 0.362890625 0.14166666666666666 0.01328125 0.022222222222222223
7 0.443359375 0.09513888888888888 0.01015625 0.020833333333333332
7 0.417578125 0.08680555555555555 0.01484375 0.029166666666666667
