7 0.37109375 0.21666666666666667 0.0171875 0.058333333333333334
7 0.412109375 0.19305555555555556 0.01015625 0.027777777777777776
7 0.384375 0.18541666666666667 0.0109375 0.034722222222222224
7 0.376953125 0.18611111111111112 0.01484375 0.03888888888888889
7 0.404296875 0.18819444444444444 0.00859375 0.029166666666666667
7 0.63984375 0.20694444444444443 0.0109375 0.025
7 0.4796875 0.1701388888888889 0.0046875 0.015277777777777777
7 0.50078125 0.16875 0.0046875 0.015277777777777777
7 0.47109375 0.1701388888888889 0.0046875 0.015277777777777777
7 0.46171875 0.17083333333333334 0.0046875 0.011111111111111112
