7 0.4796875 0.2923611111111111 0.0484375 0.12361111111111112
7 0.511328125 0.1388888888888889 0.02421875 0.10833333333333334
7 0.610546875 0.1798611111111111 0.03203125 0.11527777777777778
7 0.38046875 0.26180555555555557 0.04375 0.10694444444444444
7 0.723046875 0.19027777777777777 0.03359375 0.11944444444444445
7 0.71015625 0.2013888888888889 0.0421875 0.10277777777777777
7 0.682421875 0.09444444444444444 0.02734375 0.08333333333333333
7 0.75234375 0.03680555555555556 0.0234375 0.07361111111111111
7 0.397265625 0.2569444444444444 0.03984375 0.1111111111111111
7 0.490234375 0.29097222222222224 0.03359375 0.11527777777777778
