7 0.227734375 0.6631944444444444 0.01953125 0.07916666666666666
7 0.20703125 0.6659722222222222 0.0203125 0.07361111111111111
7 0.247265625 0.5826388888888889 0.02578125 0.0625
7 0.573828125 0.15763888888888888 0.01328125 0.034722222222222224
7 0.600390625 0.175 0.01328125 0.03888888888888889
7 0.1609375 0.7479166666666667 0.0234375 0.09583333333333334
7 0.258203125 0.6993055555555555 0.02890625 0.07916666666666666
7 0.487890625 0.5611111111111111 0.02734375 0.06111111111111111
7 0.475390625 0.11041666666666666 0.01015625 0.029166666666666667
7 0.591796875 0.059722222222222225 0.00703125 0.022222222222222223
7 0.580859375 0.10486111111111111 0.01015625 0.020833333333333332
