7 0.088671875 0.5791666666666667 0.01484375 0.075
7 0.10859375 0.5756944444444444 0.0140625 0.07361111111111111
7 0.127734375 0.5618055555555556 0.01484375 0.07916666666666666
7 0.12109375 0.5694444444444444 0.0140625 0.08333333333333333
7 0.49453125 0.24305555555555555 0.0078125 0.03333333333333333
7 0.115625 0.5222222222222223 0.0109375 0.022222222222222223
7 0.41796875 0.10555555555555556 0.00625 0.022222222222222223
7 0.485546875 0.20277777777777778 0.01015625 0.03333333333333333
7 0.507421875 0.3111111111111111 0.01328125 0.041666666666666664
7 0.484765625 0.17152777777777778 0.00703125 0.034722222222222224
