7 0.162109375 0.5229166666666667 0.01328125 0.0763888888888889
7 0.1828125 0.5215277777777778 0.0171875 0.08472222222222223
7 0.14609375 0.5229166666666667 0.0125 0.08194444444444444
7 0.53984375 0.5298611111111111 0.01875 0.05416666666666667
7 0.33984375 0.20694444444444443 0.0125 0.03333333333333333
7 0.180078125 0.5104166666666666 0.01640625 0.07916666666666666
7 0.173046875 0.5013888888888889 0.01640625 0.08055555555555556
7 0.1609375 0.49236111111111114 0.0109375 0.043055555555555555
7 0.53125 0.1284722222222222 0.00625 0.034722222222222224
7 0.5265625 0.11875 0.00625 0.029166666666666667
7 0.930859375 0.9493055555555555 0.03359375 0.07361111111111111
