7 0.509765625 0.7020833333333333 0.01953125 0.06527777777777778
7 0.329296875 0.5430555555555555 0.01640625 0.03333333333333333
7 0.34140625 0.7145833333333333 0.0171875 0.04027777777777778
7 0.371875 0.5597222222222222 0.0171875 0.03611111111111111
7 0.143359375 0.9604166666666667 0.01953125 0.043055555555555555
7 0.224609375 0.9041666666666667 0.01953125 0.041666666666666664
7 0.194921875 0.7854166666666667 0.01796875 0.034722222222222224
7 0.453125 0.9118055555555555 0.01875 0.04027777777777778
7 0.273828125 0.35 0.01484375 0.022222222222222223
7 0.302734375 0.3138888888888889 0.01484375 0.027777777777777776
7 0.289453125 0.40208333333333335 0.01171875 0.03194444444444444
7 0.34296875 0.27361111111111114 0.0109375 0.027777777777777776
7 0.0953125 0.3173611111111111 0.0109375 0.02638888888888889
7 0.08828125 0.2777777777777778 0.0109375 0.025
7 0.355078125 0.21388888888888888 0.01171875 0.025
7 0.241796875 0.20208333333333334 0.01171875 0.020833333333333332
7 0.092578125 0.24166666666666667 0.01171875 0.030555555555555555
7 0.06953125 0.25 0.009375 0.027777777777777776
7 0.344140625 0.18263888888888888 0.01171875 0.02361111111111111
7 0.12265625 0.18125 0.0109375 0.029166666666666667
7 0.069921875 0.2326388888888889 0.00859375 0.020833333333333332
7 0.071484375 0.1986111111111111 0.00859375 0.019444444444444445
7 0.089453125 0.2048611111111111 0.00859375 0.020833333333333332
7 0.063671875 0.16666666666666666 0.01015625 0.022222222222222223
7 0.069921875 0.15069444444444444 0.01015625 0.02361111111111111
7 0.063671875 0.12430555555555556 0.00703125 0.018055555555555554
7 0.06171875 0.10347222222222222 0.0078125 0.018055555555555554
7 0.066796875 0.06666666666666667 0.00703125 0.022222222222222223
7 0.05234375 0.05555555555555555 0.0078125 0.022222222222222223
7 0.066796875 0.02638888888888889 0.00703125 0.022222222222222223
7 0.055859375 0.018055555555555554 0.00703125 0.022222222222222223
7 0.01875 0.3076388888888889 0.0109375 0.029166666666666667
7 0.0265625 0.36527777777777776 0.0125 0.03888888888888889
7 0.01796875 0.26180555555555557 0.0109375 0.02638888888888889
7 0.025 0.34444444444444444 0.0109375 0.025
7 0.25390625 0.029861111111111113 0.009375 0.029166666666666667
7 0.3390625 0.013194444444444444 0.009375 0.02638888888888889
7 0.691796875 0.029861111111111113 0.01328125 0.018055555555555554
