7 0.43671875 0.18333333333333332 0.0109375 0.019444444444444445
7 0.495703125 0.2965277777777778 0.01484375 0.02361111111111111
7 0.405859375 0.08333333333333333 0.01328125 0.03333333333333333
7 0.44140625 0.15486111111111112 0.009375 0.029166666666666667
7 0.780078125 0.6652777777777777 0.01328125 0.03333333333333333
7 0.88671875 0.9319444444444445 0.025 0.03888888888888889
7 0.35234375 0.9118055555555555 0.0171875 0.03194444444444444
7 0.415625 0.7645833333333333 0.015625 0.02638888888888889
7 0.261328125 0.10625 0.01171875 0.0125
7 0.272265625 0.04652777777777778 0.00703125 0.0125
7 0.490234375 0.1375 0.01015625 0.016666666666666666
7 0.49296875 0.12291666666666666 0.0109375 0.018055555555555554
7 0.42265625 0.12152777777777778 0.0109375 0.018055555555555554
7 0.162890625 0.34791666666666665 0.00546875 0.02638888888888889
7 0.168359375 0.34652777777777777 0.00390625 0.02638888888888889
7 0.17109375 0.3486111111111111 0.003125 0.025
7 0.186328125 0.32430555555555557 0.01015625 0.03194444444444444
7 0.572265625 0.08611111111111111 0.00859375 0.022222222222222223
7 0.518359375 0.16041666666666668 0.01171875 0.018055555555555554
