7 0.074609375 0.3611111111111111 0.01484375 0.08333333333333333
7 0.0984375 0.3506944444444444 0.0171875 0.09027777777777778
7 0.546484375 0.11805555555555555 0.01015625 0.05
7 0.5765625 0.21319444444444444 0.01875 0.04861111111111111
7 0.104296875 0.3263888888888889 0.01953125 0.08333333333333333
7 0.134375 0.3333333333333333 0.0140625 0.07777777777777778
7 0.744140625 0.5020833333333333 0.01796875 0.08472222222222223
7 0.494140625 0.0763888888888889 0.01171875 0.027777777777777776
7 0.447265625 0.08888888888888889 0.00859375 0.03611111111111111
7 0.084375 0.3458333333333333 0.0140625 0.09722222222222222
7 0.734375 0.5111111111111111 0.0171875 0.075
