7 0.384 0.15849056603773584 0.028 0.06037735849056604
7 0.562 0.14056603773584905 0.026 0.04339622641509434
7 0.4605 0.13018867924528302 0.027 0.06037735849056604
7 0.5305 0.13018867924528302 0.027 0.05660377358490566
7 0.464 0.035849056603773584 0.018 0.03773584905660377
7 0.534 0.027358490566037737 0.024 0.04339622641509434
7 0.566 0.031132075471698113 0.018 0.03962264150943396
7 0.482 0.02169811320754717 0.016 0.035849056603773584
7 0.5885 0.01981132075471698 0.021 0.035849056603773584
7 0.852 0.11415094339622642 0.028 0.03962264150943396
