7 0.440234375 0.7319444444444444 0.01953125 0.06388888888888888
7 0.446484375 0.7430555555555556 0.01484375 0.06388888888888888
7 0.36171875 0.7604166666666666 0.0203125 0.07916666666666666
7 0.75234375 0.66875 0.0203125 0.09027777777777778
7 0.6 0.29930555555555555 0.01875 0.04583333333333333
7 0.548046875 0.3013888888888889 0.01484375 0.05277777777777778
7 0.57265625 0.2701388888888889 0.0140625 0.05138888888888889
7 0.6203125 0.17222222222222222 0.0140625 0.03611111111111111
7 0.790625 0.10486111111111111 0.009375 0.020833333333333332
7 0.740625 0.027083333333333334 0.009375 0.02361111111111111
7 0.741015625 0.13194444444444445 0.01328125 0.03333333333333333
