7 0.6140625 0.7354166666666667 0.009375 0.02638888888888889
7 0.6640625 0.9361111111111111 0.009375 0.022222222222222223
7 0.587890625 0.8743055555555556 0.01015625 0.020833333333333332
7 0.69765625 0.9395833333333333 0.0109375 0.02638888888888889
7 0.501171875 0.9576388888888889 0.01328125 0.04583333333333333
7 0.503125 0.9333333333333333 0.0140625 0.03611111111111111
7 0.503515625 0.9131944444444444 0.01015625 0.029166666666666667
7 0.50078125 0.8909722222222223 0.0109375 0.02638888888888889
7 0.489453125 0.8791666666666667 0.01171875 0.03333333333333333
7 0.497265625 0.86875 0.01015625 0.029166666666666667
7 0.498828125 0.8465277777777778 0.01015625 0.03194444444444444
7 0.4859375 0.85625 0.0078125 0.020833333333333332
7 0.47890625 0.8576388888888888 0.0109375 0.02638888888888889
7 0.461328125 0.8673611111111111 0.01171875 0.02638888888888889
7 0.435546875 0.875 0.01328125 0.030555555555555555
7 0.44375 0.8916666666666667 0.009375 0.019444444444444445
7 0.4625 0.8861111111111111 0.009375 0.022222222222222223
7 0.476953125 0.8875 0.01015625 0.030555555555555555
7 0.676171875 0.7590277777777777 0.01015625 0.02638888888888889
7 0.627734375 0.6993055555555555 0.01171875 0.02361111111111111
7 0.612890625 0.6805555555555556 0.01015625 0.027777777777777776
7 0.6015625 0.6409722222222223 0.009375 0.02638888888888889
7 0.616015625 0.6305555555555555 0.01015625 0.019444444444444445
7 0.587109375 0.6298611111111111 0.01015625 0.020833333333333332
7 0.56875 0.65 0.0109375 0.016666666666666666
7 0.5296875 0.6222222222222222 0.0078125 0.022222222222222223
7 0.648828125 0.5923611111111111 0.00859375 0.029166666666666667
7 0.668359375 0.6083333333333333 0.00859375 0.022222222222222223
7 0.666796875 0.56875 0.00859375 0.02361111111111111
7 0.683984375 0.5347222222222222 0.00703125 0.022222222222222223
7 0.66015625 0.5395833333333333 0.0078125 0.020833333333333332
7 0.654296875 0.5152777777777777 0.00546875 0.019444444444444445
7 0.64375 0.5222222222222223 0.0109375 0.022222222222222223
7 0.6390625 0.5486111111111112 0.0078125 0.025
7 0.534375 0.41388888888888886 0.0078125 0.025
7 0.548828125 0.4215277777777778 0.00859375 0.020833333333333332
7 0.544140625 0.44513888888888886 0.00703125 0.018055555555555554
7 0.590234375 0.3486111111111111 0.00703125 0.022222222222222223
7 0.59765625 0.3229166666666667 0.0078125 0.020833333333333332
7 0.537109375 0.36875 0.00859375 0.015277777777777777
7 0.526953125 0.3548611111111111 0.00859375 0.020833333333333332
7 0.521484375 0.28125 0.00859375 0.015277777777777777
7 0.447265625 0.18541666666666667 0.00546875 0.0125
7 0.497265625 0.1909722222222222 0.00390625 0.0125
7 0.5078125 0.18541666666666667 0.0046875 0.0125
7 0.501953125 0.17708333333333334 0.00703125 0.009722222222222222
7 0.037109375 0.73125 0.01171875 0.029166666666666667
7 0.045703125 0.7125 0.01484375 0.030555555555555555
7 0.09140625 0.4777777777777778 0.009375 0.030555555555555555
7 0.102734375 0.47152777777777777 0.01015625 0.029166666666666667
7 0.146875 0.49583333333333335 0.0078125 0.030555555555555555
7 0.160546875 0.4875 0.00859375 0.03611111111111111
7 0.009375 0.46041666666666664 0.009375 0.03194444444444444
7 0.226953125 0.27152777777777776 0.00546875 0.029166666666666667
7 0.34609375 0.1375 0.00625 0.016666666666666666
7 0.374609375 0.04097222222222222 0.00703125 0.015277777777777777
7 0.4984375 0.13194444444444445 0.00625 0.022222222222222223
7 0.505078125 0.5256944444444445 0.01015625 0.02361111111111111
7 0.601953125 0.6423611111111112 0.01015625 0.015277777777777777
7 0.636328125 0.6777777777777778 0.01015625 0.03333333333333333
7 0.6390625 0.7659722222222223 0.0125 0.02361111111111111
7 0.71953125 0.9229166666666667 0.015625 0.02361111111111111
7 0.434765625 0.8930555555555556 0.01171875 0.027777777777777776
7 0.405859375 0.8847222222222222 0.01171875 0.025
7 0.69609375 0.5 0.0078125 0.022222222222222223
7 0.6203125 0.2951388888888889 0.009375 0.018055555555555554
7 0.609765625 0.27361111111111114 0.00859375 0.019444444444444445
7 0.266015625 0.46597222222222223 0.01015625 0.02361111111111111
