7 0.83671875 0.6666666666666666 0.0234375 0.09444444444444444
7 0.818359375 0.6763888888888889 0.01953125 0.09166666666666666
7 0.0953125 0.35833333333333334 0.0171875 0.08333333333333333
7 0.13828125 0.3263888888888889 0.0171875 0.08055555555555556
7 0.110546875 0.3472222222222222 0.01953125 0.08611111111111111
7 0.116015625 0.3194444444444444 0.02109375 0.08611111111111111
7 0.0875 0.35138888888888886 0.0140625 0.08611111111111111
7 0.55 0.12916666666666668 0.009375 0.03888888888888889
7 0.473046875 0.13402777777777777 0.01640625 0.04027777777777778
7 0.52578125 0.06111111111111111 0.009375 0.044444444444444446
