7 0.69140625 0.9527777777777777 0.0140625 0.025
7 0.72109375 0.61875 0.0078125 0.020833333333333332
7 0.15234375 0.6791666666666667 0.009375 0.04722222222222222
7 0.564453125 0.9180555555555555 0.01015625 0.03333333333333333
7 0.524609375 0.9159722222222222 0.01015625 0.0375
7 0.511328125 0.8923611111111112 0.01015625 0.034722222222222224
7 0.570703125 0.8930555555555556 0.00390625 0.03611111111111111
7 0.57578125 0.90625 0.00625 0.034722222222222224
7 0.583203125 0.8909722222222223 0.00859375 0.04027777777777778
7 0.425 0.8895833333333333 0.009375 0.04583333333333333
7 0.428515625 0.8791666666666667 0.00859375 0.03888888888888889
7 0.58984375 0.9736111111111111 0.0125 0.03888888888888889
7 0.66640625 0.65 0.0078125 0.019444444444444445
7 0.699609375 0.6104166666666667 0.01015625 0.020833333333333332
7 0.693359375 0.5597222222222222 0.00703125 0.019444444444444445
7 0.6765625 0.54375 0.009375 0.020833333333333332
7 0.706640625 0.5111111111111111 0.00859375 0.022222222222222223
7 0.78125 0.5875 0.0109375 0.022222222222222223
7 0.775 0.6305555555555555 0.0109375 0.016666666666666666
7 0.769140625 0.5618055555555556 0.01015625 0.018055555555555554
7 0.66015625 0.49027777777777776 0.00625 0.013888888888888888
7 0.654296875 0.46805555555555556 0.00703125 0.019444444444444445
7 0.6421875 0.44305555555555554 0.0078125 0.016666666666666666
7 0.612890625 0.4618055555555556 0.00703125 0.02361111111111111
7 0.5703125 0.45902777777777776 0.0046875 0.029166666666666667
7 0.63046875 0.4201388888888889 0.0078125 0.018055555555555554
7 0.653515625 0.4097222222222222 0.00546875 0.016666666666666666
7 0.684765625 0.4263888888888889 0.01171875 0.022222222222222223
7 0.6671875 0.39375 0.0078125 0.018055555555555554
7 0.83125 0.7215277777777778 0.00625 0.020833333333333332
7 0.848046875 0.7340277777777777 0.00859375 0.020833333333333332
7 0.851171875 0.6958333333333333 0.01171875 0.022222222222222223
7 0.6765625 0.3680555555555556 0.00625 0.025
7 0.61875 0.2638888888888889 0.00625 0.016666666666666666
7 0.601953125 0.23819444444444443 0.00546875 0.015277777777777777
7 0.61015625 0.23402777777777778 0.00625 0.0125
7 0.593359375 0.20625 0.00703125 0.018055555555555554
7 0.44453125 0.37916666666666665 0.0078125 0.019444444444444445
7 0.3046875 0.3055555555555556 0.0078125 0.030555555555555555
7 0.282421875 0.36944444444444446 0.00703125 0.030555555555555555
7 0.223828125 0.5618055555555556 0.00703125 0.02638888888888889
7 0.213671875 0.45208333333333334 0.00703125 0.029166666666666667
7 0.20546875 0.45 0.0078125 0.025
7 0.12109375 0.8965277777777778 0.015625 0.04861111111111111
7 0.1125 0.8909722222222223 0.009375 0.043055555555555555
7 0.0859375 0.8944444444444445 0.0171875 0.044444444444444446
7 0.055859375 0.7680555555555556 0.01328125 0.030555555555555555
7 0.095703125 0.7277777777777777 0.01171875 0.041666666666666664
7 0.09296875 0.5840277777777778 0.0078125 0.018055555555555554
7 0.164453125 0.5076388888888889 0.01015625 0.02638888888888889
7 0.32109375 0.2861111111111111 0.00625 0.022222222222222223
7 0.433984375 0.4388888888888889 0.01015625 0.025
7 0.53359375 0.9173611111111111 0.009375 0.03194444444444444
7 0.589453125 0.9694444444444444 0.00546875 0.025
7 0.692578125 0.9479166666666666 0.01640625 0.0375
7 0.89453125 0.8694444444444445 0.0109375 0.025
7 0.8359375 0.6409722222222223 0.009375 0.029166666666666667
7 0.75859375 0.36527777777777776 0.0078125 0.016666666666666666
7 0.734375 0.2923611111111111 0.0078125 0.018055555555555554
7 0.6578125 0.07708333333333334 0.00625 0.0125
7 0.644921875 0.03333333333333333 0.00546875 0.011111111111111112
7 0.5890625 0.025 0.00625 0.011111111111111112
7 0.596484375 0.02361111111111111 0.00546875 0.011111111111111112
7 0.6015625 0.05486111111111111 0.00625 0.009722222222222222
7 0.590234375 0.10069444444444445 0.00703125 0.015277777777777777
7 0.6 0.12222222222222222 0.0078125 0.013888888888888888
7 0.65 0.3576388888888889 0.009375 0.018055555555555554
7 0.124609375 0.42916666666666664 0.01171875 0.027777777777777776
