7 0.512109375 0.6881944444444444 0.01015625 0.04861111111111111
7 0.901953125 0.9215277777777777 0.01953125 0.04861111111111111
7 0.630859375 0.6680555555555555 0.01328125 0.041666666666666664
7 0.68515625 0.8368055555555556 0.0171875 0.0375
7 0.71875 0.9583333333333334 0.01875 0.041666666666666664
7 0.698828125 0.8076388888888889 0.01328125 0.0375
7 0.612890625 0.4173611111111111 0.00859375 0.029166666666666667
7 0.61875 0.38263888888888886 0.0109375 0.029166666666666667
7 0.598046875 0.4638888888888889 0.01484375 0.05277777777777778
7 0.62734375 0.48333333333333334 0.0109375 0.027777777777777776
7 0.63046875 0.5472222222222223 0.0171875 0.03333333333333333
7 0.523828125 0.5902777777777778 0.01328125 0.025
7 0.562109375 0.4979166666666667 0.01015625 0.029166666666666667
7 0.801171875 0.24861111111111112 0.00859375 0.025
7 0.287890625 0.5972222222222222 0.01015625 0.027777777777777776
7 0.48515625 0.6673611111111111 0.009375 0.04861111111111111
7 0.550390625 0.6236111111111111 0.01171875 0.05277777777777778
7 0.542578125 0.5493055555555556 0.01015625 0.043055555555555555
7 0.42890625 0.2986111111111111 0.0078125 0.030555555555555555
7 0.465234375 0.10208333333333333 0.00859375 0.034722222222222224
7 0.44765625 0.09166666666666666 0.00625 0.030555555555555555
7 0.453125 0.09027777777777778 0.0046875 0.025
7 0.457421875 0.09444444444444444 0.00546875 0.030555555555555555
7 0.44453125 0.024305555555555556 0.00625 0.029166666666666667
7 0.590234375 0.041666666666666664 0.01015625 0.016666666666666666
7 0.5875 0.06388888888888888 0.0078125 0.016666666666666666
7 0.5984375 0.07152777777777777 0.0078125 0.020833333333333332
7 0.598828125 0.09861111111111111 0.00859375 0.019444444444444445
7 0.65234375 0.27847222222222223 0.0125 0.02638888888888889
7 0.753125 0.12222222222222222 0.0109375 0.022222222222222223
7 0.732421875 0.052083333333333336 0.00859375 0.015277777777777777
7 0.72578125 0.017361111111111112 0.009375 0.020833333333333332
7 0.688671875 0.018055555555555554 0.01015625 0.016666666666666666
7 0.893359375 0.2826388888888889 0.01171875 0.02361111111111111
7 0.9 0.41944444444444445 0.0125 0.027777777777777776
7 0.941796875 0.15486111111111112 0.00546875 0.0375
7 0.94921875 0.15416666666666667 0.0078125 0.03333333333333333
