7 0.689453125 0.7583333333333333 0.03203125 0.06388888888888888
7 0.619921875 0.5576388888888889 0.02578125 0.04861111111111111
7 0.326171875 0.28680555555555554 0.02265625 0.04583333333333333
7 0.72734375 0.35555555555555557 0.015625 0.04722222222222222
7 0.065234375 0.5583333333333333 0.02109375 0.08888888888888889
7 0.02734375 0.5548611111111111 0.0171875 0.0875
7 0.4734375 0.08888888888888889 0.009375 0.016666666666666666
7 0.54921875 0.34097222222222223 0.01875 0.0375
7 0.04375 0.55 0.0140625 0.08611111111111111
7 0.051953125 0.5305555555555556 0.01015625 0.06944444444444445
7 0.07421875 0.525 0.0125 0.06388888888888888
