7 0.2390625 0.48125 0.0125 0.08194444444444444
7 0.667578125 0.8201388888888889 0.02265625 0.07916666666666666
7 0.26484375 0.4777777777777778 0.01875 0.08055555555555556
7 0.255859375 0.4701388888888889 0.01328125 0.0763888888888889
7 0.223046875 0.4826388888888889 0.01171875 0.07916666666666666
7 0.396484375 0.5694444444444444 0.02578125 0.07777777777777778
7 0.57890625 0.3125 0.0140625 0.05277777777777778
7 0.6734375 0.7340277777777777 0.0265625 0.09027777777777778
7 0.566796875 0.03263888888888889 0.00546875 0.02638888888888889
7 0.530078125 0.044444444444444446 0.00859375 0.025
7 0.599609375 0.07083333333333333 0.00859375 0.019444444444444445
7 0.641796875 0.3736111111111111 0.01484375 0.03888888888888889
7 0.6421875 0.36736111111111114 0.015625 0.05138888888888889
7 0.631640625 0.41458333333333336 0.01484375 0.05416666666666667
7 0.67421875 0.7354166666666667 0.025 0.0763888888888889
7 0.61328125 0.29583333333333334 0.0125 0.04722222222222222
7 0.395703125 0.5701388888888889 0.01953125 0.06805555555555555
7 0.25 0.46319444444444446 0.0109375 0.07916666666666666
7 0.24375 0.4708333333333333 0.0109375 0.08333333333333333
