7 0.854296875 0.7305555555555555 0.01640625 0.058333333333333334
7 0.688671875 0.9069444444444444 0.02265625 0.05
7 0.619921875 0.7534722222222222 0.01640625 0.043055555555555555
7 0.54296875 0.4625 0.0125 0.027777777777777776
7 0.59375 0.7805555555555556 0.01875 0.03611111111111111
7 0.030078125 0.7979166666666667 0.01328125 0.05138888888888889
7 0.008203125 0.7875 0.01328125 0.06388888888888888
7 0.767578125 0.4166666666666667 0.01015625 0.04722222222222222
7 0.740625 0.5708333333333333 0.0125 0.04722222222222222
7 0.2921875 0.775 0.0140625 0.044444444444444446
7 0.319921875 0.8034722222222223 0.01640625 0.04583333333333333
7 0.335546875 0.76875 0.01484375 0.0375
7 0.328515625 0.7229166666666667 0.01328125 0.04027777777777778
7 0.49375 0.7409722222222223 0.015625 0.034722222222222224
7 0.372265625 0.4444444444444444 0.01328125 0.03333333333333333
7 0.351171875 0.42986111111111114 0.01171875 0.03194444444444444
7 0.288671875 0.46319444444444446 0.01484375 0.03194444444444444
7 0.283203125 0.32083333333333336 0.01015625 0.027777777777777776
7 0.165625 0.11944444444444445 0.0109375 0.022222222222222223
7 0.3671875 0.15 0.0109375 0.019444444444444445
7 0.376171875 0.18541666666666667 0.01015625 0.02361111111111111
7 0.6875 0.6819444444444445 0.01875 0.03611111111111111
7 0.68046875 0.5770833333333333 0.0109375 0.02638888888888889
7 0.708203125 0.5881944444444445 0.01328125 0.029166666666666667
7 0.6859375 0.5270833333333333 0.0125 0.02638888888888889
7 0.68046875 0.5034722222222222 0.009375 0.02361111111111111
7 0.642578125 0.425 0.01328125 0.022222222222222223
7 0.62890625 0.3888888888888889 0.0078125 0.019444444444444445
7 0.61796875 0.3645833333333333 0.0140625 0.020833333333333332
7 0.4453125 0.3541666666666667 0.0140625 0.022222222222222223
7 0.551953125 0.25763888888888886 0.01015625 0.020833333333333332
7 0.599609375 0.21805555555555556 0.01171875 0.04722222222222222
7 0.616796875 0.18819444444444444 0.01171875 0.04583333333333333
7 0.6234375 0.19444444444444445 0.0109375 0.04722222222222222
7 0.576171875 0.12569444444444444 0.01015625 0.04027777777777778
7 0.214453125 0.21875 0.01015625 0.018055555555555554
7 0.70703125 0.7527777777777778 0.015625 0.03888888888888889
7 0.77109375 0.7263888888888889 0.0140625 0.027777777777777776
7 0.794921875 0.8180555555555555 0.01328125 0.025
7 0.772265625 0.7631944444444444 0.01484375 0.034722222222222224
7 0.3515625 0.8409722222222222 0.0125 0.029166666666666667
7 0.0515625 0.8027777777777778 0.015625 0.041666666666666664
7 0.0328125 0.7201388888888889 0.009375 0.034722222222222224
7 0.244140625 0.7277777777777777 0.01171875 0.058333333333333334
7 0.096875 0.5166666666666667 0.0125 0.03888888888888889
7 0.03046875 0.34652777777777777 0.0125 0.03194444444444444
7 0.01328125 0.275 0.0125 0.04722222222222222
7 0.009375 0.24027777777777778 0.009375 0.022222222222222223
7 0.010546875 0.21805555555555556 0.00859375 0.027777777777777776
7 0.004296875 0.20416666666666666 0.00546875 0.027777777777777776
7 0.009375 0.16875 0.009375 0.02638888888888889
7 0.17109375 0.034027777777777775 0.0109375 0.020833333333333332
7 0.176171875 0.05138888888888889 0.01171875 0.022222222222222223
7 0.1703125 0.10555555555555556 0.009375 0.025
7 0.197265625 0.11736111111111111 0.00859375 0.02361111111111111
7 0.20390625 0.09861111111111111 0.0140625 0.019444444444444445
7 0.61171875 0.7590277777777777 0.0109375 0.059722222222222225
7 0.2953125 0.029861111111111113 0.0109375 0.020833333333333332
7 0.35234375 0.06041666666666667 0.0109375 0.02361111111111111
7 0.322265625 0.013194444444444444 0.01015625 0.02361111111111111
7 0.40078125 0.04652777777777778 0.009375 0.02638888888888889
7 0.405859375 0.016666666666666666 0.01171875 0.019444444444444445
7 0.716796875 0.6201388888888889 0.01171875 0.02361111111111111
7 0.659765625 0.2611111111111111 0.00859375 0.044444444444444446
7 0.703125 0.027777777777777776 0.0078125 0.041666666666666664
7 0.1140625 0.08611111111111111 0.009375 0.03888888888888889
