7 0.58046875 0.7875 0.034375 0.04722222222222222
7 0.747265625 0.3375 0.01953125 0.05277777777777778
7 0.137890625 0.9833333333333333 0.02890625 0.030555555555555555
7 0.573828125 0.3145833333333333 0.01796875 0.029166666666666667
7 0.596484375 0.34097222222222223 0.02109375 0.02361111111111111
7 0.6796875 0.11041666666666666 0.0140625 0.020833333333333332
7 0.4953125 0.32083333333333336 0.0140625 0.030555555555555555
7 0.49765625 0.35 0.0125 0.044444444444444446
7 0.512109375 0.3458333333333333 0.01328125 0.05
7 0.69296875 0.39652777777777776 0.0203125 0.03194444444444444
7 0.934765625 0.50625 0.02421875 0.0763888888888889
