7 0.1953125 0.5854166666666667 0.015625 0.0875
7 0.20390625 0.5743055555555555 0.0125 0.08194444444444444
7 0.198046875 0.5277777777777778 0.01171875 0.03888888888888889
7 0.183984375 0.5708333333333333 0.01171875 0.08333333333333333
7 0.177734375 0.5854166666666667 0.01171875 0.08472222222222223
7 0.1671875 0.5868055555555556 0.0140625 0.07916666666666666
7 0.334765625 0.6 0.01953125 0.07222222222222222
7 0.47421875 0.13333333333333333 0.0078125 0.019444444444444445
7 0.470703125 0.09097222222222222 0.00703125 0.018055555555555554
7 0.819921875 0.85 0.02734375 0.06944444444444445
7 0.816015625 0.8486111111111111 0.02734375 0.09444444444444444
7 0.706640625 0.9333333333333333 0.03046875 0.08888888888888889
