7 0.405859375 0.5138888888888888 0.01640625 0.06944444444444445
7 0.25234375 0.49236111111111114 0.015625 0.08194444444444444
7 0.228125 0.49583333333333335 0.0140625 0.07777777777777778
7 0.907421875 0.9236111111111112 0.03046875 0.07777777777777778
7 0.73203125 0.3 0.0109375 0.05277777777777778
7 0.2359375 0.48194444444444445 0.0109375 0.08055555555555556
7 0.635546875 0.2548611111111111 0.01328125 0.04027777777777778
7 0.253515625 0.48333333333333334 0.01796875 0.07777777777777778
7 0.24296875 0.47708333333333336 0.0125 0.07916666666666666
7 0.59140625 0.0875 0.0078125 0.027777777777777776
7 0.59765625 0.09166666666666666 0.0078125 0.03611111111111111
7 0.69453125 0.325 0.0140625 0.041666666666666664
