7 0.078515625 0.5944444444444444 0.01484375 0.08333333333333333
7 0.1125 0.5875 0.015625 0.08611111111111111
7 0.099609375 0.5923611111111111 0.01328125 0.07916666666666666
7 0.118359375 0.5777777777777777 0.01484375 0.08333333333333333
7 0.103515625 0.5409722222222222 0.01015625 0.02361111111111111
7 0.4015625 0.12291666666666666 0.0078125 0.018055555555555554
7 0.479296875 0.22013888888888888 0.01171875 0.02361111111111111
7 0.503125 0.2743055555555556 0.0109375 0.02638888888888889
7 0.539453125 0.38333333333333336 0.01640625 0.05277777777777778
7 0.468359375 0.17083333333333334 0.00859375 0.03611111111111111
7 0.376171875 0.1375 0.00703125 0.013888888888888888
