7 0.701171875 0.8770833333333333 0.02890625 0.07361111111111111
7 0.303515625 0.6652777777777777 0.02578125 0.05
7 0.532421875 0.45416666666666666 0.03046875 0.03888888888888889
7 0.17734375 0.5270833333333333 0.0328125 0.0375
7 0.205859375 0.8805555555555555 0.03359375 0.04722222222222222
7 0.134765625 0.15486111111111112 0.02109375 0.0375
7 0.191796875 0.7270833333333333 0.01953125 0.043055555555555555
7 0.590625 0.47638888888888886 0.0203125 0.03888888888888889
7 0.26796875 0.5958333333333333 0.021875 0.05
7 0.228515625 0.9708333333333333 0.03359375 0.04722222222222222
7 0.3109375 0.7701388888888889 0.01875 0.04861111111111111
7 0.048046875 0.3902777777777778 0.01640625 0.058333333333333334
