7 0.18515625 0.5597222222222222 0.015625 0.07777777777777778
7 0.1515625 0.5819444444444445 0.021875 0.08055555555555556
7 0.1671875 0.5590277777777778 0.0140625 0.07916666666666666
7 0.17109375 0.5527777777777778 0.0125 0.08055555555555556
7 0.1796875 0.5708333333333333 0.0140625 0.08055555555555556
7 0.160546875 0.5708333333333333 0.01484375 0.08333333333333333
7 0.36484375 0.1673611111111111 0.009375 0.03194444444444444
7 0.471875 0.05138888888888889 0.00625 0.016666666666666666
7 0.448828125 0.07291666666666667 0.00703125 0.0125
7 0.476953125 0.08472222222222223 0.00703125 0.019444444444444445
7 0.49375 0.13819444444444445 0.0078125 0.020833333333333332
7 0.501171875 0.16666666666666666 0.00859375 0.016666666666666666
