7 0.644140625 0.7444444444444445 0.01640625 0.030555555555555555
7 0.582421875 0.4965277777777778 0.01484375 0.03194444444444444
7 0.694921875 0.5826388888888889 0.01171875 0.04027777777777778
7 0.5515625 0.3423611111111111 0.0078125 0.029166666666666667
7 0.524609375 0.23680555555555555 0.00859375 0.029166666666666667
7 0.335546875 0.27708333333333335 0.01015625 0.03194444444444444
7 0.322265625 0.21597222222222223 0.01015625 0.03194444444444444
7 0.341015625 0.23819444444444443 0.01015625 0.03194444444444444
7 0.337890625 0.18958333333333333 0.01015625 0.03194444444444444
7 0.323046875 0.15138888888888888 0.01015625 0.025
7 0.31640625 0.12708333333333333 0.009375 0.02361111111111111
7 0.316796875 0.10208333333333333 0.01015625 0.02361111111111111
7 0.31640625 0.059722222222222225 0.009375 0.025
7 0.3296875 0.10208333333333333 0.009375 0.02361111111111111
7 0.3359375 0.1284722222222222 0.009375 0.02361111111111111
7 0.45 0.021527777777777778 0.009375 0.02361111111111111
7 0.3546875 0.08263888888888889 0.009375 0.02361111111111111
7 0.3625 0.07291666666666667 0.009375 0.02361111111111111
7 0.36640625 0.11041666666666666 0.009375 0.02361111111111111
7 0.55546875 0.20972222222222223 0.0078125 0.025
7 0.566015625 0.19583333333333333 0.00859375 0.025
7 0.576171875 0.25555555555555554 0.01328125 0.025
7 0.290625 0.3347222222222222 0.009375 0.030555555555555555
7 0.21953125 0.4583333333333333 0.0125 0.03333333333333333
7 0.232421875 0.4465277777777778 0.01171875 0.043055555555555555
7 0.2453125 0.4361111111111111 0.0125 0.044444444444444446
7 0.28046875 0.4263888888888889 0.009375 0.03611111111111111
7 0.287890625 0.2604166666666667 0.01171875 0.029166666666666667
7 0.271484375 0.2604166666666667 0.01015625 0.0375
7 0.315234375 0.009027777777777777 0.01015625 0.018055555555555554
7 0.33671875 0.009722222222222222 0.009375 0.019444444444444445
7 0.34609375 0.014583333333333334 0.009375 0.020833333333333332
7 0.51484375 0.06111111111111111 0.0125 0.027777777777777776
7 0.578125 0.17430555555555555 0.0109375 0.02361111111111111
7 0.581640625 0.20347222222222222 0.01171875 0.03194444444444444
7 0.57734375 0.22847222222222222 0.0140625 0.02361111111111111
7 0.5796875 0.28402777777777777 0.0109375 0.03194444444444444
7 0.647265625 0.10555555555555556 0.00703125 0.030555555555555555
7 0.652734375 0.10416666666666667 0.00703125 0.030555555555555555
7 0.57265625 0.15 0.0109375 0.03333333333333333
7 0.95390625 0.09583333333333334 0.0125 0.019444444444444445
7 0.98515625 0.13055555555555556 0.009375 0.025
7 0.175 0.07708333333333334 0.0078125 0.0375
