7 0.38203125 0.40555555555555556 0.009375 0.019444444444444445
7 0.574609375 0.3861111111111111 0.00703125 0.022222222222222223
7 0.56171875 0.41875 0.0078125 0.020833333333333332
7 0.553125 0.3972222222222222 0.00625 0.022222222222222223
7 0.53125 0.49027777777777776 0.00625 0.022222222222222223
7 0.533203125 0.5895833333333333 0.00703125 0.020833333333333332
7 0.36875 0.7458333333333333 0.0109375 0.025
7 0.403125 0.6138888888888889 0.0078125 0.019444444444444445
7 0.41640625 0.5604166666666667 0.0078125 0.020833333333333332
7 0.45546875 0.31319444444444444 0.00625 0.018055555555555554
7 0.5375 0.14583333333333334 0.003125 0.013888888888888888
7 0.453125 0.13055555555555556 0.003125 0.013888888888888888
7 0.434375 0.12291666666666666 0.003125 0.015277777777777777
7 0.41640625 0.25972222222222224 0.0078125 0.013888888888888888
7 0.65390625 0.38819444444444445 0.0046875 0.015277777777777777
7 0.588671875 0.4111111111111111 0.00703125 0.03333333333333333
7 0.591015625 0.4041666666666667 0.00546875 0.027777777777777776
7 0.3 0.7048611111111112 0.0109375 0.02638888888888889
7 0.2609375 0.7034722222222223 0.00625 0.018055555555555554
7 0.304296875 0.4840277777777778 0.00703125 0.02638888888888889
7 0.308984375 0.4875 0.00546875 0.030555555555555555
7 0.283203125 0.05555555555555555 0.00390625 0.011111111111111112
7 0.241015625 0.15416666666666667 0.00390625 0.011111111111111112
7 0.223046875 0.14444444444444443 0.00390625 0.011111111111111112
7 0.2484375 0.08333333333333333 0.0046875 0.016666666666666666
7 0.230859375 0.0798611111111111 0.00390625 0.015277777777777777
7 0.44609375 0.09305555555555556 0.003125 0.008333333333333333
7 0.44921875 0.08263888888888889 0.003125 0.009722222222222222
7 0.4390625 0.06875 0.003125 0.009722222222222222
7 0.443359375 0.05555555555555555 0.00234375 0.008333333333333333
7 0.183984375 0.6784722222222223 0.01015625 0.03194444444444444
7 0.1953125 0.6743055555555556 0.009375 0.03194444444444444
7 0.205078125 0.7534722222222222 0.00859375 0.03194444444444444
7 0.1953125 0.8569444444444444 0.0078125 0.03888888888888889
7 0.192578125 0.9 0.01171875 0.027777777777777776
7 0.15078125 0.9388888888888889 0.0125 0.027777777777777776
7 0.6703125 0.22847222222222222 0.00625 0.015277777777777777
7 0.636328125 0.2826388888888889 0.00703125 0.015277777777777777
7 0.61171875 0.24861111111111112 0.00625 0.011111111111111112
7 0.915625 0.12986111111111112 0.0046875 0.015277777777777777
7 0.74921875 0.8715277777777778 0.009375 0.02638888888888889
7 0.7375 0.8465277777777778 0.009375 0.02638888888888889
7 0.737109375 0.7777777777777778 0.01171875 0.03333333333333333
7 0.749609375 0.5506944444444445 0.01015625 0.02361111111111111
7 0.739453125 0.4152777777777778 0.00859375 0.016666666666666666
7 0.72109375 0.36041666666666666 0.009375 0.02638888888888889
