7 0.8453125 0.6604166666666667 0.034375 0.0625
7 0.433203125 0.6027777777777777 0.03359375 0.05277777777777778
7 0.302734375 0.44722222222222224 0.02578125 0.05555555555555555
7 0.553515625 0.3020833333333333 0.01640625 0.05416666666666667
7 0.535546875 0.22083333333333333 0.01328125 0.041666666666666664
7 0.526953125 0.26944444444444443 0.01796875 0.03611111111111111
7 0.349609375 0.20555555555555555 0.01171875 0.03888888888888889
7 0.47890625 0.20347222222222222 0.0078125 0.02361111111111111
7 0.50078125 0.16805555555555557 0.0140625 0.022222222222222223
7 0.465625 0.14375 0.0125 0.018055555555555554
7 0.48359375 0.12222222222222222 0.009375 0.019444444444444445
7 0.458203125 0.10069444444444445 0.01796875 0.020833333333333332
7 0.46875 0.07083333333333333 0.0125 0.022222222222222223
7 0.49921875 0.07569444444444444 0.009375 0.02361111111111111
7 0.5078125 0.08611111111111111 0.00625 0.016666666666666666
