7 0.1315 0.26132075471698113 0.025 0.09622641509433963
7 0.5715 0.659433962264151 0.065 0.16037735849056603
7 0.7365 0.22924528301886793 0.025 0.03962264150943396
7 0.912 0.5877358490566038 0.048 0.12641509433962264
7 0.7855 0.5113207547169811 0.051 0.13584905660377358
7 0.1825 0.35566037735849054 0.041 0.062264150943396226
7 0.2465 0.29150943396226414 0.035 0.07358490566037736
7 0.676 0.1660377358490566 0.026 0.03773584905660377
7 0.6775 0.21320754716981133 0.027 0.045283018867924525
7 0.6785 0.08773584905660377 0.025 0.03962264150943396
7 0.596 0.09528301886792453 0.02 0.035849056603773584
7 0.399 0.05188679245283019 0.02 0.035849056603773584
7 0.433 0.06037735849056604 0.018 0.03018867924528302
7 0.4345 0.031132075471698113 0.017 0.035849056603773584
7 0.392 0.14622641509433962 0.02 0.035849056603773584
7 0.4015 0.16886792452830188 0.025 0.04339622641509434
7 0.3275 0.10849056603773585 0.023 0.035849056603773584
7 0.2345 0.2 0.027 0.04150943396226415
