7 0.153515625 0.4826388888888889 0.01796875 0.08472222222222223
7 0.11640625 0.4840277777777778 0.0140625 0.08194444444444444
7 0.134375 0.48055555555555557 0.0171875 0.07777777777777778
7 0.5375 0.21041666666666667 0.015625 0.03194444444444444
7 0.32421875 0.3013888888888889 0.0125 0.06111111111111111
7 0.133984375 0.4375 0.01484375 0.030555555555555555
7 0.14921875 0.46875 0.015625 0.07916666666666666
7 0.520703125 0.12916666666666668 0.01328125 0.027777777777777776
7 0.58046875 0.225 0.0109375 0.03611111111111111
7 0.508984375 0.06736111111111111 0.00703125 0.020833333333333332
7 0.428125 0.05486111111111111 0.0078125 0.018055555555555554
7 0.472265625 0.03333333333333333 0.00859375 0.022222222222222223
7 0.464453125 0.027083333333333334 0.00546875 0.02638888888888889
7 0.4234375 0.019444444444444445 0.0078125 0.019444444444444445
7 0.427734375 0.0125 0.00703125 0.019444444444444445
