7 0.73359375 0.3861111111111111 0.0203125 0.044444444444444446
7 0.377734375 0.13055555555555556 0.01796875 0.041666666666666664
7 0.405859375 0.18680555555555556 0.02109375 0.0375
7 0.446484375 0.1284722222222222 0.01796875 0.03194444444444444
7 0.171875 0.5486111111111112 0.025 0.03333333333333333
7 0.869921875 0.8284722222222223 0.01953125 0.04027777777777778
7 0.5578125 0.46458333333333335 0.025 0.05416666666666667
7 0.396484375 0.07083333333333333 0.01328125 0.03611111111111111
7 0.20390625 0.15069444444444444 0.015625 0.034722222222222224
7 0.1890625 0.11458333333333333 0.0203125 0.0375
7 0.18203125 0.07291666666666667 0.01875 0.04027777777777778
7 0.1125 0.07013888888888889 0.0125 0.02638888888888889
7 0.042578125 0.44305555555555554 0.02109375 0.05555555555555555
7 0.09765625 0.13194444444444445 0.0171875 0.05277777777777778
