7 0.189453125 0.5180555555555556 0.01640625 0.08333333333333333
7 0.570703125 0.5236111111111111 0.01796875 0.058333333333333334
7 0.15390625 0.5194444444444445 0.0140625 0.08333333333333333
7 0.169140625 0.51875 0.01328125 0.0763888888888889
7 0.29375 0.32569444444444445 0.015625 0.04583333333333333
7 0.18359375 0.5076388888888889 0.0140625 0.07916666666666666
7 0.174609375 0.49930555555555556 0.00703125 0.07916666666666666
7 0.17265625 0.5069444444444444 0.0109375 0.075
7 0.387109375 0.1 0.00703125 0.027777777777777776
7 0.444921875 0.06736111111111111 0.00859375 0.020833333333333332
7 0.46484375 0.07777777777777778 0.009375 0.025
7 0.5328125 0.10416666666666667 0.00625 0.030555555555555555
7 0.537109375 0.11180555555555556 0.00703125 0.03194444444444444
7 0.6171875 0.2881944444444444 0.0125 0.043055555555555555
