7 0.11796875 0.5138888888888888 0.015625 0.07777777777777778
7 0.0984375 0.51875 0.0140625 0.08194444444444444
7 0.13828125 0.51875 0.0203125 0.07916666666666666
7 0.65390625 0.5041666666666667 0.0203125 0.05555555555555555
7 0.13046875 0.5055555555555555 0.0140625 0.07777777777777778
7 0.122265625 0.49930555555555556 0.01328125 0.08194444444444444
7 0.492578125 0.12916666666666668 0.00703125 0.03333333333333333
7 0.496875 0.12361111111111112 0.00625 0.03333333333333333
7 0.410546875 0.05138888888888889 0.00546875 0.016666666666666666
7 0.47578125 0.09652777777777778 0.009375 0.029166666666666667
