7 0.894 0.2679245283018868 0.028 0.0830188679245283
7 0.131 0.6490566037735849 0.062 0.13584905660377358
7 0.569 0.690566037735849 0.052 0.15849056603773584
7 0.82 0.1490566037735849 0.024 0.06415094339622641
7 0.325 0.47452830188679246 0.048 0.1
7 0.44 0.15283018867924528 0.024 0.04150943396226415
7 0.1445 0.6349056603773585 0.047 0.13018867924528302
7 0.581 0.19811320754716982 0.03 0.045283018867924525
7 0.472 0.1471698113207547 0.022 0.045283018867924525
7 0.5345 0.062264150943396226 0.019 0.026415094339622643
7 0.564 0.027358490566037737 0.016 0.02830188679245283
