7 0.3296875 0.5868055555555556 0.0234375 0.06527777777777778
7 0.169921875 0.5638888888888889 0.01328125 0.08055555555555556
7 0.190625 0.5569444444444445 0.015625 0.08055555555555556
7 0.50546875 0.38333333333333336 0.015625 0.041666666666666664
7 0.577734375 0.5430555555555555 0.01640625 0.05555555555555555
7 0.732421875 0.80625 0.02734375 0.0763888888888889
7 0.181640625 0.5375 0.01328125 0.08333333333333333
7 0.1953125 0.5465277777777777 0.0125 0.08472222222222223
7 0.17578125 0.5486111111111112 0.0140625 0.09166666666666666
7 0.4875 0.04236111111111111 0.0078125 0.020833333333333332
7 0.3828125 0.13472222222222222 0.009375 0.025
7 0.510546875 0.12986111111111112 0.00703125 0.029166666666666667
7 0.525 0.14791666666666667 0.0078125 0.03194444444444444
7 0.578125 0.275 0.0109375 0.03333333333333333
