7 0.607421875 0.49583333333333335 0.02265625 0.03611111111111111
7 0.21796875 0.4895833333333333 0.0203125 0.034722222222222224
7 0.19296875 0.2375 0.0125 0.025
7 0.25546875 0.15138888888888888 0.015625 0.025
7 0.238671875 0.10138888888888889 0.01796875 0.022222222222222223
7 0.22421875 0.1125 0.0171875 0.013888888888888888
7 0.1890625 0.02361111111111111 0.0109375 0.016666666666666666
7 0.4828125 0.28055555555555556 0.015625 0.025
7 0.44296875 0.08194444444444444 0.015625 0.022222222222222223
7 0.671484375 0.3388888888888889 0.01015625 0.025
7 0.74375 0.1625 0.015625 0.044444444444444446
7 0.5421875 0.07430555555555556 0.0140625 0.029166666666666667
7 0.14296875 0.6486111111111111 0.015625 0.05277777777777778
7 0.1546875 0.6430555555555556 0.015625 0.06388888888888888
7 0.128125 0.6277777777777778 0.0171875 0.05555555555555555
