7 0.48359375 0.30069444444444443 0.0234375 0.0625
7 0.38203125 0.12638888888888888 0.0140625 0.041666666666666664
7 0.566796875 0.09305555555555556 0.01328125 0.03888888888888889
7 0.589453125 0.11666666666666667 0.01171875 0.044444444444444446
7 0.62734375 0.12777777777777777 0.0125 0.03888888888888889
7 0.4 0.22916666666666666 0.021875 0.058333333333333334
7 0.423828125 0.10625 0.01484375 0.034722222222222224
7 0.46953125 0.10347222222222222 0.0125 0.04027777777777778
7 0.51953125 0.0798611111111111 0.0140625 0.034722222222222224
7 0.61953125 0.15347222222222223 0.015625 0.04861111111111111
