7 0.755078125 0.12013888888888889 0.03203125 0.10138888888888889
7 0.251171875 0.5173611111111112 0.06484375 0.15694444444444444
7 0.3796875 0.22916666666666666 0.028125 0.10833333333333334
7 0.119921875 0.5472222222222223 0.06015625 0.1388888888888889
7 0.598046875 0.25763888888888886 0.04765625 0.11805555555555555
7 0.644140625 0.05416666666666667 0.02109375 0.06388888888888888
7 0.93359375 0.18888888888888888 0.034375 0.075
7 0.824609375 0.04583333333333333 0.01640625 0.075
7 0.66484375 0.12083333333333333 0.0328125 0.09166666666666666
7 0.837890625 0.044444444444444446 0.01328125 0.07222222222222222
7 0.616015625 0.24930555555555556 0.03984375 0.10972222222222222
