7 0.277734375 0.6805555555555556 0.02109375 0.058333333333333334
7 0.408203125 0.2916666666666667 0.01328125 0.041666666666666664
7 0.535546875 0.3923611111111111 0.01171875 0.05694444444444444
7 0.4359375 0.28194444444444444 0.0125 0.03333333333333333
7 0.39375 0.24930555555555556 0.0078125 0.034722222222222224
7 0.40078125 0.24027777777777778 0.0109375 0.041666666666666664
7 0.515234375 0.08541666666666667 0.00703125 0.018055555555555554
7 0.49453125 0.04722222222222222 0.0046875 0.016666666666666666
7 0.459765625 0.08541666666666667 0.00859375 0.018055555555555554
7 0.466015625 0.06527777777777778 0.00546875 0.019444444444444445
7 0.483984375 0.1 0.00390625 0.022222222222222223
7 0.4875 0.11666666666666667 0.0046875 0.022222222222222223
7 0.4265625 0.1597222222222222 0.009375 0.03333333333333333
