7 0.323828125 0.43680555555555556 0.03046875 0.06527777777777778
7 0.333984375 0.48333333333333334 0.01640625 0.05555555555555555
7 0.3734375 0.22777777777777777 0.0171875 0.027777777777777776
7 0.426171875 0.21875 0.01796875 0.029166666666666667
7 0.4828125 0.21388888888888888 0.009375 0.05555555555555555
7 0.448828125 0.27569444444444446 0.01328125 0.03194444444444444
7 0.3453125 0.11180555555555556 0.0109375 0.018055555555555554
7 0.384765625 0.12569444444444444 0.01171875 0.02361111111111111
7 0.18359375 0.7777777777777778 0.03125 0.06111111111111111
7 0.4875 0.21180555555555555 0.00625 0.0375
7 0.316796875 0.15763888888888888 0.01328125 0.0375
