7 0.909765625 0.7638888888888888 0.02421875 0.10277777777777777
7 0.11640625 0.3388888888888889 0.015625 0.08611111111111111
7 0.095703125 0.3284722222222222 0.01953125 0.0763888888888889
7 0.1453125 0.30625 0.0171875 0.07083333333333333
7 0.8515625 0.7604166666666666 0.0296875 0.07083333333333333
7 0.581640625 0.6138888888888889 0.02890625 0.06388888888888888
7 0.89140625 0.7680555555555556 0.0171875 0.09444444444444444
7 0.5984375 0.2659722222222222 0.01875 0.05416666666666667
7 0.109765625 0.30972222222222223 0.01171875 0.08055555555555556
7 0.549609375 0.3770833333333333 0.02109375 0.05694444444444444
7 0.55625 0.12083333333333333 0.015625 0.044444444444444446
7 0.45546875 0.1326388888888889 0.015625 0.043055555555555555
7 0.119921875 0.32569444444444445 0.01796875 0.0875
7 0.495703125 0.16527777777777777 0.01640625 0.025
7 0.51953125 0.4041666666666667 0.0171875 0.05
7 0.515234375 0.4076388888888889 0.02109375 0.06527777777777778
7 0.5828125 0.6152777777777778 0.0265625 0.05555555555555555
7 0.494921875 0.18055555555555555 0.01484375 0.03333333333333333
7 0.45625 0.13125 0.0140625 0.03194444444444444
7 0.4796875 0.02847222222222222 0.0125 0.02361111111111111
