7 0.404296875 0.8152777777777778 0.02890625 0.08611111111111111
7 0.26875 0.9020833333333333 0.028125 0.07916666666666666
7 0.553515625 0.2965277777777778 0.01328125 0.0375
7 0.49140625 0.2298611111111111 0.0125 0.029166666666666667
7 0.4828125 0.18611111111111112 0.009375 0.022222222222222223
7 0.5171875 0.07916666666666666 0.00625 0.016666666666666666
7 0.541015625 0.11944444444444445 0.00703125 0.013888888888888888
7 0.558984375 0.09791666666666667 0.00546875 0.02638888888888889
7 0.537109375 0.09930555555555555 0.00546875 0.015277777777777777
7 0.5375 0.06388888888888888 0.00625 0.016666666666666666
7 0.403515625 0.8118055555555556 0.02734375 0.059722222222222225
