7 0.133203125 0.85 0.02578125 0.09166666666666666
7 0.109765625 0.8583333333333333 0.02734375 0.09166666666666666
7 0.217578125 0.6326388888888889 0.02265625 0.06527777777777778
7 0.469921875 0.7326388888888888 0.03046875 0.07361111111111111
7 0.47421875 0.725 0.021875 0.075
7 0.388671875 0.31319444444444444 0.01640625 0.04027777777777778
7 0.260546875 0.49166666666666664 0.02421875 0.05277777777777778
7 0.55546875 0.2833333333333333 0.0171875 0.041666666666666664
7 0.559765625 0.275 0.01328125 0.03888888888888889
7 0.53984375 0.10347222222222222 0.0125 0.0375
7 0.534765625 0.06041666666666667 0.01171875 0.0375
7 0.55234375 0.04583333333333333 0.0078125 0.025
