7 0.409 0.21226415094339623 0.034 0.08113207547169811
7 0.86 0.09622641509433963 0.022 0.04905660377358491
7 0.937 0.3264150943396226 0.042 0.08679245283018867
7 0.5255 0.024528301886792454 0.021 0.04150943396226415
7 0.0755 0.6075471698113207 0.063 0.15471698113207547
7 0.4075 0.20566037735849058 0.033 0.07547169811320754
7 0.8605 0.06509433962264151 0.017 0.03207547169811321
7 0.8685 0.2 0.037 0.05660377358490566
7 0.932 0.3141509433962264 0.044 0.06981132075471698
7 0.983 0.37924528301886795 0.028 0.07547169811320754
