7 0.470703125 0.1875 0.02109375 0.05
7 0.43046875 0.13819444444444445 0.0203125 0.0375
7 0.491796875 0.5131944444444444 0.04609375 0.1125
7 0.46015625 0.6326388888888889 0.0421875 0.13194444444444445
7 0.617578125 0.10902777777777778 0.01015625 0.0375
7 0.391796875 0.1125 0.01640625 0.030555555555555555
7 0.498828125 0.16180555555555556 0.01640625 0.043055555555555555
7 0.398046875 0.058333333333333334 0.01484375 0.022222222222222223
7 0.4140625 0.07083333333333333 0.0125 0.03611111111111111
7 0.411328125 0.027083333333333334 0.01484375 0.029166666666666667
7 0.62734375 0.1423611111111111 0.01875 0.043055555555555555
7 0.487109375 0.08680555555555555 0.01484375 0.0375
7 0.782421875 0.14166666666666666 0.02265625 0.044444444444444446
7 0.595703125 0.10902777777777778 0.01640625 0.04583333333333333
7 0.577734375 0.1 0.01640625 0.044444444444444446
7 0.470703125 0.19305555555555556 0.01953125 0.044444444444444446
7 0.3984375 0.05625 0.0140625 0.02638888888888889
7 0.62265625 0.1111111111111111 0.0171875 0.03333333333333333
