7 0.419921875 0.46041666666666664 0.02734375 0.08472222222222223
7 0.796484375 0.5194444444444445 0.03359375 0.08333333333333333
7 0.357421875 0.47638888888888886 0.03515625 0.10277777777777777
7 0.665625 0.3854166666666667 0.0265625 0.07916666666666666
7 0.309765625 0.47847222222222224 0.02734375 0.09305555555555556
7 0.608203125 0.24861111111111112 0.02109375 0.058333333333333334
7 0.526953125 0.14722222222222223 0.01328125 0.027777777777777776
7 0.32578125 0.11666666666666667 0.0125 0.025
7 0.41875 0.05277777777777778 0.009375 0.022222222222222223
7 0.393359375 0.041666666666666664 0.00859375 0.016666666666666666
