7 0.29609375 0.23333333333333334 0.0203125 0.08055555555555556
7 0.645703125 0.17777777777777778 0.01953125 0.058333333333333334
7 0.694921875 0.26875 0.02578125 0.06805555555555555
7 0.353125 0.6423611111111112 0.046875 0.12638888888888888
7 0.73203125 0.27708333333333335 0.0234375 0.08194444444444444
7 0.5625 0.15694444444444444 0.015625 0.05277777777777778
7 0.34765625 0.04861111111111111 0.015625 0.030555555555555555
7 0.98046875 0.8465277777777778 0.0359375 0.1125
7 0.353515625 0.6513888888888889 0.04765625 0.10555555555555556
7 0.567578125 0.15694444444444444 0.01484375 0.05277777777777778
7 0.314453125 0.022222222222222223 0.01015625 0.027777777777777776
