7 0.12890625 0.5013888888888889 0.0171875 0.07777777777777778
7 0.148828125 0.5048611111111111 0.01796875 0.08194444444444444
7 0.110546875 0.5048611111111111 0.01328125 0.08194444444444444
7 0.663671875 0.7708333333333334 0.02578125 0.07777777777777778
7 0.5953125 0.9513888888888888 0.0296875 0.08333333333333333
7 0.4859375 0.2548611111111111 0.0109375 0.034722222222222224
7 0.14296875 0.49166666666666664 0.0171875 0.08055555555555556
7 0.1296875 0.4625 0.0234375 0.041666666666666664
7 0.4359375 0.009722222222222222 0.0078125 0.016666666666666666
7 0.511328125 0.25833333333333336 0.01171875 0.03888888888888889
7 0.486328125 0.29583333333333334 0.01796875 0.05
7 0.598046875 0.95625 0.02734375 0.06527777777777778
7 0.50078125 0.08472222222222223 0.00625 0.022222222222222223
7 0.465234375 0.050694444444444445 0.00703125 0.02638888888888889
