7 0.253515625 0.48125 0.01484375 0.08472222222222223
7 0.805859375 0.5847222222222223 0.02109375 0.06666666666666667
7 0.218359375 0.48541666666666666 0.01484375 0.06805555555555555
7 0.390625 0.7395833333333334 0.021875 0.09027777777777778
7 0.23984375 0.46805555555555556 0.0109375 0.08055555555555556
7 0.77109375 0.48333333333333334 0.01875 0.05
7 0.461328125 0.07569444444444444 0.01015625 0.02638888888888889
7 0.236328125 0.4736111111111111 0.01171875 0.07777777777777778
7 0.252734375 0.47152777777777777 0.01953125 0.07916666666666666
7 0.23046875 0.48055555555555557 0.0140625 0.075
7 0.55 0.0375 0.0078125 0.022222222222222223
7 0.59296875 0.08055555555555556 0.0078125 0.03611111111111111
7 0.598828125 0.08680555555555555 0.00703125 0.04027777777777778
7 0.724609375 0.29791666666666666 0.00859375 0.04583333333333333
7 0.734375 0.2916666666666667 0.009375 0.058333333333333334
7 0.71171875 0.9513888888888888 0.0359375 0.08333333333333333
