7 0.813671875 0.9159722222222222 0.01640625 0.029166666666666667
7 0.49140625 0.42083333333333334 0.0078125 0.025
7 0.492578125 0.36944444444444446 0.00859375 0.022222222222222223
7 0.506640625 0.29791666666666666 0.00703125 0.015277777777777777
7 0.591015625 0.4131944444444444 0.00859375 0.020833333333333332
7 0.377734375 0.6520833333333333 0.01328125 0.03194444444444444
7 0.375390625 0.5930555555555556 0.01015625 0.025
7 0.39296875 0.5715277777777777 0.009375 0.029166666666666667
7 0.439453125 0.9305555555555556 0.02109375 0.03888888888888889
7 0.49609375 0.8930555555555556 0.01875 0.03611111111111111
7 0.3890625 0.8215277777777777 0.015625 0.04027777777777778
7 0.656640625 0.31875 0.00703125 0.03194444444444444
7 0.616796875 0.28888888888888886 0.00703125 0.03333333333333333
7 0.55 0.23055555555555557 0.0078125 0.027777777777777776
7 0.559375 0.19930555555555557 0.009375 0.02638888888888889
7 0.394921875 0.3263888888888889 0.00703125 0.022222222222222223
7 0.383203125 0.33194444444444443 0.00859375 0.022222222222222223
7 0.37421875 0.3368055555555556 0.0078125 0.020833333333333332
7 0.3625 0.3375 0.00625 0.025
7 0.36484375 0.3854166666666667 0.0109375 0.02361111111111111
7 0.394140625 0.3993055555555556 0.00859375 0.02638888888888889
7 0.405078125 0.34444444444444444 0.00703125 0.027777777777777776
7 0.35234375 0.0625 0.0078125 0.013888888888888888
7 0.461328125 0.12916666666666668 0.00859375 0.022222222222222223
7 0.375 0.15833333333333333 0.0078125 0.013888888888888888
7 0.416796875 0.175 0.00390625 0.011111111111111112
7 0.421484375 0.16875 0.00546875 0.0125
7 0.44453125 0.14444444444444443 0.0046875 0.013888888888888888
7 0.44921875 0.15416666666666667 0.0046875 0.013888888888888888
7 0.4546875 0.14930555555555555 0.0046875 0.0125
7 0.37734375 0.2965277777777778 0.00625 0.018055555555555554
7 0.213671875 0.3611111111111111 0.01015625 0.030555555555555555
7 0.205078125 0.3472222222222222 0.00859375 0.03611111111111111
7 0.20078125 0.31527777777777777 0.00625 0.027777777777777776
7 0.22734375 0.30069444444444443 0.0078125 0.015277777777777777
7 0.168359375 0.15763888888888888 0.00703125 0.015277777777777777
7 0.1171875 0.011805555555555555 0.00625 0.015277777777777777
7 0.138671875 0.007638888888888889 0.00546875 0.015277777777777777
7 0.032421875 0.9173611111111111 0.01640625 0.029166666666666667
7 0.283203125 0.9430555555555555 0.01015625 0.03611111111111111
7 0.3265625 0.9027777777777778 0.0078125 0.05555555555555555
7 0.31328125 0.9472222222222222 0.0109375 0.05
7 0.321484375 0.9743055555555555 0.00859375 0.0375
7 0.3296875 0.9715277777777778 0.0109375 0.04027777777777778
7 0.35078125 0.9805555555555555 0.009375 0.027777777777777776
7 0.199609375 0.5930555555555556 0.01015625 0.025
7 0.28671875 0.08194444444444444 0.0078125 0.019444444444444445
7 0.275 0.11666666666666667 0.0078125 0.013888888888888888
7 0.2859375 0.14652777777777778 0.0078125 0.020833333333333332
7 0.29453125 0.16319444444444445 0.00625 0.018055555555555554
7 0.300390625 0.16944444444444445 0.01015625 0.016666666666666666
7 0.326171875 0.23055555555555557 0.01015625 0.022222222222222223
7 0.3265625 0.2326388888888889 0.00625 0.018055555555555554
7 0.33671875 0.24583333333333332 0.009375 0.016666666666666666
7 0.346484375 0.25555555555555554 0.00859375 0.019444444444444445
7 0.39140625 0.3145833333333333 0.009375 0.018055555555555554
7 0.375390625 0.24861111111111112 0.00859375 0.022222222222222223
7 0.43203125 0.9791666666666666 0.0171875 0.027777777777777776
7 0.39921875 0.9819444444444444 0.01875 0.025
7 0.348046875 0.09444444444444444 0.00703125 0.016666666666666666
7 0.395703125 0.13402777777777777 0.00859375 0.015277777777777777
7 0.571484375 0.2875 0.01015625 0.016666666666666666
7 0.495703125 0.1875 0.01015625 0.019444444444444445
7 0.484375 0.17291666666666666 0.00625 0.0125
7 0.467578125 0.15763888888888888 0.00546875 0.015277777777777777
7 0.469921875 0.16041666666666668 0.00546875 0.015277777777777777
7 0.39296875 0.06597222222222222 0.00625 0.0125
7 0.44453125 0.09236111111111112 0.009375 0.018055555555555554
7 0.4578125 0.08333333333333333 0.00625 0.027777777777777776
7 0.508203125 0.09166666666666666 0.00546875 0.027777777777777776
7 0.501953125 0.175 0.01015625 0.016666666666666666
7 0.538671875 0.13541666666666666 0.00546875 0.03194444444444444
7 0.542578125 0.13541666666666666 0.00546875 0.029166666666666667
7 0.43203125 0.015277777777777777 0.00625 0.022222222222222223
7 0.61796875 0.25555555555555554 0.00625 0.03333333333333333
