7 0.1125 0.5694444444444444 0.0171875 0.08333333333333333
7 0.076171875 0.5763888888888888 0.01484375 0.08055555555555556
7 0.096484375 0.5722222222222222 0.01484375 0.07777777777777778
7 0.568359375 0.43194444444444446 0.01484375 0.05
7 0.485546875 0.23541666666666666 0.01171875 0.034722222222222224
7 0.517578125 0.29930555555555555 0.01171875 0.034722222222222224
7 0.115625 0.5604166666666667 0.015625 0.08472222222222223
7 0.103515625 0.5222222222222223 0.01015625 0.027777777777777776
7 0.09609375 0.53125 0.0109375 0.02361111111111111
7 0.406640625 0.12708333333333333 0.00703125 0.018055555555555554
7 0.469921875 0.16805555555555557 0.00703125 0.030555555555555555
7 0.47578125 0.16597222222222222 0.00625 0.034722222222222224
