7 0.32578125 0.21736111111111112 0.0265625 0.0625
7 0.58125 0.03194444444444444 0.0125 0.05
7 0.332421875 0.0875 0.01640625 0.04722222222222222
7 0.591796875 0.08680555555555555 0.01171875 0.04861111111111111
7 0.270703125 0.7284722222222222 0.04609375 0.10972222222222222
7 0.2859375 0.03680555555555556 0.0109375 0.0375
7 0.52890625 0.03611111111111111 0.0140625 0.041666666666666664
7 0.597265625 0.03263888888888889 0.01015625 0.05694444444444444
7 0.761328125 0.24791666666666667 0.02265625 0.04583333333333333
7 0.283203125 0.04236111111111111 0.01640625 0.0375
