7 0.4046875 0.4270833333333333 0.0078125 0.02638888888888889
7 0.571875 0.7340277777777777 0.0109375 0.02638888888888889
7 0.553125 0.6798611111111111 0.0109375 0.02638888888888889
7 0.557421875 0.46458333333333335 0.00859375 0.018055555555555554
7 0.576171875 0.4548611111111111 0.00859375 0.018055555555555554
7 0.585546875 0.3506944444444444 0.00703125 0.034722222222222224
7 0.657421875 0.3215277777777778 0.00859375 0.018055555555555554
7 0.695703125 0.25416666666666665 0.00390625 0.013888888888888888
7 0.414453125 0.39652777777777776 0.00859375 0.02638888888888889
7 0.44453125 0.31319444444444444 0.0078125 0.02638888888888889
7 0.42578125 0.3506944444444444 0.0078125 0.02638888888888889
7 0.43828125 0.28402777777777777 0.0078125 0.018055555555555554
7 0.466015625 0.19305555555555556 0.00703125 0.019444444444444445
7 0.444140625 0.16041666666666668 0.00703125 0.020833333333333332
7 0.44375 0.10833333333333334 0.0078125 0.019444444444444445
7 0.40390625 0.09375 0.0046875 0.015277777777777777
7 0.387109375 0.2152777777777778 0.00546875 0.022222222222222223
7 0.327734375 0.44513888888888886 0.00859375 0.02638888888888889
7 0.33046875 0.36319444444444443 0.0078125 0.02638888888888889
7 0.28359375 0.09027777777777778 0.0046875 0.013888888888888888
7 0.2796875 0.03611111111111111 0.0046875 0.013888888888888888
7 0.2859375 0.027083333333333334 0.0046875 0.015277777777777777
7 0.271484375 0.006944444444444444 0.00546875 0.013888888888888888
7 0.221484375 0.46597222222222223 0.00859375 0.02638888888888889
7 0.21171875 0.5173611111111112 0.0078125 0.02638888888888889
7 0.22109375 0.6090277777777777 0.0078125 0.02638888888888889
7 0.26953125 0.46458333333333335 0.0078125 0.02638888888888889
7 0.27578125 0.46319444444444446 0.0078125 0.02638888888888889
7 0.247265625 0.34930555555555554 0.00703125 0.015277777777777777
7 0.230859375 0.32708333333333334 0.00703125 0.015277777777777777
7 0.15 0.9159722222222222 0.0078125 0.02638888888888889
7 0.17578125 0.6861111111111111 0.009375 0.04722222222222222
7 0.753515625 0.7791666666666667 0.00859375 0.027777777777777776
7 0.367578125 0.6097222222222223 0.01015625 0.027777777777777776
7 0.14140625 0.8951388888888889 0.009375 0.043055555555555555
7 0.262890625 0.8861111111111111 0.01484375 0.041666666666666664
7 0.4375 0.011111111111111112 0.00625 0.013888888888888888
7 0.522265625 0.044444444444444446 0.00703125 0.025
7 0.635546875 0.19166666666666668 0.00703125 0.013888888888888888
7 0.6203125 0.15763888888888888 0.00625 0.015277777777777777
7 0.67265625 0.12291666666666666 0.0078125 0.015277777777777777
7 0.69375 0.08263888888888889 0.0078125 0.015277777777777777
7 0.7578125 0.8729166666666667 0.009375 0.02361111111111111
7 0.750390625 0.74375 0.00859375 0.03194444444444444
7 0.75625 0.7388888888888889 0.00625 0.019444444444444445
7 0.75625 0.7597222222222222 0.009375 0.030555555555555555
7 0.76328125 0.7548611111111111 0.0046875 0.02361111111111111
7 0.681640625 0.29097222222222224 0.00703125 0.015277777777777777
