7 0.65390625 0.8583333333333333 0.01875 0.03611111111111111
7 0.6671875 0.8215277777777777 0.0140625 0.03194444444444444
7 0.401171875 0.7118055555555556 0.01328125 0.034722222222222224
7 0.44140625 0.7236111111111111 0.0140625 0.03333333333333333
7 0.421484375 0.9715277777777778 0.01484375 0.029166666666666667
7 0.642578125 0.5381944444444444 0.00859375 0.02361111111111111
7 0.64921875 0.49027777777777776 0.009375 0.022222222222222223
7 0.63984375 0.5694444444444444 0.009375 0.027777777777777776
7 0.4078125 0.43472222222222223 0.0078125 0.025
7 0.38984375 0.4263888888888889 0.0109375 0.022222222222222223
7 0.454296875 0.14652777777777778 0.00546875 0.015277777777777777
7 0.456640625 0.13125 0.00546875 0.015277777777777777
7 0.338671875 0.10486111111111111 0.00546875 0.015277777777777777
7 0.347265625 0.08541666666666667 0.00546875 0.015277777777777777
7 0.352734375 0.07777777777777778 0.00546875 0.013888888888888888
7 0.346484375 0.16319444444444445 0.00546875 0.015277777777777777
7 0.434765625 0.07152777777777777 0.00546875 0.015277777777777777
7 0.359375 0.33819444444444446 0.0078125 0.020833333333333332
7 0.5515625 0.23541666666666666 0.0046875 0.015277777777777777
7 0.298046875 0.38958333333333334 0.00859375 0.034722222222222224
7 0.32890625 0.3701388888888889 0.00625 0.029166666666666667
7 0.24921875 0.04652777777777778 0.0078125 0.02361111111111111
7 0.49375 0.034027777777777775 0.0078125 0.02361111111111111
