7 0.79296875 0.8430555555555556 0.03125 0.07777777777777778
7 0.669140625 0.5152777777777777 0.02109375 0.04722222222222222
7 0.345703125 0.14166666666666666 0.01171875 0.022222222222222223
7 0.316015625 0.1486111111111111 0.01640625 0.019444444444444445
7 0.04609375 0.5569444444444445 0.015625 0.08611111111111111
7 0.032421875 0.5659722222222222 0.02109375 0.08194444444444444
7 0.078515625 0.5576388888888889 0.01640625 0.09027777777777778
7 0.47265625 0.06944444444444445 0.0078125 0.019444444444444445
7 0.47578125 0.02638888888888889 0.0078125 0.019444444444444445
7 0.4984375 0.022916666666666665 0.0078125 0.020833333333333332
7 0.065234375 0.5625 0.01484375 0.08055555555555556
