7 0.520703125 0.4513888888888889 0.02421875 0.06111111111111111
7 0.276953125 0.5618055555555556 0.01796875 0.07916666666666666
7 0.200390625 0.6555555555555556 0.02265625 0.06666666666666667
7 0.258984375 0.53125 0.01640625 0.0625
7 0.255078125 0.5604166666666667 0.01484375 0.07083333333333333
7 0.56484375 0.4875 0.0234375 0.06666666666666667
7 0.44765625 0.21944444444444444 0.0171875 0.04722222222222222
7 0.361328125 0.44722222222222224 0.01484375 0.04722222222222222
7 0.6109375 0.27152777777777776 0.021875 0.05138888888888889
7 0.49140625 0.04375 0.0203125 0.034722222222222224
7 0.112109375 0.8736111111111111 0.03046875 0.09166666666666666
