7 0.611328125 0.2791666666666667 0.01328125 0.016666666666666666
7 0.640234375 0.49375 0.01171875 0.020833333333333332
7 0.480078125 0.61875 0.01328125 0.034722222222222224
7 0.493359375 0.8340277777777778 0.01640625 0.04027777777777778
7 0.475390625 0.45208333333333334 0.01171875 0.02638888888888889
7 0.475 0.4111111111111111 0.0125 0.030555555555555555
7 0.608984375 0.3541666666666667 0.01328125 0.016666666666666666
7 0.66171875 0.6888888888888889 0.01875 0.03333333333333333
7 0.694140625 0.8506944444444444 0.01640625 0.03194444444444444
7 0.462890625 0.42777777777777776 0.01015625 0.022222222222222223
7 0.383984375 0.23819444444444443 0.01015625 0.029166666666666667
7 0.40625 0.20347222222222222 0.00625 0.02638888888888889
7 0.45859375 0.010416666666666666 0.0078125 0.015277777777777777
7 0.436328125 0.034722222222222224 0.00859375 0.019444444444444445
7 0.44765625 0.06597222222222222 0.0078125 0.018055555555555554
7 0.434375 0.07013888888888889 0.0078125 0.015277777777777777
7 0.436328125 0.09930555555555555 0.01015625 0.018055555555555554
7 0.454296875 0.1361111111111111 0.01015625 0.022222222222222223
7 0.445703125 0.1736111111111111 0.01015625 0.022222222222222223
7 0.44375 0.20833333333333334 0.0109375 0.022222222222222223
7 0.466796875 0.23541666666666666 0.01015625 0.02361111111111111
7 0.47578125 0.2111111111111111 0.009375 0.025
7 0.712890625 0.6 0.01171875 0.041666666666666664
7 0.5390625 0.11666666666666667 0.009375 0.019444444444444445
7 0.6046875 0.14722222222222223 0.009375 0.019444444444444445
7 0.66484375 0.23958333333333334 0.009375 0.015277777777777777
7 0.59609375 0.01875 0.00625 0.02361111111111111
