7 0.759375 0.2923611111111111 0.0234375 0.07916666666666666
7 0.42109375 0.3729166666666667 0.028125 0.08472222222222223
7 0.869921875 0.375 0.03203125 0.08888888888888889
7 0.398828125 0.6465277777777778 0.04765625 0.13194444444444445
7 0.415625 0.15416666666666667 0.01875 0.03888888888888889
7 0.91328125 0.8006944444444445 0.059375 0.1736111111111111
7 0.39765625 0.10416666666666667 0.015625 0.03611111111111111
7 0.662109375 0.1840277777777778 0.01640625 0.05694444444444444
7 0.397265625 0.24791666666666667 0.02578125 0.05416666666666667
7 0.674609375 0.22430555555555556 0.02421875 0.06805555555555555
7 0.41484375 0.06736111111111111 0.0125 0.0375
7 0.713671875 0.25277777777777777 0.02578125 0.07222222222222222
7 0.66953125 0.1875 0.0203125 0.06111111111111111
7 0.72265625 0.10625 0.021875 0.03194444444444444
7 0.392578125 0.23055555555555557 0.02421875 0.05
