7 0.415625 0.75 0.0234375 0.075
7 0.8109375 0.8666666666666667 0.021875 0.08055555555555556
7 0.3765625 0.2701388888888889 0.009375 0.04583333333333333
7 0.346875 0.7819444444444444 0.0296875 0.075
7 0.390234375 0.25416666666666665 0.00859375 0.03888888888888889
7 0.458984375 0.44166666666666665 0.01484375 0.05
7 0.45234375 0.10902777777777778 0.0078125 0.02361111111111111
7 0.4984375 0.12777777777777777 0.0078125 0.019444444444444445
7 0.540625 0.23958333333333334 0.009375 0.03194444444444444
7 0.51953125 0.07291666666666667 0.0078125 0.03194444444444444
7 0.34375 0.7902777777777777 0.028125 0.06666666666666667
7 0.48203125 0.10347222222222222 0.009375 0.0375
