7 0.387109375 0.8763888888888889 0.01015625 0.030555555555555555
7 0.40625 0.8881944444444444 0.0109375 0.020833333333333332
7 0.41796875 0.8743055555555556 0.015625 0.04583333333333333
7 0.444921875 0.8958333333333334 0.01015625 0.027777777777777776
7 0.443359375 0.8736111111111111 0.00703125 0.019444444444444445
7 0.4765625 0.8972222222222223 0.009375 0.041666666666666664
7 0.482421875 0.8666666666666667 0.01015625 0.03888888888888889
7 0.4984375 0.8708333333333333 0.009375 0.03333333333333333
7 0.493359375 0.8604166666666667 0.00703125 0.03194444444444444
7 0.490234375 0.8833333333333333 0.00859375 0.03888888888888889
7 0.503125 0.8965277777777778 0.009375 0.029166666666666667
7 0.505078125 0.8138888888888889 0.01171875 0.044444444444444446
7 0.120703125 0.5159722222222223 0.00859375 0.029166666666666667
7 0.140625 0.4951388888888889 0.009375 0.029166666666666667
7 0.101171875 0.4798611111111111 0.00859375 0.03194444444444444
7 0.090234375 0.4861111111111111 0.00859375 0.030555555555555555
7 0.698046875 0.8423611111111111 0.00703125 0.02638888888888889
7 0.70703125 0.8173611111111111 0.0125 0.020833333333333332
7 0.693359375 0.775 0.01171875 0.025
7 0.712109375 0.7361111111111112 0.01015625 0.030555555555555555
7 0.7328125 0.7305555555555555 0.0125 0.030555555555555555
7 0.660546875 0.6368055555555555 0.00859375 0.02361111111111111
7 0.638671875 0.7284722222222222 0.01171875 0.029166666666666667
7 0.630078125 0.6729166666666667 0.01015625 0.02638888888888889
7 0.630078125 0.6298611111111111 0.00859375 0.02361111111111111
7 0.61953125 0.61875 0.009375 0.020833333333333332
7 0.60390625 0.6055555555555555 0.009375 0.016666666666666666
7 0.57578125 0.6618055555555555 0.0078125 0.02638888888888889
7 0.59765625 0.5652777777777778 0.0078125 0.025
7 0.6421875 0.5194444444444445 0.0078125 0.019444444444444445
7 0.6015625 0.5354166666666667 0.009375 0.02638888888888889
7 0.587890625 0.5388888888888889 0.00859375 0.022222222222222223
7 0.583203125 0.5041666666666667 0.00859375 0.022222222222222223
7 0.570703125 0.5020833333333333 0.00703125 0.020833333333333332
7 0.553125 0.5291666666666667 0.009375 0.025
7 0.626171875 0.49027777777777776 0.00859375 0.027777777777777776
7 0.633984375 0.4618055555555556 0.00703125 0.02361111111111111
7 0.623046875 0.46041666666666664 0.00859375 0.018055555555555554
7 0.63046875 0.43333333333333335 0.0078125 0.025
7 0.614453125 0.4201388888888889 0.00859375 0.02361111111111111
7 0.606640625 0.43472222222222223 0.00859375 0.025
7 0.491796875 0.4354166666666667 0.00859375 0.029166666666666667
7 0.480859375 0.3625 0.00703125 0.019444444444444445
7 0.512109375 0.34375 0.00703125 0.018055555555555554
7 0.503125 0.30694444444444446 0.00625 0.019444444444444445
7 0.5140625 0.29930555555555555 0.0078125 0.020833333333333332
7 0.56171875 0.24861111111111112 0.0078125 0.019444444444444445
7 0.573046875 0.24513888888888888 0.00703125 0.018055555555555554
7 0.49921875 0.23819444444444443 0.0078125 0.0125
7 0.48984375 0.2263888888888889 0.00625 0.019444444444444445
7 0.498046875 0.18472222222222223 0.00703125 0.016666666666666666
7 0.477734375 0.10625 0.00390625 0.0125
7 0.483203125 0.09930555555555555 0.00546875 0.015277777777777777
7 0.48984375 0.10694444444444444 0.00625 0.013888888888888888
7 0.322265625 0.2263888888888889 0.00546875 0.016666666666666666
7 0.365625 0.16111111111111112 0.0046875 0.013888888888888888
7 0.07265625 0.8423611111111111 0.015625 0.029166666666666667
7 0.019921875 0.4527777777777778 0.01171875 0.030555555555555555
7 0.0625 0.40208333333333335 0.0125 0.029166666666666667
7 0.224609375 0.2791666666666667 0.00703125 0.025
7 0.348828125 0.019444444444444445 0.00546875 0.013888888888888888
7 0.362890625 0.02361111111111111 0.00546875 0.013888888888888888
7 0.3734375 0.00625 0.00625 0.0125
7 0.443359375 0.34791666666666665 0.00703125 0.02638888888888889
7 0.429296875 0.34097222222222223 0.00703125 0.029166666666666667
7 0.4359375 0.34791666666666665 0.00625 0.018055555555555554
7 0.501171875 0.9527777777777777 0.00859375 0.03888888888888889
7 0.50625 0.9361111111111111 0.0078125 0.027777777777777776
7 0.502734375 0.9173611111111111 0.00859375 0.034722222222222224
7 0.4359375 0.8972222222222223 0.0125 0.030555555555555555
7 0.019921875 0.7631944444444444 0.01171875 0.0375
7 0.058984375 0.7027777777777777 0.01171875 0.041666666666666664
7 0.058984375 0.6861111111111111 0.01171875 0.030555555555555555
7 0.603125 0.2361111111111111 0.009375 0.025
7 0.6546875 0.9743055555555555 0.015625 0.03194444444444444
