7 0.161328125 0.5923611111111111 0.01953125 0.07916666666666666
7 0.179296875 0.5826388888888889 0.01328125 0.08194444444444444
7 0.66171875 0.5708333333333333 0.0171875 0.05555555555555555
7 0.565234375 0.6458333333333334 0.01796875 0.058333333333333334
7 0.86015625 0.9326388888888889 0.03125 0.04861111111111111
7 0.17109375 0.5631944444444444 0.0140625 0.07916666666666666
7 0.18515625 0.5701388888888889 0.0140625 0.08194444444444444
7 0.165625 0.5729166666666666 0.0125 0.08194444444444444
7 0.481640625 0.10347222222222222 0.00546875 0.020833333333333332
7 0.450390625 0.15208333333333332 0.01015625 0.02361111111111111
7 0.565625 0.6513888888888889 0.0234375 0.05277777777777778
