7 0.739453125 0.6715277777777777 0.02109375 0.07361111111111111
7 0.098828125 0.5222222222222223 0.01328125 0.08333333333333333
7 0.079296875 0.5229166666666667 0.01484375 0.07916666666666666
7 0.45859375 0.15902777777777777 0.0109375 0.018055555555555554
7 0.08046875 0.5152777777777777 0.015625 0.08333333333333333
7 0.1046875 0.5097222222222222 0.0140625 0.08333333333333333
7 0.08046875 0.5354166666666667 0.0265625 0.0763888888888889
7 0.083984375 0.49722222222222223 0.01484375 0.075
7 0.355078125 0.058333333333333334 0.00703125 0.019444444444444445
7 0.383984375 0.05138888888888889 0.00703125 0.019444444444444445
7 0.396875 0.035416666666666666 0.0046875 0.015277777777777777
7 0.47109375 0.5694444444444444 0.0203125 0.05
7 0.40234375 0.009027777777777777 0.0078125 0.015277777777777777
