7 0.651171875 0.9520833333333333 0.01171875 0.029166666666666667
7 0.66640625 0.6659722222222222 0.0109375 0.018055555555555554
7 0.667578125 0.9194444444444444 0.01484375 0.025
7 0.630859375 0.9131944444444444 0.01015625 0.020833333333333332
7 0.250390625 0.6048611111111111 0.01171875 0.02361111111111111
7 0.226171875 0.6326388888888889 0.01171875 0.018055555555555554
7 0.641015625 0.8784722222222222 0.01015625 0.020833333333333332
7 0.61171875 0.9055555555555556 0.009375 0.022222222222222223
7 0.59609375 0.8826388888888889 0.0109375 0.02638888888888889
7 0.556640625 0.825 0.01015625 0.025
7 0.617578125 0.725 0.01015625 0.025
7 0.54609375 0.5173611111111112 0.0109375 0.02638888888888889
7 0.596875 0.48333333333333334 0.0109375 0.025
7 0.49453125 0.5819444444444445 0.0109375 0.016666666666666666
7 0.7046875 0.8583333333333333 0.0140625 0.027777777777777776
7 0.1078125 0.5291666666666667 0.009375 0.030555555555555555
7 0.1203125 0.5236111111111111 0.009375 0.030555555555555555
7 0.323828125 0.018055555555555554 0.00546875 0.011111111111111112
7 0.38515625 0.008333333333333333 0.0046875 0.011111111111111112
7 0.2640625 0.30625 0.0078125 0.03194444444444444
7 0.2453125 0.3284722222222222 0.00625 0.02638888888888889
7 0.0625 0.48194444444444445 0.0078125 0.016666666666666666
7 0.50390625 0.9819444444444444 0.0125 0.022222222222222223
7 0.686328125 0.925 0.00859375 0.03888888888888889
7 0.59765625 0.8881944444444444 0.0125 0.020833333333333332
7 0.50546875 0.5333333333333333 0.009375 0.03611111111111111
7 0.508203125 0.29444444444444445 0.00703125 0.019444444444444445
7 0.517578125 0.2798611111111111 0.00859375 0.015277777777777777
7 0.51640625 0.2708333333333333 0.0078125 0.022222222222222223
7 0.507421875 0.25 0.00546875 0.013888888888888888
7 0.5078125 0.23402777777777778 0.0078125 0.020833333333333332
7 0.5 0.20972222222222223 0.0078125 0.013888888888888888
7 0.49453125 0.1909722222222222 0.00625 0.015277777777777777
7 0.484375 0.15208333333333332 0.0078125 0.015277777777777777
7 0.46796875 0.004861111111111111 0.00625 0.009722222222222222
7 0.55703125 0.1423611111111111 0.0078125 0.015277777777777777
7 0.587109375 0.3236111111111111 0.00859375 0.022222222222222223
7 0.762890625 0.8868055555555555 0.01015625 0.02638888888888889
7 0.7671875 0.8930555555555556 0.0125 0.025
7 0.461328125 0.4097222222222222 0.00703125 0.022222222222222223
