7 0.502734375 0.3236111111111111 0.01171875 0.058333333333333334
7 0.571484375 0.8375 0.04296875 0.06944444444444445
7 0.494921875 0.3090277777777778 0.01171875 0.05694444444444444
7 0.51640625 0.32430555555555557 0.0109375 0.05694444444444444
7 0.614453125 0.19722222222222222 0.01796875 0.030555555555555555
7 0.64765625 0.19444444444444445 0.01875 0.030555555555555555
7 0.7609375 0.13333333333333333 0.01875 0.030555555555555555
7 0.98203125 0.4215277777777778 0.0171875 0.04027777777777778
7 0.922265625 0.42430555555555555 0.01640625 0.04027777777777778
7 0.70390625 0.5111111111111111 0.0203125 0.05555555555555555
