7 0.219921875 0.49930555555555556 0.01484375 0.07916666666666666
7 0.39375 0.6326388888888889 0.0234375 0.06805555555555555
7 0.4171875 0.5180555555555556 0.0203125 0.06944444444444445
7 0.24375 0.49027777777777776 0.0171875 0.08055555555555556
7 0.646875 0.30069444444444443 0.015625 0.043055555555555555
7 0.23359375 0.49930555555555556 0.0140625 0.08472222222222223
7 0.23125 0.4548611111111111 0.0125 0.029166666666666667
7 0.226171875 0.49027777777777776 0.01328125 0.08055555555555556
7 0.441015625 0.09444444444444444 0.01015625 0.03611111111111111
7 0.551953125 0.05625 0.00703125 0.020833333333333332
7 0.581640625 0.09444444444444444 0.00859375 0.03611111111111111
7 0.59375 0.1 0.0078125 0.03611111111111111
7 0.6015625 0.11944444444444445 0.009375 0.03333333333333333
7 0.713671875 0.28958333333333336 0.01015625 0.05694444444444444
7 0.6953125 0.26458333333333334 0.0109375 0.0125
7 0.6875 0.34375 0.015625 0.04861111111111111
