7 0.287109375 0.5395833333333333 0.02109375 0.04861111111111111
7 0.24921875 0.33541666666666664 0.0234375 0.059722222222222225
7 0.380859375 0.6618055555555555 0.02265625 0.05138888888888889
7 0.28671875 0.48055555555555557 0.0109375 0.05
7 0.414453125 0.6131944444444445 0.02265625 0.05694444444444444
7 0.56875 0.46597222222222223 0.0109375 0.029166666666666667
7 0.58046875 0.49930555555555556 0.0109375 0.02638888888888889
7 0.599609375 0.42569444444444443 0.00859375 0.029166666666666667
7 0.62109375 0.3798611111111111 0.0109375 0.034722222222222224
7 0.6375 0.29583333333333334 0.0125 0.03333333333333333
7 0.900390625 0.15486111111111112 0.00546875 0.018055555555555554
7 0.91015625 0.1125 0.009375 0.027777777777777776
7 0.27109375 0.4479166666666667 0.0078125 0.029166666666666667
7 0.769140625 0.6916666666666667 0.01328125 0.030555555555555555
7 0.78984375 0.7048611111111112 0.01875 0.02638888888888889
7 0.7578125 0.7243055555555555 0.0171875 0.029166666666666667
7 0.875390625 0.49375 0.01328125 0.02638888888888889
7 0.7453125 0.4479166666666667 0.0203125 0.029166666666666667
7 0.75703125 0.4847222222222222 0.015625 0.027777777777777776
7 0.84765625 0.175 0.0125 0.019444444444444445
7 0.335546875 0.05694444444444444 0.01171875 0.030555555555555555
7 0.587890625 0.23125 0.01640625 0.04027777777777778
7 0.548828125 0.8006944444444445 0.02734375 0.04027777777777778
7 0.871875 0.6840277777777778 0.01875 0.02638888888888889
7 0.1578125 0.17847222222222223 0.0171875 0.034722222222222224
