7 0.361328125 0.28541666666666665 0.00859375 0.0125
7 0.369140625 0.2881944444444444 0.00859375 0.0125
7 0.667578125 0.9194444444444444 0.01484375 0.025
7 0.641015625 0.8784722222222222 0.01015625 0.020833333333333332
7 0.630859375 0.9131944444444444 0.01015625 0.020833333333333332
7 0.61171875 0.9055555555555556 0.009375 0.022222222222222223
7 0.598046875 0.9090277777777778 0.01015625 0.02638888888888889
7 0.7046875 0.8583333333333333 0.0140625 0.027777777777777776
7 0.679296875 0.7298611111111111 0.01015625 0.018055555555555554
7 0.646484375 0.7458333333333333 0.01015625 0.019444444444444445
7 0.663671875 0.6069444444444444 0.01015625 0.019444444444444445
7 0.602734375 0.34305555555555556 0.01015625 0.013888888888888888
7 0.597265625 0.8201388888888889 0.01015625 0.02361111111111111
7 0.55859375 0.8201388888888889 0.0109375 0.02638888888888889
7 0.520703125 0.5680555555555555 0.00859375 0.022222222222222223
7 0.49921875 0.20833333333333334 0.0046875 0.011111111111111112
7 0.513671875 0.2534722222222222 0.00546875 0.0125
7 0.51015625 0.23819444444444443 0.0046875 0.0125
7 0.50859375 0.2673611111111111 0.0046875 0.0125
7 0.515234375 0.27708333333333335 0.00390625 0.0125
7 0.5203125 0.2826388888888889 0.0046875 0.0125
7 0.51015625 0.29444444444444445 0.0046875 0.011111111111111112
7 0.48125 0.08263888888888889 0.0046875 0.0125
7 0.4984375 0.5770833333333333 0.0078125 0.015277777777777777
7 0.552734375 0.5555555555555556 0.00859375 0.019444444444444445
7 0.1109375 0.5270833333333333 0.009375 0.03194444444444444
7 0.1109375 0.5270833333333333 0.009375 0.03194444444444444
7 0.12421875 0.5222222222222223 0.009375 0.030555555555555555
7 0.1921875 0.5618055555555556 0.009375 0.03194444444444444
7 0.658203125 0.9444444444444444 0.01484375 0.04722222222222222
7 0.6140625 0.8930555555555556 0.0125 0.027777777777777776
7 0.598046875 0.9180555555555555 0.01640625 0.025
7 0.599609375 0.91875 0.01015625 0.02361111111111111
7 0.466015625 0.35 0.00859375 0.025
7 0.47578125 0.011111111111111112 0.00625 0.011111111111111112
7 0.5359375 0.02361111111111111 0.0078125 0.019444444444444445
7 0.248828125 0.3298611111111111 0.00859375 0.029166666666666667
7 0.26484375 0.30277777777777776 0.009375 0.030555555555555555
7 0.076171875 0.4534722222222222 0.01015625 0.02638888888888889
7 0.46328125 0.40625 0.0078125 0.020833333333333332
7 0.44453125 0.3902777777777778 0.00625 0.025
7 0.450390625 0.3923611111111111 0.00546875 0.02361111111111111
