7 0.49453125 0.3680555555555556 0.015625 0.05
7 0.264453125 0.7833333333333333 0.02109375 0.058333333333333334
7 0.37109375 0.2916666666666667 0.0109375 0.04722222222222222
7 0.476953125 0.27361111111111114 0.01171875 0.030555555555555555
7 0.202734375 0.8541666666666666 0.02578125 0.08055555555555556
7 0.387890625 0.2722222222222222 0.00703125 0.04722222222222222
7 0.51875 0.5680555555555555 0.009375 0.075
7 0.503515625 0.49375 0.01484375 0.0375
7 0.469921875 0.3277777777777778 0.01328125 0.03888888888888889
7 0.416015625 0.1840277777777778 0.00703125 0.03194444444444444
7 0.5140625 0.06458333333333334 0.0046875 0.02361111111111111
7 0.501953125 0.058333333333333334 0.00546875 0.013888888888888888
7 0.451953125 0.09166666666666666 0.00390625 0.027777777777777776
7 0.44765625 0.09166666666666666 0.0046875 0.030555555555555555
7 0.519921875 0.05694444444444444 0.00546875 0.030555555555555555
