7 0.4453125 0.6319444444444444 0.0125 0.019444444444444445
7 0.10625 0.4465277777777778 0.015625 0.03194444444444444
7 0.50625 0.41388888888888886 0.0125 0.016666666666666666
7 0.494921875 0.6472222222222223 0.01640625 0.030555555555555555
7 0.433203125 0.5715277777777777 0.01328125 0.034722222222222224
7 0.41640625 0.6409722222222223 0.0109375 0.02361111111111111
7 0.47265625 0.54375 0.0109375 0.05416666666666667
7 0.48671875 0.39305555555555555 0.0109375 0.05277777777777778
7 0.48671875 0.36319444444444443 0.0109375 0.02361111111111111
7 0.565625 0.4666666666666667 0.0125 0.030555555555555555
7 0.754296875 0.027083333333333334 0.01015625 0.02361111111111111
7 0.840625 0.35208333333333336 0.0109375 0.02638888888888889
7 0.891796875 0.4534722222222222 0.01171875 0.05138888888888889
7 0.893359375 0.43125 0.01171875 0.029166666666666667
7 0.357421875 0.5395833333333333 0.01484375 0.029166666666666667
7 0.388671875 0.45069444444444445 0.01640625 0.029166666666666667
7 0.405859375 0.90625 0.03046875 0.059722222222222225
7 0.216015625 0.96875 0.01796875 0.043055555555555555
7 0.193359375 0.38263888888888886 0.01484375 0.029166666666666667
7 0.255859375 0.38263888888888886 0.01328125 0.02638888888888889
7 0.4796875 0.27569444444444446 0.0109375 0.02361111111111111
7 0.43828125 0.2298611111111111 0.0078125 0.020833333333333332
7 0.46796875 0.15902777777777777 0.0078125 0.02361111111111111
7 0.505078125 0.16875 0.00703125 0.015277777777777777
7 0.46484375 0.10972222222222222 0.009375 0.022222222222222223
7 0.508203125 0.14444444444444443 0.00859375 0.027777777777777776
7 0.5375 0.011805555555555555 0.0078125 0.020833333333333332
7 0.172265625 0.3 0.01171875 0.030555555555555555
7 0.231640625 0.21319444444444444 0.01328125 0.034722222222222224
7 0.274609375 0.19305555555555556 0.01171875 0.030555555555555555
7 0.184765625 0.16180555555555556 0.00859375 0.020833333333333332
7 0.174609375 0.14305555555555555 0.01171875 0.025
7 0.296875 0.12083333333333333 0.0109375 0.025
7 0.087890625 0.5013888888888889 0.00859375 0.030555555555555555
7 0.0671875 0.26458333333333334 0.009375 0.029166666666666667
7 0.060546875 0.27291666666666664 0.01171875 0.03194444444444444
7 0.0859375 0.16597222222222222 0.0140625 0.03194444444444444
7 0.478125 0.019444444444444445 0.0109375 0.016666666666666666
7 0.358203125 0.24097222222222223 0.01171875 0.02361111111111111
7 0.565625 0.6208333333333333 0.015625 0.030555555555555555
7 0.64453125 0.23541666666666666 0.0125 0.02638888888888889
7 0.70234375 0.11458333333333333 0.0109375 0.020833333333333332
7 0.763671875 0.4875 0.01171875 0.019444444444444445
7 0.814453125 0.016666666666666666 0.00859375 0.027777777777777776
