7 0.152734375 0.49583333333333335 0.01640625 0.07777777777777778
7 0.17109375 0.4979166666666667 0.0140625 0.08472222222222223
7 0.133984375 0.49930555555555556 0.01328125 0.08194444444444444
7 0.60078125 0.7243055555555555 0.0234375 0.059722222222222225
7 0.152734375 0.45694444444444443 0.01640625 0.03888888888888889
7 0.155859375 0.48819444444444443 0.01640625 0.07361111111111111
7 0.166015625 0.4861111111111111 0.01171875 0.08055555555555556
7 0.443359375 0.024305555555555556 0.00859375 0.02361111111111111
7 0.43984375 0.04375 0.0078125 0.018055555555555554
7 0.532421875 0.11319444444444444 0.00546875 0.0375
7 0.52578125 0.0875 0.00625 0.03888888888888889
7 0.488671875 0.04652777777777778 0.00703125 0.029166666666666667
