7 0.722265625 0.37777777777777777 0.03515625 0.10277777777777777
7 0.662890625 0.26944444444444443 0.01796875 0.06111111111111111
7 0.317578125 0.19305555555555556 0.01796875 0.04722222222222222
7 0.505859375 0.10416666666666667 0.01171875 0.019444444444444445
7 0.31484375 0.11875 0.0140625 0.04027777777777778
7 0.515234375 0.14375 0.01640625 0.034722222222222224
7 0.55 0.18680555555555556 0.0140625 0.0375
7 0.3796875 0.08472222222222223 0.0109375 0.03333333333333333
7 0.35546875 0.09027777777777778 0.0125 0.03333333333333333
7 0.312890625 0.08611111111111111 0.01328125 0.03333333333333333
