7 0.341796875 0.7520833333333333 0.02265625 0.06805555555555555
7 0.423828125 0.76875 0.02109375 0.05694444444444444
7 0.74609375 0.37083333333333335 0.0140625 0.044444444444444446
7 0.176171875 0.9 0.01796875 0.09166666666666666
7 0.753125 0.46875 0.0171875 0.05416666666666667
7 0.58125 0.6784722222222223 0.0171875 0.05138888888888889
7 0.746875 0.4125 0.0140625 0.03611111111111111
7 0.60546875 0.15486111111111112 0.0109375 0.029166666666666667
7 0.4234375 0.7763888888888889 0.0203125 0.05277777777777778
7 0.663671875 0.11944444444444445 0.00703125 0.03333333333333333
7 0.56171875 0.05486111111111111 0.0078125 0.02638888888888889
7 0.5484375 0.07708333333333334 0.00625 0.034722222222222224
