7 0.9234375 0.73125 0.021875 0.034722222222222224
7 0.88046875 0.68125 0.021875 0.04583333333333333
7 0.76015625 0.6277777777777778 0.0171875 0.041666666666666664
7 0.917578125 0.5326388888888889 0.02109375 0.03194444444444444
7 0.09765625 0.5416666666666666 0.0171875 0.041666666666666664
7 0.032421875 0.7798611111111111 0.01328125 0.059722222222222225
7 0.014453125 0.8125 0.01328125 0.044444444444444446
7 0.568359375 0.3590277777777778 0.01015625 0.020833333333333332
7 0.608203125 0.36944444444444446 0.01171875 0.025
7 0.618359375 0.4409722222222222 0.01015625 0.02361111111111111
7 0.553125 0.13055555555555556 0.009375 0.019444444444444445
7 0.564453125 0.03194444444444444 0.01328125 0.016666666666666666
7 0.90546875 0.4701388888888889 0.0109375 0.02638888888888889
7 0.834375 0.18263888888888888 0.009375 0.0375
7 0.8265625 0.14652777777777778 0.0109375 0.03194444444444444
7 0.194140625 0.3548611111111111 0.02265625 0.05416666666666667
7 0.20859375 0.28194444444444444 0.0140625 0.041666666666666664
7 0.574609375 0.21666666666666667 0.01796875 0.03888888888888889
7 0.817578125 0.21041666666666667 0.01640625 0.034722222222222224
