7 0.14765625 0.6243055555555556 0.021875 0.08472222222222223
7 0.2171875 0.39652777777777776 0.0140625 0.05416666666666667
7 0.208984375 0.39444444444444443 0.01171875 0.041666666666666664
7 0.221484375 0.4375 0.01796875 0.05555555555555555
7 0.283984375 0.3159722222222222 0.01796875 0.05138888888888889
7 0.42578125 0.19930555555555557 0.0140625 0.04027777777777778
7 0.49375 0.2833333333333333 0.0171875 0.04722222222222222
7 0.389453125 0.18680555555555556 0.01640625 0.03194444444444444
7 0.5515625 0.1673611111111111 0.0140625 0.029166666666666667
7 0.53359375 0.12569444444444444 0.0109375 0.029166666666666667
7 0.40625 0.06736111111111111 0.009375 0.020833333333333332
