7 0.549 0.24433962264150944 0.038 0.1
7 0.94 0.3018867924528302 0.046 0.11320754716981132
7 0.18 0.49339622641509434 0.058 0.09245283018867924
7 0.3485 0.3283018867924528 0.055 0.11320754716981132
7 0.246 0.629245283018868 0.072 0.1641509433962264
7 0.1615 0.9386792452830188 0.085 0.11132075471698114
7 0.332 0.3292452830188679 0.042 0.11132075471698114
7 0.554 0.026415094339622643 0.026 0.045283018867924525
7 0.9285 0.09433962264150944 0.025 0.03773584905660377
7 0.878 0.018867924528301886 0.022 0.03018867924528302
7 0.972 0.17358490566037735 0.036 0.06037735849056604
