7 0.8015625 0.6409722222222223 0.025 0.03194444444444444
7 0.4765625 0.17152777777777778 0.0109375 0.02638888888888889
7 0.503515625 0.15208333333333332 0.00859375 0.020833333333333332
7 0.75234375 0.9604166666666667 0.0265625 0.043055555555555555
7 0.76953125 0.9 0.0203125 0.03611111111111111
7 0.49296875 0.9305555555555556 0.0171875 0.041666666666666664
7 0.393359375 0.9798611111111111 0.02109375 0.029166666666666667
7 0.48046875 0.7909722222222222 0.01875 0.029166666666666667
7 0.7359375 0.56875 0.0109375 0.02361111111111111
7 0.721484375 0.5111111111111111 0.01171875 0.022222222222222223
7 0.687109375 0.38958333333333334 0.01328125 0.02638888888888889
7 0.57578125 0.3770833333333333 0.0140625 0.029166666666666667
7 0.53125 0.2638888888888889 0.0140625 0.022222222222222223
7 0.568359375 0.21875 0.01640625 0.02638888888888889
7 0.334765625 0.4201388888888889 0.01015625 0.02361111111111111
7 0.325 0.36666666666666664 0.0125 0.019444444444444445
7 0.351171875 0.3506944444444444 0.01171875 0.020833333333333332
7 0.3671875 0.33541666666666664 0.0109375 0.02361111111111111
7 0.382421875 0.30833333333333335 0.01015625 0.019444444444444445
7 0.373046875 0.2743055555555556 0.01171875 0.02638888888888889
7 0.2984375 0.12291666666666666 0.0078125 0.018055555555555554
7 0.296875 0.1597222222222222 0.009375 0.016666666666666666
7 0.312109375 0.1875 0.00859375 0.016666666666666666
7 0.47890625 0.13194444444444445 0.0125 0.025
7 0.565625 0.08125 0.009375 0.02361111111111111
7 0.378125 0.01875 0.009375 0.015277777777777777
7 0.83203125 0.6590277777777778 0.015625 0.020833333333333332
7 0.459375 0.10138888888888889 0.009375 0.019444444444444445
7 0.7390625 0.43680555555555556 0.0140625 0.03194444444444444
7 0.434765625 0.08333333333333333 0.00859375 0.016666666666666666
7 0.524609375 0.9895833333333334 0.02578125 0.015277777777777777
7 0.20390625 0.29375 0.0078125 0.03194444444444444
7 0.198046875 0.29583333333333334 0.00859375 0.030555555555555555
7 0.930859375 0.38333333333333336 0.01171875 0.03333333333333333
7 0.246484375 0.23055555555555557 0.00703125 0.030555555555555555
7 0.253125 0.23333333333333334 0.0078125 0.030555555555555555
7 0.25078125 0.19722222222222222 0.0171875 0.027777777777777776
7 0.222265625 0.275 0.01015625 0.030555555555555555
