7 0.217578125 0.5555555555555556 0.01328125 0.08333333333333333
7 0.63828125 0.7416666666666667 0.021875 0.06666666666666667
7 0.672265625 0.6944444444444444 0.02421875 0.06111111111111111
7 0.190234375 0.5743055555555555 0.01484375 0.07083333333333333
7 0.368359375 0.26319444444444445 0.01171875 0.029166666666666667
7 0.21328125 0.5666666666666667 0.015625 0.08333333333333333
7 0.193359375 0.5666666666666667 0.01328125 0.08055555555555556
7 0.198828125 0.5576388888888889 0.01015625 0.08472222222222223
7 0.20703125 0.55 0.0140625 0.08333333333333333
7 0.409765625 0.14722222222222223 0.00859375 0.030555555555555555
7 0.491796875 0.09791666666666667 0.00859375 0.020833333333333332
7 0.478515625 0.09444444444444444 0.00703125 0.019444444444444445
7 0.5265625 0.14583333333333334 0.009375 0.025
7 0.557421875 0.1638888888888889 0.00703125 0.027777777777777776
7 0.5546875 0.16041666666666668 0.0046875 0.029166666666666667
7 0.587109375 0.4722222222222222 0.01484375 0.044444444444444446
