7 0.434375 0.3388888888888889 0.0296875 0.08055555555555556
7 0.979296875 0.2659722222222222 0.02265625 0.07916666666666666
7 0.503515625 0.35625 0.02890625 0.08472222222222223
7 0.545703125 0.9270833333333334 0.07265625 0.13472222222222222
7 0.63515625 0.2423611111111111 0.021875 0.05694444444444444
7 0.544140625 0.24722222222222223 0.01953125 0.06111111111111111
7 0.9 0.10972222222222222 0.01875 0.03611111111111111
7 0.516796875 0.28958333333333336 0.03046875 0.059722222222222225
7 0.853515625 0.0625 0.01484375 0.025
7 0.85 0.0375 0.0125 0.030555555555555555
7 0.843359375 0.011111111111111112 0.01015625 0.022222222222222223
7 0.6984375 0.16041666666666668 0.0203125 0.04861111111111111
