7 0.590234375 0.6569444444444444 0.01796875 0.058333333333333334
7 0.63671875 0.8388888888888889 0.025 0.07777777777777778
7 0.159765625 0.5729166666666666 0.01484375 0.0763888888888889
7 0.186328125 0.5506944444444445 0.01171875 0.07916666666666666
7 0.171484375 0.5444444444444444 0.01328125 0.08055555555555556
7 0.58046875 0.35208333333333336 0.0140625 0.0375
7 0.180859375 0.5638888888888889 0.01328125 0.08055555555555556
7 0.165625 0.5555555555555556 0.0140625 0.08611111111111111
7 0.160546875 0.5631944444444444 0.01484375 0.08194444444444444
7 0.3703125 0.20555555555555555 0.0125 0.030555555555555555
7 0.4828125 0.050694444444444445 0.00625 0.015277777777777777
7 0.453515625 0.12916666666666668 0.00859375 0.022222222222222223
7 0.475 0.11527777777777778 0.009375 0.019444444444444445
7 0.519140625 0.1597222222222222 0.00703125 0.027777777777777776
7 0.381640625 0.08055555555555556 0.00703125 0.016666666666666666
7 0.386328125 0.06944444444444445 0.00703125 0.016666666666666666
