7 0.84453125 0.4736111111111111 0.034375 0.11388888888888889
7 0.762109375 0.5013888888888889 0.04453125 0.13055555555555556
7 0.60390625 0.1840277777777778 0.0234375 0.07083333333333333
7 0.61875 0.29444444444444445 0.0265625 0.075
7 0.33984375 0.2659722222222222 0.025 0.06527777777777778
7 0.483203125 0.12361111111111112 0.01796875 0.058333333333333334
7 0.341015625 0.3423611111111111 0.03359375 0.09861111111111111
7 0.3046875 0.5069444444444444 0.0375 0.11944444444444445
7 0.655078125 0.2763888888888889 0.02734375 0.08055555555555556
7 0.2953125 0.04861111111111111 0.015625 0.04722222222222222
7 0.448046875 0.030555555555555555 0.01484375 0.041666666666666664
7 0.341015625 0.3506944444444444 0.03203125 0.09861111111111111
7 0.4109375 0.9451388888888889 0.0671875 0.10694444444444444
7 0.65625 0.28680555555555554 0.0265625 0.08194444444444444
7 0.30703125 0.5152777777777777 0.0375 0.11944444444444445
