7 0.6921875 0.5118055555555555 0.0125 0.029166666666666667
7 0.456640625 0.8826388888888889 0.01484375 0.029166666666666667
7 0.13828125 0.8694444444444445 0.015625 0.027777777777777776
7 0.530859375 0.23819444444444443 0.00546875 0.03194444444444444
7 0.75234375 0.19166666666666668 0.0078125 0.011111111111111112
7 0.18984375 0.7395833333333334 0.0140625 0.029166666666666667
7 0.196484375 0.5472222222222223 0.01015625 0.022222222222222223
7 0.230859375 0.4722222222222222 0.01484375 0.027777777777777776
7 0.206640625 0.4625 0.01328125 0.022222222222222223
7 0.2171875 0.4270833333333333 0.0109375 0.02361111111111111
7 0.22734375 0.4388888888888889 0.009375 0.022222222222222223
7 0.240234375 0.3784722222222222 0.01015625 0.02361111111111111
7 0.2140625 0.27569444444444446 0.0109375 0.02361111111111111
7 0.23984375 0.24166666666666667 0.0109375 0.022222222222222223
7 0.293359375 0.34444444444444444 0.01015625 0.025
7 0.27109375 0.29791666666666666 0.0078125 0.020833333333333332
7 0.31015625 0.29097222222222224 0.0109375 0.02638888888888889
7 0.299609375 0.31875 0.01015625 0.02361111111111111
7 0.29765625 0.23958333333333334 0.0109375 0.018055555555555554
7 0.290625 0.21458333333333332 0.0078125 0.020833333333333332
7 0.40859375 0.03611111111111111 0.0078125 0.019444444444444445
7 0.417578125 0.020833333333333332 0.00859375 0.016666666666666666
7 0.3578125 0.7736111111111111 0.015625 0.03333333333333333
7 0.33359375 0.5604166666666667 0.0125 0.02361111111111111
7 0.448828125 0.5881944444444445 0.01328125 0.04583333333333333
7 0.45625 0.5381944444444444 0.0125 0.02361111111111111
7 0.46328125 0.4909722222222222 0.0109375 0.02638888888888889
7 0.484375 0.37777777777777777 0.009375 0.016666666666666666
7 0.4765625 0.4131944444444444 0.0109375 0.02361111111111111
7 0.525 0.15763888888888888 0.009375 0.02361111111111111
7 0.474609375 0.8958333333333334 0.01640625 0.030555555555555555
7 0.5203125 0.9263888888888889 0.0171875 0.025
7 0.576953125 0.8527777777777777 0.02109375 0.025
7 0.580078125 0.8083333333333333 0.01796875 0.03611111111111111
7 0.58984375 0.5256944444444445 0.0171875 0.029166666666666667
7 0.59921875 0.5520833333333334 0.0140625 0.020833333333333332
7 0.544140625 0.5840277777777778 0.01328125 0.0375
7 0.510546875 0.24166666666666667 0.00859375 0.025
7 0.632421875 0.3402777777777778 0.01171875 0.027777777777777776
7 0.667578125 0.3347222222222222 0.01328125 0.019444444444444445
7 0.751171875 0.3888888888888889 0.01171875 0.022222222222222223
7 0.749609375 0.30277777777777776 0.01015625 0.025
7 0.762890625 0.3333333333333333 0.01171875 0.019444444444444445
7 0.707421875 0.24375 0.01171875 0.018055555555555554
7 0.73671875 0.22361111111111112 0.00625 0.016666666666666666
7 0.723046875 0.20416666666666666 0.00859375 0.013888888888888888
7 0.74375 0.2361111111111111 0.0078125 0.019444444444444445
7 0.727734375 0.16527777777777777 0.01015625 0.022222222222222223
7 0.75390625 0.1701388888888889 0.009375 0.018055555555555554
7 0.734765625 0.1951388888888889 0.00703125 0.018055555555555554
7 0.751953125 0.21666666666666667 0.01015625 0.016666666666666666
7 0.7125 0.0875 0.0078125 0.016666666666666666
7 0.69453125 0.07430555555555556 0.009375 0.0125
7 0.185546875 0.7402777777777778 0.01015625 0.030555555555555555
7 0.03125 0.4840277777777778 0.009375 0.04583333333333333
7 0.053125 0.46597222222222223 0.0140625 0.043055555555555555
7 0.150390625 0.38055555555555554 0.01171875 0.016666666666666666
7 0.1546875 0.36180555555555555 0.0109375 0.02638888888888889
7 0.16328125 0.3819444444444444 0.00625 0.016666666666666666
7 0.2859375 0.23333333333333334 0.009375 0.025
7 0.234765625 0.40625 0.01171875 0.02638888888888889
7 0.4046875 0.06041666666666667 0.009375 0.020833333333333332
7 0.4578125 0.5201388888888889 0.0109375 0.020833333333333332
7 0.46171875 0.5194444444444445 0.0078125 0.022222222222222223
7 0.371484375 0.6347222222222222 0.01171875 0.03888888888888889
7 0.383984375 0.6180555555555556 0.00859375 0.027777777777777776
7 0.701953125 0.02638888888888889 0.00859375 0.016666666666666666
7 0.694921875 0.035416666666666666 0.00703125 0.020833333333333332
7 0.69375 0.05625 0.0078125 0.015277777777777777
7 0.7046875 0.12638888888888888 0.0078125 0.016666666666666666
7 0.7078125 0.10694444444444444 0.0078125 0.016666666666666666
7 0.775 0.18125 0.0078125 0.018055555555555554
7 0.68984375 0.3347222222222222 0.009375 0.019444444444444445
7 0.795703125 0.39305555555555555 0.00703125 0.04722222222222222
7 0.711328125 0.20416666666666666 0.00859375 0.016666666666666666
7 0.7078125 0.22708333333333333 0.009375 0.018055555555555554
7 0.742578125 0.17708333333333334 0.00859375 0.018055555555555554
7 0.78359375 0.017361111111111112 0.00625 0.03194444444444444
7 0.79140625 0.022222222222222223 0.00625 0.027777777777777776
7 0.788671875 0.26875 0.00859375 0.04027777777777778
7 0.81484375 0.46875 0.0109375 0.04861111111111111
7 0.826171875 0.5208333333333334 0.01015625 0.041666666666666664
