7 0.056640625 0.8180555555555555 0.01171875 0.058333333333333334
7 0.159765625 0.6756944444444445 0.01171875 0.04861111111111111
7 0.728125 0.9506944444444444 0.0140625 0.02638888888888889
7 0.14296875 0.8597222222222223 0.0140625 0.058333333333333334
7 0.203125 0.42430555555555555 0.0109375 0.04027777777777778
7 0.1390625 0.6791666666666667 0.009375 0.044444444444444446
7 0.565625 0.1486111111111111 0.00625 0.013888888888888888
7 0.687109375 0.7527777777777778 0.01328125 0.03333333333333333
7 0.555078125 0.18680555555555556 0.00859375 0.015277777777777777
7 0.27421875 0.31875 0.0078125 0.029166666666666667
7 0.279296875 0.3215277777777778 0.00859375 0.02638888888888889
7 0.52109375 0.07847222222222222 0.003125 0.009722222222222222
7 0.412890625 0.4625 0.01171875 0.027777777777777776
7 0.393359375 0.4222222222222222 0.01015625 0.041666666666666664
7 0.3828125 0.425 0.009375 0.03333333333333333
7 0.729296875 0.1840277777777778 0.00546875 0.029166666666666667
7 0.212109375 0.5284722222222222 0.01171875 0.04583333333333333
7 0.123828125 0.6638888888888889 0.01015625 0.05
7 0.131640625 0.68125 0.00703125 0.04583333333333333
7 0.442578125 0.13819444444444445 0.00703125 0.018055555555555554
7 0.6921875 0.15694444444444444 0.0078125 0.013888888888888888
7 0.6875 0.75625 0.0125 0.02638888888888889
7 0.73046875 0.2916666666666667 0.0078125 0.016666666666666666
7 0.74765625 0.3 0.00625 0.027777777777777776
