7 0.288671875 0.20277777777777778 0.01796875 0.06944444444444445
7 0.55703125 0.13958333333333334 0.0171875 0.059722222222222225
7 0.30078125 0.10486111111111111 0.015625 0.04861111111111111
7 0.521875 0.07222222222222222 0.0125 0.03888888888888889
7 0.366015625 0.7791666666666667 0.06484375 0.16944444444444445
7 0.755859375 0.43194444444444446 0.04296875 0.10833333333333334
7 0.484765625 0.059027777777777776 0.01328125 0.0375
7 0.3140625 0.02013888888888889 0.0109375 0.034722222222222224
7 0.3328125 0.05625 0.0140625 0.04027777777777778
7 0.70859375 0.15625 0.0078125 0.03194444444444444
