7 0.796875 0.5875 0.025 0.03611111111111111
7 0.7984375 0.7597222222222222 0.0234375 0.03888888888888889
7 0.775 0.38819444444444445 0.0171875 0.0375
7 0.57109375 0.6076388888888888 0.015625 0.059722222222222225
7 0.58828125 0.6034722222222222 0.0140625 0.0625
7 0.608203125 0.5944444444444444 0.01953125 0.06111111111111111
7 0.78125 0.4722222222222222 0.01875 0.03888888888888889
7 0.808203125 0.39166666666666666 0.01328125 0.030555555555555555
7 0.908984375 0.9791666666666666 0.02265625 0.03888888888888889
7 0.82421875 0.275 0.015625 0.03333333333333333
7 0.668359375 0.4597222222222222 0.01640625 0.06388888888888888
