7 0.460546875 0.8729166666666667 0.02578125 0.06527777777777778
7 0.36015625 0.7381944444444445 0.0171875 0.0763888888888889
7 0.47265625 0.6416666666666667 0.0265625 0.07777777777777778
7 0.745703125 0.6909722222222222 0.02734375 0.09027777777777778
7 0.547265625 0.3020833333333333 0.01484375 0.05138888888888889
7 0.569140625 0.27361111111111114 0.01640625 0.05
7 0.621875 0.2569444444444444 0.0171875 0.04722222222222222
7 0.619921875 0.17777777777777778 0.01015625 0.03611111111111111
7 0.747265625 0.11458333333333333 0.01328125 0.029166666666666667
7 0.801953125 0.13194444444444445 0.01171875 0.025
