7 0.641015625 0.9416666666666667 0.01484375 0.027777777777777776
7 0.63828125 0.8916666666666667 0.0125 0.027777777777777776
7 0.64921875 0.8631944444444445 0.0140625 0.02638888888888889
7 0.619921875 0.8819444444444444 0.01171875 0.027777777777777776
7 0.605078125 0.8597222222222223 0.00859375 0.019444444444444445
7 0.604296875 0.9 0.01328125 0.019444444444444445
7 0.566015625 0.8076388888888889 0.00859375 0.02361111111111111
7 0.597265625 0.4791666666666667 0.00859375 0.016666666666666666
7 0.59921875 0.5006944444444444 0.0078125 0.018055555555555554
7 0.546484375 0.40902777777777777 0.00703125 0.0125
7 0.71328125 0.8430555555555556 0.0125 0.027777777777777776
7 0.610546875 0.7645833333333333 0.01015625 0.02361111111111111
7 0.600390625 0.6576388888888889 0.01015625 0.02361111111111111
7 0.596875 0.61875 0.009375 0.018055555555555554
7 0.594140625 0.5736111111111111 0.00859375 0.016666666666666666
7 0.598046875 0.5381944444444444 0.00859375 0.018055555555555554
7 0.574609375 0.42291666666666666 0.00859375 0.018055555555555554
7 0.699609375 0.8118055555555556 0.01171875 0.029166666666666667
7 0.62265625 0.38055555555555554 0.009375 0.016666666666666666
7 0.608984375 0.31180555555555556 0.00859375 0.018055555555555554
7 0.30625 0.4444444444444444 0.009375 0.013888888888888888
7 0.26953125 0.4222222222222222 0.009375 0.016666666666666666
7 0.376953125 0.2798611111111111 0.00859375 0.018055555555555554
7 0.43359375 0.225 0.0078125 0.011111111111111112
7 0.42578125 0.14444444444444443 0.0078125 0.013888888888888888
7 0.27890625 0.7284722222222222 0.0125 0.04583333333333333
7 0.30078125 0.7277777777777777 0.0125 0.04722222222222222
7 0.50625 0.5583333333333333 0.009375 0.013888888888888888
7 0.6671875 0.46597222222222223 0.0078125 0.015277777777777777
7 0.14765625 0.5381944444444444 0.0078125 0.034722222222222224
7 0.11484375 0.5784722222222223 0.0078125 0.034722222222222224
7 0.1171875 0.5083333333333333 0.0078125 0.03611111111111111
7 0.12890625 0.5111111111111111 0.0078125 0.03611111111111111
7 0.13984375 0.4826388888888889 0.0078125 0.034722222222222224
7 0.15078125 0.5902777777777778 0.0078125 0.030555555555555555
7 0.465625 0.8826388888888889 0.0140625 0.04027777777777778
7 0.498828125 0.8923611111111112 0.01171875 0.0375
7 0.084765625 0.9625 0.01796875 0.03888888888888889
7 0.1453125 0.8659722222222223 0.015625 0.034722222222222224
7 0.265625 0.30416666666666664 0.0078125 0.025
7 0.277734375 0.28055555555555556 0.00703125 0.027777777777777776
7 0.094140625 0.42569444444444443 0.00859375 0.029166666666666667
7 0.034375 0.4791666666666667 0.0109375 0.03333333333333333
7 0.50625 0.02013888888888889 0.00625 0.018055555555555554
7 0.49609375 0.052083333333333336 0.00625 0.015277777777777777
7 0.50234375 0.10138888888888889 0.0078125 0.016666666666666666
7 0.523828125 0.46805555555555556 0.00859375 0.03333333333333333
7 0.5609375 0.5743055555555555 0.0078125 0.0375
7 0.557421875 0.6430555555555556 0.01171875 0.03888888888888889
7 0.60234375 0.7277777777777777 0.0125 0.022222222222222223
7 0.610546875 0.7479166666666667 0.01015625 0.015277777777777777
7 0.604296875 0.8229166666666666 0.01171875 0.020833333333333332
7 0.715625 0.85 0.0125 0.03333333333333333
7 0.719140625 0.5076388888888889 0.00859375 0.029166666666666667
7 0.6578125 0.43819444444444444 0.0078125 0.020833333333333332
7 0.473828125 0.3909722222222222 0.00703125 0.020833333333333332
7 0.459375 0.3770833333333333 0.009375 0.029166666666666667
