7 0.383984375 0.6020833333333333 0.01328125 0.029166666666666667
7 0.39296875 0.5673611111111111 0.0109375 0.020833333333333332
7 0.48046875 0.48125 0.0140625 0.029166666666666667
7 0.561328125 0.4597222222222222 0.01015625 0.027777777777777776
7 0.57890625 0.27152777777777776 0.0109375 0.020833333333333332
7 0.528125 0.20694444444444443 0.009375 0.022222222222222223
7 0.569921875 0.11041666666666666 0.01015625 0.02361111111111111
7 0.562109375 0.09861111111111111 0.01015625 0.022222222222222223
7 0.64765625 0.19791666666666666 0.0109375 0.02361111111111111
7 0.65390625 0.25 0.009375 0.022222222222222223
7 0.6953125 0.3111111111111111 0.0125 0.025
7 0.725390625 0.4756944444444444 0.01171875 0.02361111111111111
7 0.6765625 0.5076388888888889 0.0125 0.02638888888888889
7 0.728515625 0.6708333333333333 0.01640625 0.027777777777777776
7 0.7234375 0.7277777777777777 0.015625 0.03611111111111111
7 0.75703125 0.7659722222222223 0.0203125 0.03194444444444444
7 0.745703125 0.8173611111111111 0.01796875 0.034722222222222224
7 0.773046875 0.8694444444444445 0.01640625 0.027777777777777776
7 0.7625 0.925 0.015625 0.03333333333333333
7 0.929296875 0.21458333333333332 0.01171875 0.02638888888888889
7 0.9265625 0.23958333333333334 0.0109375 0.015277777777777777
7 0.891796875 0.18819444444444444 0.01171875 0.02638888888888889
7 0.896875 0.34652777777777777 0.0109375 0.02361111111111111
7 0.93359375 0.3611111111111111 0.0140625 0.022222222222222223
7 0.373828125 0.37916666666666665 0.01484375 0.030555555555555555
7 0.458203125 0.33958333333333335 0.01328125 0.029166666666666667
7 0.552734375 0.8263888888888888 0.01328125 0.030555555555555555
7 0.52734375 0.9006944444444445 0.0140625 0.03194444444444444
7 0.97265625 0.23819444444444443 0.01875 0.034722222222222224
7 0.96875 0.2743055555555556 0.01875 0.034722222222222224
7 0.96796875 0.30069444444444443 0.01875 0.04027777777777778
