7 0.7035 0.23773584905660378 0.025 0.06792452830188679
7 0.2565 0.16037735849056603 0.023 0.06415094339622641
7 0.2625 0.19622641509433963 0.025 0.06037735849056604
7 0.435 0.7254716981132076 0.048 0.15283018867924528
7 0.4025 0.5160377358490567 0.029 0.13018867924528302
7 0.4145 0.5273584905660378 0.029 0.11132075471698114
7 0.43 0.3122641509433962 0.02 0.08113207547169811
7 0.322 0.439622641509434 0.03 0.1169811320754717
7 0.2825 0.3613207547169811 0.019 0.07358490566037736
7 0.3665 0.17735849056603772 0.025 0.06037735849056604
