7 0.0445 0.2358490566037736 0.027 0.12075471698113208
7 0.4305 0.17358490566037735 0.007 0.022641509433962263
7 0.918 0.4047169811320755 0.026 0.08490566037735849
7 0.936 0.36981132075471695 0.012 0.06037735849056604
7 0.9515 0.36792452830188677 0.013 0.05660377358490566
7 0.905 0.2990566037735849 0.018 0.06981132075471698
7 0.805 0.25471698113207547 0.01 0.04905660377358491
7 0.815 0.24716981132075472 0.014 0.04905660377358491
7 0.7565 0.29150943396226414 0.021 0.05471698113207547
7 0.732 0.15566037735849056 0.008 0.024528301886792454
7 0.743 0.15566037735849056 0.012 0.02830188679245283
7 0.662 0.19150943396226416 0.01 0.04339622641509434
7 0.6285 0.17264150943396225 0.017 0.03207547169811321
