7 0.4405 0.2820754716981132 0.035 0.062264150943396226
7 0.5315 0.25754716981132075 0.013 0.03962264150943396
7 0.0305 0.47264150943396227 0.061 0.13018867924528302
7 0.5185 0.25849056603773585 0.011 0.045283018867924525
7 0.918 0.24150943396226415 0.01 0.026415094339622643
7 0.9315 0.23679245283018868 0.009 0.03207547169811321
7 0.9435 0.2320754716981132 0.009 0.033962264150943396
7 0.876 0.23113207547169812 0.006 0.024528301886792454
7 0.883 0.22735849056603774 0.008 0.035849056603773584
7 0.641 0.2339622641509434 0.006 0.033962264150943396
7 0.637 0.2349056603773585 0.006 0.03207547169811321
7 0.7465 0.22735849056603774 0.007 0.02830188679245283
7 0.7415 0.22924528301886793 0.007 0.024528301886792454
7 0.6625 0.23773584905660378 0.015 0.03773584905660377
