7 0.53 0.310377358490566 0.024 0.04339622641509434
7 0.6215 0.4669811320754717 0.027 0.05849056603773585
7 0.7595 0.23867924528301887 0.013 0.02830188679245283
7 0.8845 0.2943396226415094 0.021 0.03773584905660377
7 0.6945 0.21509433962264152 0.011 0.026415094339622643
7 0.507 0.2188679245283019 0.01 0.022641509433962263
7 0.8535 0.2792452830188679 0.017 0.033962264150943396
7 0.836 0.269811320754717 0.006 0.022641509433962263
7 0.6585 0.20754716981132076 0.005 0.01509433962264151
7 0.422 0.20849056603773586 0.018 0.035849056603773584
7 0.784 0.2009433962264151 0.012 0.020754716981132074
