7 0.1775 0.24056603773584906 0.019 0.08113207547169811
7 0.224 0.2783018867924528 0.044 0.08867924528301886
7 0.161 0.3311320754716981 0.068 0.11132075471698114
7 0.2215 0.22641509433962265 0.017 0.06037735849056604
7 0.451 0.25471698113207547 0.012 0.026415094339622643
7 0.455 0.30849056603773584 0.008 0.04339622641509434
7 0.4635 0.310377358490566 0.009 0.04339622641509434
7 0.7545 0.7971698113207547 0.027 0.16792452830188678
7 0.7315 0.7820754716981132 0.023 0.13773584905660377
7 0.45 0.2028301886792453 0.016 0.02830188679245283
7 0.3785 0.2009433962264151 0.011 0.024528301886792454
