7 0.0945 0.389622641509434 0.035 0.16792452830188678
7 0.8785 0.25 0.023 0.035849056603773584
7 0.578 0.33584905660377357 0.024 0.04150943396226415
7 0.295 0.4028301886792453 0.038 0.1641509433962264
7 0.4365 0.23679245283018868 0.015 0.03207547169811321
7 0.387 0.2481132075471698 0.018 0.035849056603773584
7 0.127 0.3867924528301887 0.052 0.17735849056603772
7 0.324 0.3877358490566038 0.034 0.1490566037735849
7 0.617 0.35471698113207545 0.012 0.05660377358490566
7 0.6125 0.4226415094339623 0.021 0.06415094339622641
7 0.602 0.29056603773584905 0.012 0.04150943396226415
7 0.3685 0.24339622641509434 0.011 0.04150943396226415
7 0.4485 0.22830188679245284 0.013 0.03018867924528302
7 0.484 0.2179245283018868 0.01 0.024528301886792454
