7 0.414 0.27169811320754716 0.036 0.09811320754716982
7 0.3235 0.2688679245283019 0.023 0.0660377358490566
7 0.336 0.26037735849056604 0.014 0.06037735849056604
7 0.4475 0.22924528301886793 0.009 0.035849056603773584
7 0.854 0.24433962264150944 0.008 0.024528301886792454
7 0.7555 0.21509433962264152 0.011 0.026415094339622643
7 0.5745 0.2839622641509434 0.017 0.03962264150943396
7 0.5685 0.25754716981132075 0.009 0.03207547169811321
7 0.8145 0.22358490566037736 0.013 0.024528301886792454
7 0.3715 0.2349056603773585 0.013 0.05471698113207547
7 0.551 0.2349056603773585 0.016 0.035849056603773584
7 0.568 0.22641509433962265 0.016 0.03773584905660377
