7 0.5955 0.2490566037735849 0.011 0.05660377358490566
7 0.63 0.22641509433962265 0.008 0.03018867924528302
7 0.445 0.29339622641509433 0.014 0.02830188679245283
7 0.7545 0.2943396226415094 0.013 0.04905660377358491
7 0.679 0.41037735849056606 0.022 0.0509433962264151
7 0.17 0.269811320754717 0.02 0.08679245283018867
7 0.8815 0.3471698113207547 0.025 0.07924528301886792
7 0.352 0.2358490566037736 0.012 0.022641509433962263
7 0.231 0.2481132075471698 0.018 0.0660377358490566
7 0.396 0.22358490566037736 0.008 0.024528301886792454
