7 0.0865 0.23113207547169812 0.023 0.10377358490566038
7 0.421 0.2622641509433962 0.024 0.052830188679245285
7 0.561 0.30283018867924527 0.02 0.04716981132075472
7 0.3965 0.2188679245283019 0.011 0.03773584905660377
7 0.4045 0.18867924528301888 0.011 0.033962264150943396
7 0.676 0.1641509433962264 0.008 0.026415094339622643
7 0.6845 0.16226415094339622 0.009 0.03018867924528302
7 0.951 0.330188679245283 0.01 0.06037735849056604
7 0.9605 0.3283018867924528 0.013 0.0830188679245283
7 0.617 0.17547169811320754 0.01 0.018867924528301886
7 0.2615 0.19528301886792454 0.015 0.03207547169811321
