7 0.4465 0.3330188679245283 0.027 0.0509433962264151
7 0.248 0.19811320754716982 0.014 0.03018867924528302
7 0.403 0.2481132075471698 0.016 0.04716981132075472
7 0.4075 0.20943396226415095 0.017 0.04150943396226415
7 0.822 0.27169811320754716 0.008 0.03773584905660377
7 0.8165 0.2660377358490566 0.013 0.04150943396226415
7 0.856 0.2971698113207547 0.014 0.04716981132075472
7 0.863 0.29339622641509433 0.014 0.05471698113207547
7 0.8335 0.35 0.013 0.0509433962264151
7 0.673 0.17264150943396225 0.006 0.020754716981132074
7 0.6675 0.16886792452830188 0.007 0.024528301886792454
7 0.641 0.37169811320754714 0.03 0.045283018867924525
7 0.092 0.23113207547169812 0.03 0.10377358490566038
