7 0.19 0.3433962264150943 0.06 0.1018867924528302
7 0.373 0.2792452830188679 0.02 0.045283018867924525
7 0.419 0.2783018867924528 0.018 0.0509433962264151
7 0.5855 0.27641509433962264 0.015 0.02830188679245283
7 0.907 0.2811320754716981 0.014 0.033962264150943396
7 0.8475 0.2518867924528302 0.015 0.03207547169811321
7 0.7705 0.2320754716981132 0.007 0.022641509433962263
7 0.408 0.2783018867924528 0.012 0.04339622641509434
7 0.3755 0.27264150943396226 0.027 0.03962264150943396
7 0.749 0.2358490566037736 0.018 0.04150943396226415
7 0.8855 0.29339622641509433 0.023 0.03962264150943396
7 0.567 0.24622641509433962 0.012 0.03207547169811321
