7 0.668359375 0.7895833333333333 0.03828125 0.10694444444444444
7 0.658984375 0.7729166666666667 0.03828125 0.10694444444444444
7 0.980078125 0.4965277777777778 0.02109375 0.06805555555555555
7 0.755078125 0.3548611111111111 0.01484375 0.0375
7 0.7140625 0.3333333333333333 0.0125 0.03333333333333333
7 0.678125 0.29791666666666666 0.0109375 0.029166666666666667
7 0.659765625 0.31527777777777777 0.01015625 0.030555555555555555
7 0.620703125 0.25972222222222224 0.00703125 0.016666666666666666
7 0.61640625 0.27291666666666664 0.00625 0.015277777777777777
7 0.598828125 0.24513888888888888 0.00546875 0.009722222222222222
