7 0.404296875 0.6013888888888889 0.03203125 0.06944444444444445
7 0.4421875 0.7618055555555555 0.053125 0.11527777777777778
7 0.351953125 0.32569444444444445 0.01796875 0.043055555555555555
7 0.34921875 0.40902777777777777 0.028125 0.05416666666666667
7 0.477734375 0.4791666666666667 0.02421875 0.06111111111111111
7 0.434765625 0.32569444444444445 0.01796875 0.0375
7 0.423828125 0.30625 0.01796875 0.0375
7 0.759765625 0.5625 0.03046875 0.09722222222222222
7 0.804296875 0.5298611111111111 0.03046875 0.09861111111111111
7 0.881640625 0.6770833333333334 0.03046875 0.09861111111111111
7 0.505078125 0.95 0.06796875 0.08333333333333333
7 0.37890625 0.20833333333333334 0.015625 0.03333333333333333
