7 0.065234375 0.13472222222222222 0.01015625 0.019444444444444445
7 0.090234375 0.14791666666666667 0.01328125 0.020833333333333332
7 0.0828125 0.26458333333333334 0.0078125 0.015277777777777777
7 0.080078125 0.4 0.01015625 0.022222222222222223
7 0.04140625 0.6534722222222222 0.0125 0.02638888888888889
7 0.04375 0.7826388888888889 0.015625 0.02638888888888889
7 0.01796875 0.83125 0.015625 0.029166666666666667
7 0.166015625 0.9756944444444444 0.01953125 0.029166666666666667
7 0.234375 0.7097222222222223 0.0140625 0.027777777777777776
7 0.25234375 0.6743055555555556 0.0125 0.029166666666666667
7 0.18515625 0.55625 0.015625 0.02638888888888889
7 0.303125 0.4756944444444444 0.0109375 0.02361111111111111
7 0.2515625 0.25625 0.0125 0.020833333333333332
7 0.230078125 0.1798611111111111 0.00859375 0.020833333333333332
7 0.25625 0.14444444444444443 0.009375 0.019444444444444445
7 0.27578125 0.16111111111111112 0.0125 0.025
7 0.251171875 0.03333333333333333 0.01171875 0.019444444444444445
7 0.1703125 0.09236111111111112 0.015625 0.04583333333333333
7 0.305078125 0.06111111111111111 0.01015625 0.022222222222222223
7 0.31796875 0.07777777777777778 0.009375 0.019444444444444445
7 0.423046875 0.059722222222222225 0.01015625 0.016666666666666666
7 0.3140625 0.14097222222222222 0.0109375 0.020833333333333332
7 0.301171875 0.19930555555555557 0.01171875 0.03194444444444444
7 0.3171875 0.20625 0.0109375 0.020833333333333332
7 0.32421875 0.2652777777777778 0.0109375 0.025
7 0.32734375 0.3333333333333333 0.0109375 0.025
7 0.71015625 0.20972222222222223 0.009375 0.025
7 0.698046875 0.075 0.01015625 0.016666666666666666
7 0.696875 0.04722222222222222 0.0125 0.019444444444444445
7 0.696484375 0.025 0.00859375 0.016666666666666666
7 0.616796875 0.8652777777777778 0.01640625 0.030555555555555555
7 0.5703125 0.8277777777777777 0.015625 0.03333333333333333
7 0.17265625 0.45555555555555555 0.0125 0.025
7 0.20234375 0.44305555555555554 0.0125 0.022222222222222223
