7 0.398 0.2660377358490566 0.02 0.03773584905660377
7 0.4295 0.269811320754717 0.013 0.03773584905660377
7 0.2545 0.3141509433962264 0.049 0.07358490566037736
7 0.9525 0.30377358490566037 0.023 0.04150943396226415
7 0.881 0.25660377358490566 0.014 0.033962264150943396
7 0.5795 0.2679245283018868 0.015 0.03773584905660377
7 0.8065 0.23867924528301887 0.013 0.024528301886792454
7 0.7665 0.23113207547169812 0.009 0.03207547169811321
7 0.7745 0.23773584905660378 0.009 0.03018867924528302
7 0.782 0.2320754716981132 0.01 0.03018867924528302
7 0.4015 0.25849056603773585 0.021 0.03773584905660377
7 0.4225 0.2641509433962264 0.013 0.03773584905660377
7 0.5395 0.22830188679245284 0.013 0.04150943396226415
7 0.934 0.31886792452830187 0.026 0.03773584905660377
7 0.659 0.22924528301886793 0.014 0.035849056603773584
