7 0.653 0.47452830188679246 0.046 0.07735849056603773
7 0.103 0.35283018867924526 0.074 0.1471698113207547
7 0.888 0.2962264150943396 0.024 0.03773584905660377
7 0.8175 0.2669811320754717 0.023 0.035849056603773584
7 0.784 0.269811320754717 0.016 0.04150943396226415
7 0.54 0.2792452830188679 0.02 0.03773584905660377
7 0.877 0.3641509433962264 0.018 0.05660377358490566
7 0.499 0.2188679245283019 0.008 0.022641509433962263
7 0.4 0.23962264150943396 0.026 0.052830188679245285
7 0.433 0.2169811320754717 0.01 0.022641509433962263
7 0.7315 0.2037735849056604 0.013 0.033962264150943396
7 0.7365 0.219811320754717 0.015 0.035849056603773584
