7 0.424 0.32547169811320753 0.024 0.0509433962264151
7 0.4805 0.480188679245283 0.019 0.05471698113207547
7 0.107 0.23113207547169812 0.024 0.10377358490566038
7 0.925 0.31886792452830187 0.016 0.052830188679245285
7 0.6445 0.17641509433962263 0.009 0.03207547169811321
7 0.6165 0.18396226415094338 0.011 0.03207547169811321
7 0.9645 0.1811320754716981 0.023 0.03773584905660377
7 0.7 0.2481132075471698 0.014 0.04339622641509434
7 0.7595 0.25 0.009 0.02830188679245283
7 0.5975 0.19339622641509435 0.015 0.035849056603773584
7 0.4685 0.47830188679245284 0.017 0.0509433962264151
