7 0.936 0.46226415094339623 0.042 0.08679245283018867
7 0.5715 0.22358490566037736 0.015 0.024528301886792454
7 0.147 0.24528301886792453 0.02 0.05660377358490566
7 0.534 0.6056603773584905 0.02 0.08679245283018867
7 0.5195 0.6084905660377359 0.013 0.09245283018867924
7 0.908 0.19528301886792454 0.016 0.035849056603773584
7 0.902 0.19528301886792454 0.016 0.035849056603773584
7 0.5525 0.20754716981132076 0.009 0.04905660377358491
7 0.5605 0.2037735849056604 0.015 0.045283018867924525
7 0.8105 0.9141509433962264 0.055 0.12264150943396226
7 0.3815 0.28962264150943395 0.019 0.04716981132075472
7 0.3695 0.24716981132075472 0.015 0.03773584905660377
