7 0.0635 0.2320754716981132 0.035 0.10943396226415095
7 0.7205 0.15849056603773584 0.011 0.03018867924528302
7 0.8765 0.27358490566037735 0.013 0.045283018867924525
7 0.699 0.20566037735849058 0.016 0.04150943396226415
7 0.711 0.24716981132075472 0.014 0.045283018867924525
7 0.6585 0.19150943396226416 0.015 0.04716981132075472
7 0.676 0.22169811320754718 0.004 0.024528301886792454
7 0.6855 0.22924528301886793 0.011 0.04716981132075472
7 0.47 0.19056603773584907 0.008 0.033962264150943396
7 0.41 0.24150943396226415 0.014 0.03773584905660377
7 0.7125 0.15754716981132075 0.011 0.02830188679245283
7 0.3775 0.17264150943396225 0.013 0.035849056603773584
