7 0.641 0.3915094339622642 0.022 0.0509433962264151
7 0.38 0.2518867924528302 0.02 0.035849056603773584
7 0.184 0.4528301886792453 0.072 0.17358490566037735
7 0.217 0.44528301886792454 0.054 0.1811320754716981
7 0.433 0.24433962264150944 0.014 0.0509433962264151
7 0.6195 0.3169811320754717 0.017 0.045283018867924525
7 0.378 0.2481132075471698 0.02 0.035849056603773584
7 0.473 0.22547169811320755 0.012 0.03207547169811321
7 0.6285 0.47358490566037736 0.033 0.06792452830188679
7 0.5865 0.37830188679245286 0.035 0.062264150943396226
7 0.855 0.24245283018867925 0.014 0.03207547169811321
