7 0.4315 0.29339622641509433 0.027 0.04339622641509434
7 0.5955 0.3339622641509434 0.017 0.05660377358490566
7 0.8895 0.2962264150943396 0.017 0.04905660377358491
7 0.879 0.2962264150943396 0.01 0.04905660377358491
7 0.933 0.32452830188679244 0.012 0.052830188679245285
7 0.944 0.330188679245283 0.014 0.05660377358490566
7 0.9595 0.4320754716981132 0.015 0.07547169811320754
7 0.6715 0.1669811320754717 0.009 0.02830188679245283
7 0.68 0.1660377358490566 0.012 0.03018867924528302
7 0.4005 0.22830188679245284 0.015 0.04150943396226415
7 0.0875 0.22735849056603774 0.027 0.1
7 0.403 0.19905660377358492 0.012 0.03207547169811321
7 0.2565 0.2009433962264151 0.017 0.035849056603773584
