7 0.7578125 0.6729166666666667 0.0109375 0.015277777777777777
7 0.76796875 0.6472222222222223 0.00625 0.022222222222222223
7 0.728515625 0.5986111111111111 0.00859375 0.019444444444444445
7 0.70625 0.49444444444444446 0.0078125 0.019444444444444445
7 0.690234375 0.4166666666666667 0.01171875 0.019444444444444445
7 0.676171875 0.3701388888888889 0.00703125 0.02638888888888889
7 0.635546875 0.3298611111111111 0.00703125 0.02361111111111111
7 0.6296875 0.225 0.0046875 0.016666666666666666
7 0.44375 0.37916666666666665 0.0046875 0.011111111111111112
7 0.462109375 0.3888888888888889 0.00703125 0.019444444444444445
7 0.4953125 0.17291666666666666 0.00625 0.015277777777777777
7 0.5046875 0.14652777777777778 0.0078125 0.015277777777777777
7 0.5140625 0.14583333333333334 0.0078125 0.013888888888888888
7 0.510546875 0.1840277777777778 0.00703125 0.020833333333333332
7 0.385546875 0.40555555555555556 0.00703125 0.013888888888888888
7 0.41484375 0.28958333333333336 0.0046875 0.018055555555555554
7 0.218359375 0.5722222222222222 0.00859375 0.025
7 0.2265625 0.5701388888888889 0.009375 0.02638888888888889
7 0.267578125 0.4861111111111111 0.00546875 0.013888888888888888
7 0.27890625 0.4305555555555556 0.0078125 0.016666666666666666
7 0.2859375 0.40694444444444444 0.0078125 0.013888888888888888
7 0.271484375 0.4166666666666667 0.00546875 0.013888888888888888
7 0.316015625 0.38055555555555554 0.00703125 0.016666666666666666
7 0.448046875 0.15625 0.00703125 0.018055555555555554
7 0.759375 0.5243055555555556 0.0078125 0.034722222222222224
7 0.336328125 0.35 0.00546875 0.016666666666666666
7 0.394921875 0.36736111111111114 0.00546875 0.018055555555555554
