7 0.289 0.4971698113207547 0.052 0.11886792452830189
7 0.413 0.39339622641509436 0.034 0.0660377358490566
7 0.2535 0.9283018867924528 0.085 0.13962264150943396
7 0.3095 0.9141509433962264 0.067 0.1641509433962264
7 0.915 0.38018867924528305 0.036 0.08867924528301886
7 0.729 0.2660377358490566 0.026 0.06415094339622641
7 0.9635 0.12641509433962264 0.017 0.03018867924528302
7 0.8755 0.22169811320754718 0.021 0.0509433962264151
7 0.3805 0.4547169811320755 0.039 0.0830188679245283
7 0.3995 0.439622641509434 0.041 0.09056603773584905
