7 0.2205 0.21037735849056605 0.015 0.035849056603773584
7 0.546 0.5443396226415095 0.028 0.1
7 0.8735 0.6132075471698113 0.029 0.09433962264150944
7 0.418 0.3169811320754717 0.012 0.045283018867924525
7 0.428 0.3169811320754717 0.014 0.052830188679245285
7 0.41 0.24528301886792453 0.016 0.04150943396226415
7 0.659 0.17452830188679244 0.006 0.024528301886792454
7 0.652 0.17452830188679244 0.006 0.02830188679245283
7 0.714 0.2339622641509434 0.012 0.03773584905660377
7 0.696 0.2169811320754717 0.01 0.033962264150943396
7 0.1025 0.22169811320754718 0.029 0.1
