7 0.369140625 0.16666666666666666 0.00859375 0.03611111111111111
7 0.36796875 0.7548611111111111 0.0359375 0.1125
7 0.53515625 0.5958333333333333 0.03125 0.09166666666666666
7 0.43515625 0.5347222222222222 0.0328125 0.08888888888888889
7 0.5171875 0.41875 0.0265625 0.09027777777777778
7 0.4859375 0.3229166666666667 0.01875 0.06527777777777778
7 0.39453125 0.49166666666666664 0.025 0.08333333333333333
7 0.653125 0.29375 0.0140625 0.04861111111111111
7 0.62890625 0.8861111111111111 0.0328125 0.13055555555555556
7 0.38828125 0.0798611111111111 0.00625 0.018055555555555554
7 0.4015625 0.08125 0.0046875 0.018055555555555554
7 0.388671875 0.09652777777777778 0.00390625 0.0125
7 0.328125 0.10347222222222222 0.00625 0.03194444444444444
7 0.5890625 0.16805555555555557 0.0125 0.03611111111111111
