7 0.057 0.23113207547169812 0.03 0.11132075471698114
7 0.7605 0.28867924528301886 0.017 0.04905660377358491
7 0.7655 0.2783018867924528 0.021 0.04716981132075472
7 0.7395 0.22075471698113208 0.017 0.04150943396226415
7 0.685 0.19433962264150945 0.006 0.04150943396226415
7 0.69 0.19811320754716982 0.006 0.04150943396226415
7 0.634 0.2160377358490566 0.016 0.0509433962264151
7 0.5835 0.17547169811320754 0.015 0.03018867924528302
7 0.5475 0.1632075471698113 0.011 0.020754716981132074
7 0.7135 0.24528301886792453 0.007 0.03773584905660377
7 0.718 0.24528301886792453 0.008 0.03773584905660377
7 0.989 0.33490566037735847 0.016 0.06981132075471698
7 0.7155 0.15566037735849056 0.011 0.016981132075471698
7 0.7285 0.15754716981132075 0.013 0.03962264150943396
7 0.407 0.22641509433962265 0.012 0.03773584905660377
7 0.457 0.18679245283018867 0.012 0.04150943396226415
