7 0.492 0.6613207547169812 0.026 0.13773584905660377
7 0.513 0.6641509433962264 0.026 0.13962264150943396
7 0.767 0.37075471698113205 0.012 0.05849056603773585
7 0.3635 0.35377358490566035 0.013 0.05849056603773585
7 0.373 0.35283018867924526 0.01 0.06037735849056604
7 0.6995 0.30849056603773584 0.011 0.04716981132075472
7 0.693 0.30943396226415093 0.012 0.04905660377358491
7 0.6375 0.2820754716981132 0.009 0.04716981132075472
7 0.5855 0.27358490566037735 0.009 0.05660377358490566
7 0.855 0.22075471698113208 0.03 0.03773584905660377
