7 0.232 0.22547169811320755 0.014 0.062264150943396226
7 0.166 0.23962264150943396 0.018 0.0830188679245283
7 0.2775 0.22924528301886793 0.025 0.03962264150943396
7 0.5655 0.4169811320754717 0.013 0.06037735849056604
7 0.3185 0.24622641509433962 0.019 0.0660377358490566
7 0.567 0.5160377358490567 0.03 0.05849056603773585
7 0.551 0.41415094339622643 0.024 0.062264150943396226
7 0.453 0.19622641509433963 0.01 0.026415094339622643
7 0.3785 0.19905660377358492 0.009 0.020754716981132074
7 0.4575 0.3179245283018868 0.025 0.062264150943396226
