7 0.33046875 0.3763888888888889 0.0390625 0.08888888888888889
7 0.419140625 0.37916666666666665 0.03359375 0.09444444444444444
7 0.4421875 0.30277777777777776 0.009375 0.019444444444444445
7 0.46796875 0.2972222222222222 0.009375 0.019444444444444445
7 0.5546875 0.40208333333333335 0.015625 0.03194444444444444
7 0.555859375 0.36527777777777776 0.01015625 0.025
7 0.539453125 0.35138888888888886 0.01015625 0.025
7 0.550390625 0.3236111111111111 0.01015625 0.025
7 0.70703125 0.31180555555555556 0.0078125 0.02638888888888889
7 0.859375 0.4284722222222222 0.0203125 0.04027777777777778
