7 0.588671875 0.4652777777777778 0.01796875 0.06111111111111111
7 0.78515625 0.2798611111111111 0.015625 0.02638888888888889
7 0.68046875 0.2791666666666667 0.0078125 0.019444444444444445
7 0.657421875 0.27708333333333335 0.00703125 0.018055555555555554
7 0.50703125 0.28055555555555556 0.009375 0.013888888888888888
7 0.452734375 0.3076388888888889 0.00703125 0.018055555555555554
7 0.31953125 0.2972222222222222 0.009375 0.027777777777777776
7 0.715625 0.7770833333333333 0.0234375 0.09583333333333334
7 0.70234375 0.7798611111111111 0.0265625 0.11805555555555555
7 0.759765625 0.4270833333333333 0.01484375 0.05138888888888889
7 0.63125 0.3472222222222222 0.0078125 0.03333333333333333
7 0.17890625 0.3527777777777778 0.0296875 0.1
