7 0.858 0.27641509433962264 0.018 0.03207547169811321
7 0.554 0.30471698113207546 0.02 0.02830188679245283
7 0.9035 0.2952830188679245 0.013 0.035849056603773584
7 0.858 0.35094339622641507 0.024 0.03773584905660377
7 0.993 0.33867924528301885 0.012 0.035849056603773584
7 0.8385 0.2820754716981132 0.019 0.02830188679245283
7 0.3595 0.23867924528301887 0.013 0.02830188679245283
7 0.893 0.33679245283018866 0.016 0.05471698113207547
7 0.728 0.22830188679245284 0.012 0.022641509433962263
7 0.7155 0.2349056603773585 0.009 0.024528301886792454
7 0.39 0.23773584905660378 0.006 0.018867924528301886
7 0.403 0.2320754716981132 0.006 0.022641509433962263
7 0.7575 0.28867924528301886 0.017 0.045283018867924525
7 0.773 0.23867924528301887 0.012 0.024528301886792454
7 0.7045 0.22452830188679246 0.009 0.022641509433962263
7 0.731 0.7877358490566038 0.072 0.1641509433962264
7 0.465 0.22264150943396227 0.01 0.026415094339622643
7 0.9225 0.2018867924528302 0.015 0.03773584905660377
