7 0.152 0.6443396226415095 0.062 0.12641509433962264
7 0.295 0.8264150943396227 0.082 0.12830188679245283
7 0.2265 0.4188679245283019 0.029 0.12830188679245283
7 0.3965 0.3471698113207547 0.021 0.07924528301886792
7 0.386 0.2641509433962264 0.024 0.07547169811320754
7 0.396 0.1641509433962264 0.016 0.05660377358490566
7 0.3405 0.21132075471698114 0.017 0.06792452830188679
7 0.297 0.180188679245283 0.018 0.0660377358490566
7 0.275 0.13962264150943396 0.014 0.04905660377358491
7 0.7665 0.22075471698113208 0.021 0.0830188679245283
