7 0.4545 0.2018867924528302 0.033 0.10566037735849057
7 0.2385 0.21037735849056605 0.035 0.09245283018867924
7 0.344 0.08396226415094339 0.02 0.07358490566037736
7 0.5235 0.22830188679245284 0.035 0.10566037735849057
7 0.3125 0.6471698113207547 0.061 0.16981132075471697
7 0.877 0.2537735849056604 0.038 0.09245283018867924
7 0.5765 0.027358490566037737 0.017 0.04339622641509434
7 0.666 0.02830188679245283 0.018 0.03773584905660377
7 0.3265 0.05377358490566038 0.019 0.062264150943396226
7 0.297 0.03679245283018868 0.022 0.0509433962264151
