7 0.292 0.2339622641509434 0.048 0.07924528301886792
7 0.3645 0.2537735849056604 0.047 0.07735849056603773
7 0.6145 0.26132075471698113 0.021 0.03962264150943396
7 0.9265 0.18867924528301888 0.013 0.03018867924528302
7 0.5755 0.19905660377358492 0.013 0.03962264150943396
7 0.778 0.15 0.01 0.02830188679245283
7 0.8005 0.16886792452830188 0.011 0.024528301886792454
7 0.818 0.1632075471698113 0.01 0.03207547169811321
7 0.3785 0.23867924528301887 0.043 0.0660377358490566
7 0.84 0.1877358490566038 0.014 0.03207547169811321
