7 0.450390625 0.3215277777777778 0.00859375 0.02638888888888889
7 0.46328125 0.32013888888888886 0.0078125 0.02638888888888889
7 0.384765625 0.3451388888888889 0.01640625 0.05138888888888889
7 0.93515625 0.4486111111111111 0.0171875 0.04722222222222222
7 0.90234375 0.4513888888888889 0.0171875 0.04722222222222222
7 0.83203125 0.41944444444444445 0.0171875 0.04722222222222222
7 0.74140625 0.36666666666666664 0.009375 0.027777777777777776
7 0.75234375 0.35555555555555557 0.009375 0.027777777777777776
7 0.709765625 0.3173611111111111 0.00703125 0.020833333333333332
7 0.540234375 0.3173611111111111 0.00546875 0.015277777777777777
7 0.846875 0.2881944444444444 0.0078125 0.020833333333333332
