7 0.2345 0.22547169811320755 0.015 0.062264150943396226
7 0.287 0.22735849056603774 0.024 0.05849056603773585
7 0.162 0.23962264150943396 0.018 0.08679245283018867
7 0.337 0.23773584905660378 0.022 0.06037735849056604
7 0.5435 0.3754716981132076 0.015 0.052830188679245285
7 0.5465 0.45849056603773586 0.035 0.07169811320754717
7 0.533 0.37264150943396224 0.028 0.062264150943396226
7 0.626 0.19245283018867926 0.016 0.026415094339622643
7 0.417 0.19433962264150945 0.012 0.03018867924528302
7 0.38 0.19622641509433963 0.012 0.026415094339622643
7 0.4525 0.29339622641509433 0.021 0.05471698113207547
