7 0.42 0.49150943396226415 0.048 0.09245283018867924
7 0.2975 0.24433962264150944 0.029 0.08867924528301886
7 0.275 0.2009433962264151 0.026 0.06981132075471698
7 0.197 0.569811320754717 0.048 0.09811320754716982
7 0.405 0.3613207547169811 0.038 0.10377358490566038
7 0.355 0.2962264150943396 0.04 0.1018867924528302
7 0.7085 0.15660377358490565 0.011 0.06415094339622641
7 0.082 0.939622641509434 0.036 0.11320754716981132
7 0.405 0.20471698113207548 0.016 0.062264150943396226
7 0.285 0.10754716981132076 0.016 0.06037735849056604
7 0.3635 0.10849056603773585 0.013 0.04716981132075472
