7 0.3765625 0.1673611111111111 0.0109375 0.043055555555555555
7 0.46484375 0.6159722222222223 0.03125 0.09305555555555556
7 0.519140625 0.5381944444444444 0.03046875 0.07083333333333333
7 0.403125 0.22291666666666668 0.0140625 0.04027777777777778
7 0.38046875 0.2326388888888889 0.015625 0.04027777777777778
7 0.60234375 0.26458333333333334 0.0140625 0.04861111111111111
7 0.4453125 0.09722222222222222 0.00625 0.025
7 0.4390625 0.07361111111111111 0.00625 0.011111111111111112
7 0.43828125 0.059027777777777776 0.00625 0.0125
7 0.4234375 0.07569444444444444 0.00625 0.015277777777777777
7 0.413671875 0.07708333333333334 0.00546875 0.0125
7 0.4015625 0.07916666666666666 0.0046875 0.019444444444444445
7 0.387109375 0.07569444444444444 0.00703125 0.015277777777777777
