7 0.4185 0.30660377358490565 0.023 0.062264150943396226
7 0.4445 0.4075471698113208 0.015 0.06037735849056604
7 0.458 0.4047169811320755 0.016 0.062264150943396226
7 0.745 0.9207547169811321 0.066 0.13584905660377358
7 0.1075 0.23018867924528302 0.021 0.09433962264150944
7 0.6415 0.1820754716981132 0.009 0.04339622641509434
7 0.6495 0.17830188679245282 0.013 0.04339622641509434
7 0.8225 0.28962264150943395 0.025 0.062264150943396226
7 0.7425 0.25849056603773585 0.017 0.04905660377358491
7 0.623 0.2018867924528302 0.012 0.03018867924528302
7 0.64 0.2009433962264151 0.01 0.03207547169811321
