7 0.54609375 0.44930555555555557 0.0171875 0.043055555555555555
7 0.9 0.45902777777777776 0.0140625 0.0375
7 0.799609375 0.4583333333333333 0.01484375 0.03888888888888889
7 0.829296875 0.45 0.01328125 0.03888888888888889
7 0.819140625 0.3902777777777778 0.01328125 0.03888888888888889
7 0.7734375 0.38055555555555554 0.0140625 0.03333333333333333
7 0.746875 0.3763888888888889 0.0140625 0.03333333333333333
7 0.71171875 0.38333333333333336 0.0140625 0.03333333333333333
7 0.6828125 0.31805555555555554 0.0078125 0.019444444444444445
7 0.662109375 0.31875 0.00703125 0.020833333333333332
7 0.6484375 0.3055555555555556 0.0078125 0.019444444444444445
7 0.634765625 0.29444444444444445 0.00390625 0.013888888888888888
7 0.78515625 0.2777777777777778 0.00625 0.013888888888888888
7 0.513671875 0.3104166666666667 0.00703125 0.02361111111111111
7 0.43671875 0.29375 0.00625 0.015277777777777777
7 0.44765625 0.2881944444444444 0.00625 0.015277777777777777
7 0.4609375 0.2833333333333333 0.00625 0.016666666666666666
