7 0.4005 0.3 0.031 0.06792452830188679
7 0.342 0.29339622641509433 0.024 0.0660377358490566
7 0.122 0.3886792452830189 0.08 0.12830188679245283
7 0.594 0.2952830188679245 0.016 0.024528301886792454
7 0.868 0.2632075471698113 0.014 0.035849056603773584
7 0.821 0.2537735849056604 0.01 0.020754716981132074
7 0.9155 0.3018867924528302 0.013 0.03018867924528302
7 0.6555 0.22641509433962265 0.009 0.018867924528301886
7 0.354 0.28867924528301886 0.024 0.06792452830188679
7 0.4075 0.29339622641509433 0.031 0.0660377358490566
7 0.5695 0.2660377358490566 0.015 0.01509433962264151
