7 0.54921875 0.8847222222222222 0.0140625 0.030555555555555555
7 0.536328125 0.7 0.01328125 0.027777777777777776
7 0.562890625 0.5270833333333333 0.01328125 0.0375
7 0.516015625 0.5881944444444445 0.01328125 0.029166666666666667
7 0.530078125 0.36736111111111114 0.01171875 0.020833333333333332
7 0.49140625 0.21805555555555556 0.0125 0.027777777777777776
7 0.312890625 0.0798611111111111 0.01015625 0.02361111111111111
7 0.3265625 0.10486111111111111 0.0109375 0.020833333333333332
7 0.328515625 0.16041666666666668 0.01015625 0.020833333333333332
7 0.263671875 0.21180555555555555 0.01328125 0.018055555555555554
7 0.303125 0.20555555555555555 0.0109375 0.03888888888888889
7 0.229296875 0.25763888888888886 0.01171875 0.020833333333333332
7 0.297265625 0.3472222222222222 0.01328125 0.022222222222222223
7 0.33046875 0.35138888888888886 0.0125 0.022222222222222223
7 0.34375 0.3541666666666667 0.0109375 0.022222222222222223
7 0.346484375 0.32222222222222224 0.01015625 0.022222222222222223
7 0.362109375 0.3423611111111111 0.01015625 0.018055555555555554
7 0.3578125 0.37569444444444444 0.0125 0.02361111111111111
7 0.34765625 0.40208333333333335 0.0125 0.020833333333333332
7 0.378515625 0.3472222222222222 0.01171875 0.022222222222222223
7 0.372265625 0.3055555555555556 0.01015625 0.019444444444444445
7 0.355859375 0.22916666666666666 0.01171875 0.025
7 0.351953125 0.45 0.01171875 0.027777777777777776
7 0.34453125 0.6368055555555555 0.0125 0.02638888888888889
7 0.336328125 0.6986111111111111 0.01171875 0.030555555555555555
7 0.338671875 0.7895833333333333 0.01484375 0.03194444444444444
7 0.348828125 0.8361111111111111 0.01796875 0.027777777777777776
7 0.33515625 0.8895833333333333 0.0140625 0.02638888888888889
7 0.333203125 0.9743055555555555 0.01328125 0.02361111111111111
7 0.420703125 0.8875 0.01484375 0.030555555555555555
7 0.696875 0.025 0.009375 0.022222222222222223
7 0.7046875 0.017361111111111112 0.0078125 0.020833333333333332
7 0.695703125 0.04583333333333333 0.00859375 0.019444444444444445
7 0.695703125 0.07222222222222222 0.01015625 0.022222222222222223
7 0.69609375 0.0875 0.0125 0.022222222222222223
7 0.72890625 0.10902777777777778 0.0109375 0.018055555555555554
7 0.712109375 0.20694444444444443 0.01171875 0.022222222222222223
7 0.67890625 0.20625 0.009375 0.018055555555555554
7 0.2125 0.24722222222222223 0.0140625 0.03611111111111111
7 0.240234375 0.5090277777777777 0.01171875 0.020833333333333332
7 0.1703125 0.5319444444444444 0.0140625 0.022222222222222223
7 0.055078125 0.6 0.01953125 0.03888888888888889
7 0.0109375 0.6625 0.0140625 0.03611111111111111
7 0.0234375 0.7555555555555555 0.0140625 0.022222222222222223
7 0.038671875 0.5402777777777777 0.01328125 0.03611111111111111
7 0.059765625 0.12430555555555556 0.01015625 0.018055555555555554
