7 0.689 0.24150943396226415 0.024 0.0830188679245283
7 0.094 0.8603773584905661 0.074 0.13962264150943396
7 0.8465 0.3471698113207547 0.023 0.07547169811320754
7 0.247 0.1632075471698113 0.012 0.05471698113207547
7 0.2725 0.14056603773584905 0.013 0.0509433962264151
7 0.394 0.13962264150943396 0.014 0.045283018867924525
7 0.2715 0.20849056603773586 0.027 0.07358490566037736
7 0.272 0.02830188679245283 0.02 0.04150943396226415
7 0.649 0.13962264150943396 0.014 0.04150943396226415
7 0.6565 0.14056603773584905 0.009 0.04716981132075472
