7 0.93671875 0.43680555555555556 0.0171875 0.06805555555555555
7 0.92578125 0.43125 0.0171875 0.06805555555555555
7 0.754296875 0.35208333333333336 0.01484375 0.04861111111111111
7 0.744921875 0.3125 0.01484375 0.04722222222222222
7 0.64375 0.2465277777777778 0.009375 0.018055555555555554
7 0.483203125 0.25069444444444444 0.00859375 0.020833333333333332
7 0.376953125 0.2638888888888889 0.02734375 0.05555555555555555
7 0.391796875 0.26180555555555557 0.02265625 0.04583333333333333
7 0.36171875 0.2534722222222222 0.0234375 0.04583333333333333
7 0.47734375 0.22152777777777777 0.00625 0.015277777777777777
7 0.737109375 0.21180555555555555 0.00859375 0.02361111111111111
