7 0.5945 0.19905660377358492 0.009 0.03207547169811321
7 0.39 0.25660377358490566 0.012 0.04150943396226415
7 0.397 0.2518867924528302 0.012 0.04716981132075472
7 0.8555 0.360377358490566 0.009 0.04905660377358491
7 0.8655 0.3622641509433962 0.007 0.04905660377358491
7 0.6395 0.22264150943396227 0.009 0.03018867924528302
7 0.4235 0.2349056603773585 0.009 0.024528301886792454
7 0.137 0.2358490566037736 0.026 0.0830188679245283
7 0.5845 0.19622641509433963 0.011 0.033962264150943396
7 0.3455 0.20471698113207548 0.015 0.02830188679245283
