7 0.372 0.1481132075471698 0.01 0.0660377358490566
7 0.433 0.9056603773584906 0.062 0.18490566037735848
7 0.2515 0.8943396226415095 0.055 0.19622641509433963
7 0.567 0.8358490566037736 0.05 0.19622641509433963
7 0.6425 0.16981132075471697 0.035 0.07547169811320754
7 0.2865 0.27547169811320754 0.025 0.08679245283018867
7 0.2175 0.6084905660377359 0.053 0.14150943396226415
7 0.2745 0.27735849056603773 0.025 0.08679245283018867
7 0.365 0.14622641509433962 0.01 0.0660377358490566
7 0.248 0.9141509433962264 0.076 0.16792452830188678
