7 0.2055 0.3594339622641509 0.029 0.15660377358490565
7 0.397 0.25 0.02 0.04716981132075472
7 0.355 0.34056603773584904 0.034 0.11132075471698114
7 0.3755 0.35188679245283017 0.027 0.14528301886792452
7 0.4395 0.23679245283018868 0.017 0.05471698113207547
7 0.596 0.37264150943396224 0.012 0.0509433962264151
7 0.597 0.3169811320754717 0.016 0.045283018867924525
7 0.5705 0.30377358490566037 0.013 0.052830188679245285
7 0.904 0.27169811320754716 0.012 0.04905660377358491
7 0.2215 0.3443396226415094 0.023 0.12264150943396226
7 0.368 0.23773584905660378 0.012 0.04905660377358491
7 0.4585 0.22452830188679246 0.009 0.026415094339622643
7 0.5905 0.2688679245283019 0.021 0.03962264150943396
