7 0.218 0.29150943396226414 0.048 0.11886792452830189
7 0.8335 0.5575471698113208 0.037 0.1
7 0.7485 0.2650943396226415 0.029 0.03962264150943396
7 0.038 0.3584905660377358 0.058 0.1509433962264151
7 0.2695 0.22924528301886793 0.017 0.04716981132075472
7 0.2965 0.23679245283018868 0.009 0.03962264150943396
7 0.8015 0.28962264150943395 0.013 0.03962264150943396
7 0.671 0.22830188679245284 0.014 0.04150943396226415
7 0.407 0.21226415094339623 0.014 0.02830188679245283
7 0.327 0.21037735849056605 0.01 0.02830188679245283
