7 0.43515625 0.5701388888888889 0.0078125 0.015277777777777777
7 0.416796875 0.6958333333333333 0.00703125 0.025
7 0.419140625 0.5777777777777777 0.00703125 0.019444444444444445
7 0.420703125 0.5145833333333333 0.00859375 0.018055555555555554
7 0.424609375 0.4722222222222222 0.00859375 0.019444444444444445
7 0.397265625 0.4479166666666667 0.00703125 0.015277777777777777
7 0.380859375 0.23541666666666666 0.00859375 0.015277777777777777
7 0.30546875 0.5027777777777778 0.00625 0.019444444444444445
7 0.30390625 0.5430555555555555 0.0078125 0.016666666666666666
7 0.3140625 0.38472222222222224 0.0078125 0.013888888888888888
7 0.30390625 0.3659722222222222 0.0078125 0.015277777777777777
7 0.309765625 0.3576388888888889 0.00859375 0.018055555555555554
7 0.305859375 0.30972222222222223 0.00546875 0.019444444444444445
7 0.2984375 0.3104166666666667 0.00625 0.018055555555555554
7 0.291796875 0.4979166666666667 0.00859375 0.015277777777777777
7 0.2921875 0.48333333333333334 0.009375 0.016666666666666666
7 0.30546875 0.8465277777777778 0.009375 0.018055555555555554
7 0.3265625 0.6840277777777778 0.00625 0.018055555555555554
7 0.280859375 0.8451388888888889 0.00546875 0.018055555555555554
7 0.241015625 0.5861111111111111 0.00703125 0.016666666666666666
7 0.226171875 0.5180555555555556 0.00703125 0.016666666666666666
7 0.23359375 0.5027777777777778 0.00625 0.013888888888888888
7 0.2625 0.4083333333333333 0.00625 0.016666666666666666
7 0.25546875 0.42430555555555555 0.00625 0.015277777777777777
7 0.25390625 0.38472222222222224 0.0078125 0.016666666666666666
7 0.473828125 0.46944444444444444 0.00703125 0.022222222222222223
