7 0.5375 0.34150943396226413 0.027 0.04905660377358491
7 0.667 0.5735849056603773 0.042 0.07924528301886792
7 0.956 0.3462264150943396 0.012 0.0660377358490566
7 0.8475 0.27735849056603773 0.015 0.026415094339622643
7 0.82 0.24716981132075472 0.012 0.022641509433962263
7 0.735 0.22452830188679246 0.01 0.022641509433962263
7 0.67 0.2188679245283019 0.01 0.018867924528301886
7 0.5105 0.2339622641509434 0.009 0.018867924528301886
7 0.4145 0.21509433962264152 0.017 0.03018867924528302
7 0.905 0.19622641509433963 0.012 0.026415094339622643
