7 0.4355 0.4047169811320755 0.027 0.05849056603773585
7 0.404 0.31981132075471697 0.024 0.03962264150943396
7 0.155 0.23773584905660378 0.02 0.05660377358490566
7 0.6965 0.3 0.025 0.033962264150943396
7 0.8 0.20660377358490567 0.02 0.03207547169811321
7 0.5845 0.2622641509433962 0.015 0.04905660377358491
7 0.2755 0.22830188679245284 0.015 0.033962264150943396
7 0.4395 0.2169811320754717 0.011 0.03018867924528302
7 0.5365 0.21037735849056605 0.007 0.035849056603773584
7 0.5425 0.21132075471698114 0.011 0.033962264150943396
