7 0.104296875 0.1763888888888889 0.00859375 0.016666666666666666
7 0.024609375 0.31319444444444444 0.00390625 0.0125
7 0.0484375 0.2916666666666667 0.003125 0.011111111111111112
7 0.045703125 0.29097222222222224 0.00390625 0.015277777777777777
7 0.069140625 0.28958333333333336 0.00390625 0.0125
7 0.03515625 0.4777777777777778 0.0078125 0.013888888888888888
7 0.06484375 0.5118055555555555 0.00625 0.0125
7 0.036328125 0.49930555555555556 0.00546875 0.0125
7 0.280078125 0.5381944444444444 0.00703125 0.018055555555555554
7 0.5234375 0.4888888888888889 0.00625 0.013888888888888888
7 0.561328125 0.4479166666666667 0.00546875 0.018055555555555554
7 0.496875 0.3701388888888889 0.0046875 0.015277777777777777
7 0.52109375 0.3111111111111111 0.003125 0.011111111111111112
7 0.51875 0.31319444444444444 0.003125 0.0125
7 0.508203125 0.29930555555555555 0.00546875 0.0125
7 0.6078125 0.5875 0.009375 0.019444444444444445
7 0.737890625 0.37222222222222223 0.00546875 0.011111111111111112
7 0.744921875 0.37430555555555556 0.00546875 0.0125
7 0.74296875 0.4041666666666667 0.00625 0.008333333333333333
7 0.110546875 0.45069444444444445 0.00703125 0.0125
7 0.13125 0.44375 0.00625 0.015277777777777777
7 0.649609375 0.7659722222222223 0.00390625 0.009722222222222222
7 0.8046875 0.28402777777777777 0.003125 0.009722222222222222
7 0.718359375 0.18819444444444444 0.00234375 0.009722222222222222
7 0.7171875 0.18055555555555555 0.0046875 0.011111111111111112
7 0.39375 0.3888888888888889 0.00625 0.019444444444444445
7 0.446484375 0.27569444444444446 0.00703125 0.018055555555555554
7 0.432421875 0.4354166666666667 0.00546875 0.018055555555555554
7 0.43828125 0.4152777777777778 0.003125 0.013888888888888888
7 0.723828125 0.17152777777777778 0.00390625 0.009722222222222222
7 0.724609375 0.1875 0.00390625 0.011111111111111112
7 0.7109375 0.1736111111111111 0.0046875 0.008333333333333333
7 0.708984375 0.15763888888888888 0.00390625 0.009722222222222222
7 0.653515625 0.034027777777777775 0.00546875 0.009722222222222222
7 0.598828125 0.09861111111111111 0.00390625 0.011111111111111112
7 0.59140625 0.06875 0.003125 0.006944444444444444
7 0.371484375 0.32013888888888886 0.00546875 0.015277777777777777
7 0.3609375 0.2916666666666667 0.0046875 0.016666666666666666
7 0.3515625 0.44583333333333336 0.0046875 0.016666666666666666
7 0.365625 0.45 0.0046875 0.016666666666666666
7 0.3671875 0.4375 0.0046875 0.013888888888888888
7 0.82421875 0.8833333333333333 0.0046875 0.013888888888888888
7 0.83828125 0.8736111111111111 0.00625 0.016666666666666666
7 0.833203125 0.8395833333333333 0.00546875 0.015277777777777777
7 0.844140625 0.8520833333333333 0.00703125 0.018055555555555554
7 0.855078125 0.8604166666666667 0.00546875 0.015277777777777777
7 0.846875 0.9048611111111111 0.00625 0.015277777777777777
7 0.713671875 0.6354166666666666 0.00546875 0.0125
7 0.714453125 0.6625 0.00546875 0.013888888888888888
7 0.703125 0.65 0.0046875 0.013888888888888888
7 0.69453125 0.6881944444444444 0.0046875 0.015277777777777777
7 0.7125 0.6 0.00625 0.019444444444444445
7 0.7203125 0.5743055555555555 0.00625 0.0125
7 0.725390625 0.6229166666666667 0.00703125 0.020833333333333332
7 0.737109375 0.59375 0.00546875 0.018055555555555554
7 0.778125 0.5145833333333333 0.00625 0.015277777777777777
7 0.774609375 0.4777777777777778 0.00390625 0.019444444444444445
7 0.791015625 0.5979166666666667 0.00703125 0.015277777777777777
7 0.555078125 0.22569444444444445 0.00390625 0.0125
7 0.51953125 0.8354166666666667 0.009375 0.015277777777777777
7 0.579296875 0.86875 0.00703125 0.018055555555555554
7 0.587109375 0.9340277777777778 0.00546875 0.015277777777777777
7 0.597265625 0.9145833333333333 0.00859375 0.020833333333333332
7 0.60859375 0.8833333333333333 0.0078125 0.013888888888888888
7 0.472265625 0.7659722222222223 0.00546875 0.0125
7 0.50625 0.78125 0.00625 0.018055555555555554
7 0.4640625 0.73125 0.0046875 0.018055555555555554
7 0.422265625 0.725 0.00703125 0.013888888888888888
7 0.409375 0.9138888888888889 0.0078125 0.016666666666666666
7 0.4359375 0.9152777777777777 0.0078125 0.022222222222222223
7 0.403515625 0.8722222222222222 0.00703125 0.022222222222222223
7 0.45703125 0.9763888888888889 0.0078125 0.019444444444444445
7 0.24296875 0.8409722222222222 0.0078125 0.02638888888888889
7 0.205078125 0.4583333333333333 0.00546875 0.013888888888888888
7 0.173828125 0.43333333333333335 0.00390625 0.011111111111111112
7 0.687890625 0.027777777777777776 0.00546875 0.013888888888888888
7 0.62578125 0.45902777777777776 0.00625 0.015277777777777777
7 0.61796875 0.45902777777777776 0.009375 0.009722222222222222
