7 0.48046875 0.41388888888888886 0.0203125 0.041666666666666664
7 0.2140625 0.3736111111111111 0.0234375 0.1111111111111111
7 0.286328125 0.33194444444444443 0.01484375 0.041666666666666664
7 0.28984375 0.3284722222222222 0.009375 0.043055555555555555
7 0.605859375 0.3284722222222222 0.00859375 0.018055555555555554
7 0.64375 0.28055555555555556 0.009375 0.022222222222222223
7 0.5546875 0.3 0.0046875 0.016666666666666666
7 0.5984375 0.28402777777777777 0.0078125 0.015277777777777777
7 0.580859375 0.2833333333333333 0.00703125 0.013888888888888888
7 0.35625 0.29583333333333334 0.00625 0.022222222222222223
7 0.46171875 0.28402777777777777 0.00625 0.009722222222222222
7 0.188671875 0.34305555555555556 0.02265625 0.044444444444444446
