7 0.3975 0.4707547169811321 0.029 0.08867924528301886
7 0.3625 0.4037735849056604 0.051 0.0830188679245283
7 0.144 0.6075471698113207 0.058 0.10566037735849057
7 0.1075 0.869811320754717 0.089 0.1169811320754717
7 0.7275 0.27452830188679245 0.029 0.06981132075471698
7 0.2485 0.19811320754716982 0.035 0.05660377358490566
7 0.8055 0.27452830188679245 0.017 0.06981132075471698
7 0.877 0.360377358490566 0.018 0.06792452830188679
7 0.5235 0.9047169811320754 0.039 0.1490566037735849
7 0.5395 0.9292452830188679 0.031 0.13018867924528302
7 0.258 0.14528301886792452 0.018 0.04905660377358491
