7 0.460546875 0.09513888888888888 0.00546875 0.018055555555555554
7 0.465625 0.09930555555555555 0.0078125 0.020833333333333332
7 0.34453125 0.20555555555555555 0.00625 0.013888888888888888
7 0.349609375 0.19583333333333333 0.00859375 0.013888888888888888
7 0.338671875 0.21666666666666667 0.00703125 0.013888888888888888
7 0.323828125 0.4166666666666667 0.00703125 0.011111111111111112
7 0.296875 0.41458333333333336 0.00625 0.0125
7 0.30078125 0.4340277777777778 0.0078125 0.009722222222222222
7 0.279296875 0.8430555555555556 0.01328125 0.019444444444444445
7 0.299609375 0.8930555555555556 0.01015625 0.016666666666666666
7 0.421484375 0.2590277777777778 0.00859375 0.015277777777777777
7 0.4453125 0.2638888888888889 0.00625 0.016666666666666666
7 0.451953125 0.29791666666666666 0.00859375 0.015277777777777777
7 0.401953125 0.37569444444444444 0.00703125 0.0125
7 0.40859375 0.375 0.00625 0.011111111111111112
7 0.40078125 0.5569444444444445 0.009375 0.016666666666666666
7 0.398046875 0.7097222222222223 0.00859375 0.016666666666666666
7 0.3703125 0.7201388888888889 0.0078125 0.018055555555555554
7 0.369921875 0.7576388888888889 0.01015625 0.018055555555555554
7 0.403125 0.8826388888888889 0.0109375 0.02361111111111111
7 0.390625 0.8805555555555555 0.0109375 0.022222222222222223
7 0.480859375 0.5909722222222222 0.00859375 0.018055555555555554
7 0.50234375 0.55 0.0109375 0.022222222222222223
7 0.51328125 0.5861111111111111 0.0109375 0.022222222222222223
7 0.51171875 0.6131944444444445 0.009375 0.018055555555555554
7 0.51328125 0.4951388888888889 0.0078125 0.018055555555555554
7 0.491015625 0.3333333333333333 0.00703125 0.013888888888888888
7 0.505859375 0.14930555555555555 0.00859375 0.015277777777777777
7 0.521875 0.13541666666666666 0.0078125 0.015277777777777777
7 0.56796875 0.01875 0.0046875 0.009722222222222222
7 0.61171875 0.05347222222222222 0.00625 0.009722222222222222
7 0.609375 0.06458333333333334 0.00625 0.0125
7 0.6171875 0.06458333333333334 0.0046875 0.018055555555555554
7 0.616796875 0.08194444444444444 0.00546875 0.016666666666666666
7 0.623046875 0.08263888888888889 0.00546875 0.015277777777777777
7 0.625 0.07222222222222222 0.0046875 0.013888888888888888
7 0.6109375 0.013194444444444444 0.0046875 0.0125
7 0.626953125 0.09236111111111112 0.00546875 0.0125
7 0.64765625 0.11041666666666666 0.00625 0.018055555555555554
7 0.644921875 0.12291666666666666 0.00546875 0.009722222222222222
7 0.71328125 0.2388888888888889 0.0078125 0.013888888888888888
7 0.72421875 0.26319444444444445 0.00625 0.0125
7 0.71875 0.26666666666666666 0.00625 0.011111111111111112
7 0.738671875 0.27152777777777776 0.00546875 0.0125
7 0.739453125 0.29444444444444445 0.00703125 0.011111111111111112
7 0.919140625 0.7138888888888889 0.00859375 0.019444444444444445
