7 0.3735 0.2528301886792453 0.029 0.045283018867924525
7 0.7185 0.22358490566037736 0.013 0.02830188679245283
7 0.216 0.33773584905660375 0.036 0.11320754716981132
7 0.199 0.3433962264150943 0.028 0.11320754716981132
7 0.7425 0.5990566037735849 0.035 0.07358490566037736
7 0.4165 0.2528301886792453 0.011 0.045283018867924525
7 0.433 0.2518867924528302 0.012 0.04716981132075472
7 0.9485 0.3009433962264151 0.011 0.04716981132075472
7 0.989 0.34056603773584904 0.016 0.04339622641509434
7 0.902 0.3009433962264151 0.016 0.03962264150943396
7 0.86 0.27264150943396226 0.014 0.035849056603773584
7 0.8315 0.28962264150943395 0.011 0.03962264150943396
7 0.8225 0.2490566037735849 0.011 0.026415094339622643
7 0.6085 0.22452830188679246 0.007 0.022641509433962263
7 0.622 0.22547169811320755 0.008 0.020754716981132074
7 0.569 0.22452830188679246 0.008 0.022641509433962263
7 0.5865 0.22169811320754718 0.007 0.020754716981132074
7 0.7795 0.25 0.011 0.03207547169811321
7 0.7965 0.2528301886792453 0.009 0.022641509433962263
7 0.7415 0.23113207547169812 0.007 0.02830188679245283
7 0.5565 0.23018867924528302 0.007 0.022641509433962263
7 0.699 0.219811320754717 0.008 0.020754716981132074
7 0.7625 0.24056603773584906 0.017 0.03962264150943396
7 0.758 0.23962264150943396 0.014 0.04905660377358491
