7 0.3565 0.2169811320754717 0.037 0.1018867924528302
7 0.4435 0.2339622641509434 0.039 0.09811320754716982
7 0.274 0.35188679245283017 0.048 0.13018867924528302
7 0.2395 0.28773584905660377 0.039 0.09245283018867924
7 0.8915 0.4367924528301887 0.031 0.1
7 0.768 0.34056603773584904 0.014 0.08867924528301886
7 0.7575 0.3330188679245283 0.009 0.09245283018867924
7 0.1635 0.5245283018867924 0.063 0.13962264150943396
7 0.2765 0.1311320754716981 0.013 0.07358490566037736
7 0.2635 0.12735849056603774 0.019 0.07735849056603773
7 0.3505 0.014150943396226415 0.015 0.024528301886792454
