7 0.1935 0.4509433962264151 0.051 0.06792452830188679
7 0.2965 0.5877358490566038 0.057 0.08113207547169811
7 0.3875 0.25754716981132075 0.033 0.09245283018867924
7 0.239 0.2990566037735849 0.022 0.08113207547169811
7 0.2925 0.1179245283018868 0.015 0.05471698113207547
7 0.278 0.09811320754716982 0.014 0.052830188679245285
7 0.3635 0.180188679245283 0.015 0.05471698113207547
7 0.3235 0.14528301886792452 0.015 0.052830188679245285
7 0.387 0.1349056603773585 0.018 0.062264150943396226
7 0.8765 0.3122641509433962 0.039 0.08490566037735849
