7 0.336 0.24245283018867925 0.032 0.08490566037735849
7 0.7195 0.08490566037735849 0.023 0.04905660377358491
7 0.2975 0.03490566037735849 0.025 0.0660377358490566
7 0.184 0.529245283018868 0.056 0.15660377358490565
7 0.5125 0.419811320754717 0.047 0.13773584905660377
7 0.6115 0.49433962264150944 0.051 0.12075471698113208
7 0.3065 0.1877358490566038 0.033 0.08490566037735849
7 0.2965 0.13018867924528302 0.015 0.06792452830188679
7 0.411 0.04433962264150943 0.022 0.05471698113207547
7 0.3495 0.1320754716981132 0.029 0.07547169811320754
7 0.284 0.1339622641509434 0.014 0.06415094339622641
