7 0.28359375 0.01875 0.00625 0.0125
7 0.26796875 0.04236111111111111 0.0125 0.018055555555555554
7 0.301171875 0.37430555555555556 0.01015625 0.015277777777777777
7 0.378125 0.5083333333333333 0.0109375 0.022222222222222223
7 0.362890625 0.5166666666666667 0.00859375 0.016666666666666666
7 0.38046875 0.5493055555555556 0.0109375 0.020833333333333332
7 0.4 0.5583333333333333 0.0109375 0.019444444444444445
7 0.412890625 0.5479166666666667 0.01015625 0.020833333333333332
7 0.371875 0.5902777777777778 0.0109375 0.019444444444444445
7 0.401953125 0.6076388888888888 0.01171875 0.02361111111111111
7 0.447265625 0.9125 0.01171875 0.022222222222222223
7 0.3796875 0.9305555555555556 0.0125 0.019444444444444445
7 0.384765625 0.9652777777777778 0.01015625 0.016666666666666666
7 0.33046875 0.8909722222222223 0.0125 0.02361111111111111
7 0.605859375 0.9152777777777777 0.01171875 0.022222222222222223
7 0.566015625 0.7680555555555556 0.01171875 0.025
7 0.536328125 0.74375 0.01328125 0.02638888888888889
7 0.57890625 0.7430555555555556 0.0109375 0.019444444444444445
7 0.5453125 0.6215277777777778 0.0109375 0.029166666666666667
7 0.5296875 0.5743055555555555 0.0140625 0.02361111111111111
7 0.487109375 0.5645833333333333 0.01015625 0.018055555555555554
7 0.540625 0.5243055555555556 0.0109375 0.018055555555555554
7 0.6328125 0.7430555555555556 0.0125 0.022222222222222223
7 0.64140625 0.8673611111111111 0.0109375 0.02361111111111111
7 0.69296875 0.17291666666666666 0.0078125 0.018055555555555554
7 0.691796875 0.2 0.01015625 0.016666666666666666
7 0.6921875 0.22569444444444445 0.009375 0.020833333333333332
7 0.69140625 0.24722222222222223 0.0078125 0.016666666666666666
7 0.723046875 0.25 0.00859375 0.019444444444444445
7 0.722265625 0.2722222222222222 0.00703125 0.016666666666666666
7 0.72578125 0.2916666666666667 0.0078125 0.016666666666666666
7 0.70703125 0.3763888888888889 0.0078125 0.016666666666666666
7 0.282421875 0.875 0.00859375 0.019444444444444445
