7 0.3828125 0.5180555555555556 0.03125 0.10555555555555556
7 0.3265625 0.10416666666666667 0.009375 0.041666666666666664
7 0.39375 0.3784722222222222 0.015625 0.06805555555555555
7 0.428125 0.4076388888888889 0.01875 0.059722222222222225
7 0.49765625 0.43680555555555556 0.03125 0.07083333333333333
7 0.49375 0.3236111111111111 0.01875 0.05277777777777778
7 0.4734375 0.26319444444444445 0.01875 0.05138888888888889
7 0.5546875 0.5909722222222222 0.0296875 0.09861111111111111
7 0.728515625 0.4041666666666667 0.02421875 0.07222222222222222
7 0.372265625 0.15208333333333332 0.00859375 0.03194444444444444
7 0.558984375 0.15416666666666667 0.01015625 0.05
7 0.58515625 0.16597222222222222 0.0140625 0.043055555555555555
7 0.541015625 0.15069444444444444 0.01171875 0.04027777777777778
7 0.278515625 0.9618055555555556 0.04296875 0.07083333333333333
