7 0.2405 0.2669811320754717 0.015 0.07735849056603773
7 0.569 0.5330188679245284 0.034 0.09622641509433963
7 0.581 0.3018867924528302 0.016 0.03773584905660377
7 0.734 0.2518867924528302 0.014 0.02830188679245283
7 0.911 0.3424528301886792 0.018 0.06981132075471698
7 0.7025 0.23113207547169812 0.009 0.035849056603773584
7 0.6475 0.23679245283018868 0.011 0.024528301886792454
7 0.491 0.2339622641509434 0.012 0.022641509433962263
7 0.283 0.2509433962264151 0.02 0.06792452830188679
7 0.529 0.2160377358490566 0.02 0.03962264150943396
