7 0.799 0.37735849056603776 0.024 0.06037735849056604
7 0.8645 0.35188679245283017 0.033 0.05471698113207547
7 0.781 0.41132075471698115 0.032 0.07924528301886792
7 0.7305 0.310377358490566 0.013 0.03962264150943396
7 0.709 0.3 0.018 0.04905660377358491
7 0.639 0.25566037735849056 0.012 0.04716981132075472
7 0.6235 0.8556603773584905 0.033 0.13773584905660377
7 0.5945 0.8490566037735849 0.033 0.13962264150943396
7 0.524 0.2160377358490566 0.012 0.03207547169811321
7 0.5305 0.21320754716981133 0.009 0.033962264150943396
7 0.249 0.21132075471698114 0.01 0.018867924528301886
7 0.4755 0.2 0.011 0.022641509433962263
7 0.534 0.22924528301886793 0.01 0.035849056603773584
