7 0.935546875 0.5354166666666667 0.02109375 0.05416666666666667
7 0.759375 0.2791666666666667 0.0171875 0.022222222222222223
7 0.72421875 0.28125 0.0140625 0.02361111111111111
7 0.6984375 0.3854166666666667 0.0140625 0.034722222222222224
7 0.54296875 0.4979166666666667 0.0171875 0.05694444444444444
7 0.5453125 0.5020833333333333 0.015625 0.059722222222222225
7 0.43203125 0.2861111111111111 0.0046875 0.016666666666666666
7 0.31796875 0.28958333333333336 0.009375 0.018055555555555554
7 0.537890625 0.3909722222222222 0.01015625 0.0375
7 0.533203125 0.28958333333333336 0.00546875 0.018055555555555554
7 0.170703125 0.35694444444444445 0.01640625 0.10277777777777777
7 0.164453125 0.34305555555555556 0.01484375 0.09722222222222222
7 0.374609375 0.28402777777777777 0.00390625 0.015277777777777777
