7 0.0755 0.2320754716981132 0.027 0.10566037735849057
7 0.5175 0.2537735849056604 0.013 0.03962264150943396
7 0.408 0.22075471698113208 0.012 0.03773584905660377
7 0.5715 0.180188679245283 0.011 0.03207547169811321
7 0.687 0.1641509433962264 0.006 0.026415094339622643
7 0.6985 0.16037735849056603 0.011 0.03018867924528302
7 0.5935 0.17830188679245282 0.011 0.020754716981132074
7 0.453 0.39528301886792455 0.028 0.0660377358490566
7 0.797 0.16792452830188678 0.012 0.022641509433962263
7 0.9115 0.16226415094339622 0.017 0.022641509433962263
7 0.395 0.18962264150943398 0.014 0.035849056603773584
