7 0.0715 0.23113207547169812 0.025 0.10754716981132076
7 0.5005 0.2358490566037736 0.011 0.033962264150943396
7 0.4375 0.3320754716981132 0.017 0.04150943396226415
7 0.6935 0.19622641509433963 0.011 0.03018867924528302
7 0.695 0.1632075471698113 0.01 0.03962264150943396
7 0.7025 0.15943396226415094 0.009 0.04339622641509434
7 0.849 0.1632075471698113 0.014 0.024528301886792454
7 0.9725 0.16132075471698112 0.021 0.03962264150943396
7 0.619 0.1830188679245283 0.008 0.033962264150943396
7 0.6085 0.19811320754716982 0.007 0.033962264150943396
7 0.402 0.20566037735849058 0.014 0.03018867924528302
