7 0.9185 0.3905660377358491 0.035 0.06792452830188679
7 0.911 0.29339622641509433 0.02 0.0509433962264151
7 0.6665 0.219811320754717 0.011 0.02830188679245283
7 0.653 0.6113207547169811 0.048 0.10566037735849057
7 0.542 0.2849056603773585 0.018 0.03018867924528302
7 0.8045 0.30943396226415093 0.015 0.04905660377358491
7 0.8785 0.3141509433962264 0.015 0.04716981132075472
7 0.9695 0.32075471698113206 0.015 0.04905660377358491
7 0.962 0.37169811320754714 0.014 0.04905660377358491
7 0.748 0.23113207547169812 0.01 0.024528301886792454
7 0.7235 0.22547169811320755 0.011 0.020754716981132074
7 0.369 0.23773584905660378 0.01 0.03773584905660377
7 0.563 0.2188679245283019 0.01 0.011320754716981131
7 0.798 0.2528301886792453 0.012 0.033962264150943396
7 0.921 0.20471698113207548 0.014 0.03207547169811321
7 0.9465 0.20754716981132076 0.015 0.03018867924528302
