7 0.3375 0.24528301886792453 0.023 0.033962264150943396
7 0.608 0.42641509433962266 0.034 0.052830188679245285
7 0.2095 0.28679245283018867 0.019 0.06415094339622641
7 0.2235 0.28962264150943395 0.021 0.06981132075471698
7 0.949 0.360377358490566 0.026 0.06415094339622641
7 0.911 0.3339622641509434 0.012 0.06792452830188679
7 0.882 0.34056603773584904 0.014 0.05849056603773585
7 0.83 0.2849056603773585 0.014 0.03773584905660377
7 0.776 0.24245283018867925 0.012 0.02830188679245283
7 0.6625 0.2339622641509434 0.009 0.022641509433962263
7 0.6775 0.22264150943396227 0.007 0.026415094339622643
7 0.3695 0.23679245283018868 0.013 0.02830188679245283
7 0.3875 0.2481132075471698 0.009 0.03207547169811321
7 0.5065 0.22169811320754718 0.005 0.020754716981132074
7 0.535 0.22264150943396227 0.006 0.026415094339622643
7 0.7445 0.24245283018867925 0.009 0.035849056603773584
7 0.75 0.2481132075471698 0.006 0.02830188679245283
7 0.928 0.20849056603773586 0.016 0.03207547169811321
