7 0.42 0.12830188679245283 0.034 0.08679245283018867
7 0.35 0.09716981132075472 0.028 0.08113207547169811
7 0.27 0.07547169811320754 0.016 0.06792452830188679
7 0.1865 0.3443396226415094 0.053 0.12264150943396226
7 0.285 0.21509433962264152 0.03 0.07924528301886792
7 0.715 0.1018867924528302 0.026 0.04905660377358491
7 0.869 0.4707547169811321 0.032 0.12264150943396226
7 0.847 0.4669811320754717 0.03 0.12264150943396226
7 0.246 0.2009433962264151 0.028 0.09245283018867924
7 0.264 0.07075471698113207 0.016 0.06981132075471698
7 0.92 0.2839622641509434 0.03 0.11132075471698114
7 0.5955 0.03679245283018868 0.021 0.05849056603773585
