7 0.069921875 0.6868055555555556 0.01484375 0.02638888888888889
7 0.124609375 0.7180555555555556 0.01015625 0.022222222222222223
7 0.1140625 0.7479166666666667 0.0125 0.020833333333333332
7 0.30078125 0.7534722222222222 0.009375 0.018055555555555554
7 0.25625 0.74375 0.009375 0.015277777777777777
7 0.232421875 0.36736111111111114 0.00703125 0.0125
7 0.29375 0.015277777777777777 0.0046875 0.016666666666666666
7 0.290234375 0.03125 0.00546875 0.015277777777777777
7 0.27421875 0.10625 0.00625 0.009722222222222222
7 0.275390625 0.13055555555555556 0.00546875 0.008333333333333333
7 0.2859375 0.12430555555555556 0.0046875 0.009722222222222222
7 0.294140625 0.1375 0.00546875 0.011111111111111112
7 0.274609375 0.16597222222222222 0.00546875 0.015277777777777777
7 0.280078125 0.22361111111111112 0.00703125 0.016666666666666666
7 0.298828125 0.26180555555555557 0.00546875 0.018055555555555554
7 0.305859375 0.2625 0.00546875 0.013888888888888888
7 0.303515625 0.2826388888888889 0.00546875 0.009722222222222222
7 0.2921875 0.3472222222222222 0.0078125 0.013888888888888888
7 0.287890625 0.32083333333333336 0.00703125 0.011111111111111112
7 0.29765625 0.3173611111111111 0.0078125 0.0125
7 0.3203125 0.36666666666666664 0.00625 0.013888888888888888
7 0.321875 0.38263888888888886 0.00625 0.0125
7 0.32734375 0.40694444444444444 0.0078125 0.013888888888888888
7 0.313671875 0.4173611111111111 0.00859375 0.0125
7 0.3671875 0.9243055555555556 0.009375 0.018055555555555554
7 0.469921875 0.94375 0.01171875 0.020833333333333332
7 0.50703125 0.8298611111111112 0.0109375 0.020833333333333332
7 0.476953125 0.7256944444444444 0.01015625 0.018055555555555554
7 0.4234375 0.6180555555555556 0.009375 0.013888888888888888
7 0.45234375 0.6020833333333333 0.0078125 0.0125
7 0.3984375 0.4131944444444444 0.0078125 0.015277777777777777
7 0.400390625 0.37569444444444444 0.00703125 0.0125
7 0.387890625 0.3611111111111111 0.00703125 0.013888888888888888
7 0.381640625 0.36875 0.00859375 0.0125
7 0.3640625 0.31527777777777777 0.00625 0.011111111111111112
7 0.37734375 0.2791666666666667 0.0078125 0.013888888888888888
7 0.353515625 0.2375 0.00703125 0.013888888888888888
7 0.365234375 0.22708333333333333 0.00703125 0.015277777777777777
7 0.362890625 0.20347222222222222 0.00546875 0.009722222222222222
7 0.358984375 0.18958333333333333 0.00546875 0.0125
7 0.340234375 0.15208333333333332 0.00703125 0.0125
7 0.34609375 0.14305555555555555 0.00625 0.011111111111111112
7 0.352734375 0.1625 0.00703125 0.013888888888888888
7 0.34609375 0.09305555555555556 0.0046875 0.008333333333333333
7 0.345703125 0.07291666666666667 0.00546875 0.0125
7 0.34375 0.05416666666666667 0.0046875 0.011111111111111112
7 0.340625 0.014583333333333334 0.0046875 0.0125
7 0.343359375 0.02638888888888889 0.00546875 0.013888888888888888
7 0.523828125 0.01875 0.00703125 0.015277777777777777
7 0.62265625 0.17291666666666666 0.009375 0.020833333333333332
7 0.65703125 0.28958333333333336 0.00625 0.0125
7 0.58828125 0.8631944444444445 0.0109375 0.034722222222222224
