7 0.446875 0.8458333333333333 0.009375 0.025
7 0.44140625 0.6902777777777778 0.009375 0.019444444444444445
7 0.462109375 0.64375 0.00546875 0.02361111111111111
7 0.44140625 0.5944444444444444 0.0109375 0.025
7 0.426953125 0.5819444444444445 0.00703125 0.016666666666666666
7 0.437109375 0.5520833333333334 0.01015625 0.018055555555555554
7 0.36328125 0.7493055555555556 0.0078125 0.015277777777777777
7 0.401171875 0.8076388888888889 0.00546875 0.015277777777777777
7 0.3328125 0.6076388888888888 0.0078125 0.018055555555555554
7 0.34609375 0.5965277777777778 0.0078125 0.018055555555555554
7 0.24453125 0.8597222222222223 0.0078125 0.016666666666666666
7 0.294140625 0.8777777777777778 0.01015625 0.013888888888888888
7 0.28203125 0.8680555555555556 0.009375 0.016666666666666666
7 0.294921875 0.7541666666666667 0.00546875 0.011111111111111112
7 0.29375 0.7305555555555555 0.00625 0.013888888888888888
7 0.295703125 0.7111111111111111 0.00703125 0.013888888888888888
